1.5435389280319214
1.47954523563385
0.23149289190769196
1.2418164014816284
0.6426804661750793
0.6010639667510986
0.2177378535270691
0.023574553430080414
0.16969700157642365
0.9838177561759949
0.9660656452178955
1.0481948852539062
0.46734756231307983
-0.07692533731460571
0.9925727248191833
0.7857473492622375
0.7462730407714844
1.0367751121520996
0.7309933304786682
0.8706296682357788
1.6345289945602417
0.4837780296802521
1.0931603908538818
0.4120277762413025
0.6841139197349548
0.8271641731262207
0.3800775408744812
0.48178040981292725
0.5456386804580688
0.8143627643585205
1.029301404953003
0.5512914061546326
0.7618833780288696
0.42212313413619995
0.5199517011642456
0.7388373017311096
0.7544890642166138
0.37525397539138794
1.2052289247512817
0.6290429830551147
0.20997510850429535
0.516471266746521
0.44915831089019775
0.8063418865203857
0.05782566964626312
0.5039300322532654
0.011387623846530914
0.92540043592453
0.31132972240448
0.5394735336303711
0.6497605443000793
0.6599752902984619
0.3732859194278717
0.21533367037773132
0.8410882353782654
0.5052048563957214
0.3200930655002594
0.44228678941726685
0.6255427598953247
0.9661383628845215
0.5224506258964539
0.538384735584259
0.9697513580322266
0.40834319591522217
0.5984972715377808
0.9157083630561829
0.6081467866897583
0.333579421043396
0.7326135635375977
0.5191163420677185
0.39554324746131897
0.6581994295120239
0.5829378366470337
0.9360060691833496
0.5169363617897034
0.0550101138651371
0.1946181207895279
0.496011346578598
0.6393477916717529
0.6376339793205261
0.9670976996421814
0.4971610903739929
0.3953353762626648
0.4614103138446808
0.7787839770317078
0.6331181526184082
0.6071624159812927
0.368722140789032
0.2629758417606354
0.09252599626779556
0.4547666013240814
0.3802965581417084
0.4619598686695099
0.5592207312583923
0.7754167914390564
0.8869820833206177
0.4864499270915985
0.11336605995893478
0.5495420098304749
0.3456333577632904
-0.03712844103574753
0.16026395559310913
0.3808678090572357
0.6800087094306946
0.5006819367408752
0.11165283620357513
0.3602541387081146
0.494137704372406
0.4919443428516388
0.3288184404373169
0.742950439453125
0.21267181634902954
0.24727030098438263
0.8022029995918274
0.2644910514354706
0.4462254047393799
0.4716867506504059
0.38407379388809204
0.4663776755332947
0.3115319311618805
0.338585764169693
0.29084891080856323
0.38438019156455994
0.3356812596321106
0.4015093743801117
1.000949501991272
1.0494824647903442
0.45678555965423584
0.1886933147907257
0.38569891452789307
0.41235074400901794
0.12224173545837402
0.8398076891899109
0.34554237127304077
0.38568031787872314
0.4513365626335144
0.4138210713863373
0.29189226031303406
1.0723352432250977
1.5786710977554321
1.4368913173675537
1.0913677215576172
0.9291583299636841
1.4128988981246948
0.7647550106048584
0.9956724643707275
0.486941933631897
1.0816913843154907
1.0712193250656128
1.248749852180481
0.9360103607177734
0.9360103607177734
0.9227568507194519
0.7740350961685181
0.7740350961685181
0.6310154795646667
1.1047435998916626
0.8642463684082031
0.8642463684082031
0.9921808242797852
0.6088024377822876
0.575355589389801
1.4932003021240234
1.0846928358078003
1.0846928358078003
1.3659998178482056
1.2856415510177612
0.9929319024085999
0.31833115220069885
0.6967108249664307
1.2134231328964233
1.3135837316513062
1.1445112228393555
0.8925713896751404
0.4880908131599426
0.6032853126525879
1.056365728378296
0.18443305790424347
1.0326454639434814
0.5607405304908752
1.0226936340332031
-0.018951645120978355
0.516356348991394
0.15845218300819397
0.2172158807516098
0.4220711886882782
0.45281463861465454
0.3528062403202057
1.1830122470855713
0.2608681619167328
0.5625177621841431
0.7534040212631226
0.5254421234130859
0.04435376450419426
0.3077484965324402
0.2448033094406128
1.181545615196228
1.1023852825164795
0.1689605712890625
1.2356574535369873
0.45394232869148254
0.7418344020843506
0.6470263600349426
0.31208786368370056
0.49127131700515747
0.4239303171634674
0.25946304202079773
0.3627796471118927
0.4047072231769562
0.2638333737850189
0.24758365750312805
0.3088953197002411
0.6569555997848511
0.6794595718383789
0.9012988209724426
0.5030384659767151
0.9712517857551575
0.41558581590652466
0.8275036215782166
1.104008674621582
0.5915110111236572
0.2672804296016693
0.8587807416915894
0.3946971297264099
1.2072287797927856
0.6509250402450562
1.2296161651611328
0.43161264061927795
1.2134658098220825
0.6931595802307129
0.5492677688598633
0.6862952709197998
0.5317713022232056
0.7143071889877319
0.552182674407959
1.1944154500961304
0.18778955936431885
1.1144282817840576
0.7379774451255798
0.5304192900657654
0.8143918514251709
0.6976469159126282
0.3693462610244751
0.669216513633728
0.6913201212882996
0.7223694920539856
0.8880599737167358
0.5982909202575684
0.6218869686126709
0.2285444289445877
0.4136640429496765
0.42390695214271545
0.13217653334140778
0.1321164071559906
0.0860772654414177
0.5106016397476196
0.3444975018501282
0.3796069324016571
0.359884649515152
0.30362704396247864
0.24128630757331848
0.4765186607837677
0.11000819504261017
0.096075639128685
0.1623668074607849
0.7059193253517151
0.3037259876728058
0.8785783648490906
0.43674105405807495
0.2255437821149826
0.4950188100337982
0.17448754608631134
0.22156375646591187
0.15174633264541626
0.039219267666339874
-0.2408001720905304
0.134063720703125
0.07913617789745331
0.1220167949795723
0.20963364839553833
0.22425778210163116
0.29189226031303406
0.29189226031303406
0.29189226031303406
0.29189226031303406
0.29189226031303406
0.29189226031303406
0.29189226031303406
0.29189226031303406
0.29189226031303406
0.29189226031303406
0.5000469088554382
0.9574825167655945
0.6509472727775574
1.3689000606536865
1.1815210580825806
0.9040449261665344
0.4884915351867676
0.46189063787460327
0.44765156507492065
0.09244959056377411
0.7291086912155151
0.9628239870071411
0.38459512591362
-0.099126897752285
0.9622133374214172
1.212532877922058
0.30588841438293457
0.6493908166885376
0.61003178358078
0.8166969418525696
0.637188196182251
1.3292477130889893
-0.07680272310972214
0.5217552781105042
0.7521669864654541
0.6869074106216431
0.7991028428077698
0.8426074385643005
0.5822874903678894
0.5925391912460327
0.544883131980896
0.6483641266822815
0.15339767932891846
0.9578865766525269
0.3066049814224243
0.30731672048568726
0.5621129870414734
-0.09028664976358414
0.6108561754226685
0.9435980916023254
0.5590061545372009
0.2706708610057831
1.0251095294952393
0.47873789072036743
0.8024258613586426
0.4364025294780731
0.8312408328056335
0.6358579397201538
0.7352281212806702
0.28755098581314087
0.49964064359664917
0.018622159957885742
0.49072903394699097
-0.03886673226952553
0.3912357985973358
0.6812590956687927
0.5238488912582397
0.031846582889556885
0.04163910821080208
0.6704493165016174
0.5328165888786316
-0.07498885691165924
0.21646744012832642
0.14868801832199097
0.5622782111167908
0.5524023771286011
0.4208386242389679
0.2931223511695862
0.028711050748825073
0.5333437919616699
0.5147470831871033
0.8977160453796387
0.512537956237793
0.5177731513977051
0.36214905977249146
0.07817103713750839
0.6579338908195496
0.3926987946033478
0.5133334398269653
0.39902153611183167
0.17704179883003235
0.4418492615222931
0.6416096091270447
0.28307750821113586
0.5057582259178162
0.21899953484535217
0.49326759576797485
0.36994102597236633
0.399610310792923
0.3750588297843933
0.509099543094635
0.4622661769390106
0.2975422739982605
0.5367631912231445
0.23000875115394592
0.3640110194683075
0.41217949986457825
0.25323328375816345
0.5990484952926636
0.4496699869632721
0.2145342081785202
0.6303777098655701
0.5657669305801392
0.5730246305465698
0.6468972563743591
0.43008220195770264
0.5864508152008057
1.1901726722717285
0.7227605581283569
0.5978270173072815
0.6219182014465332
0.6219182014465332
0.8853124976158142
0.5282632112503052
0.5282632112503052
0.18248815834522247
0.19637031853199005
0.5666311979293823
1.3277571201324463
0.0884244292974472
0.7590911388397217
0.46396878361701965
0.3403650224208832
0.5656130313873291
0.7133165001869202
0.8112214207649231
0.6462845802307129
0.9144188761711121
0.7092462778091431
0.35919299721717834
0.7782856822013855
0.18770480155944824
0.7240826487541199
0.5258328318595886
0.39839208126068115
0.5651789903640747
0.5956547260284424
0.4281744658946991
0.6821576356887817
0.8735600709915161
0.9731012582778931
0.43559280037879944
0.6426391005516052
0.2283952683210373
0.6773530840873718
0.6753153204917908
0.6897664070129395
0.9382892847061157
0.8029210567474365
0.5514095425605774
0.6664838790893555
0.29603633284568787
0.5621049404144287
0.6540560722351074
0.7906898856163025
0.7842177748680115
0.3324741721153259
0.1159813404083252
0.3745744526386261
0.08079785108566284
0.18167614936828613
0.864112913608551
0.6699900031089783
0.9145225882530212
0.6678277254104614
0.7803941369056702
0.6257338523864746
0.6378702521324158
0.6378702521324158
0.4952462613582611
0.4952462613582611
0.4952462613582611
0.4080984592437744
0.4080984592437744
0.4080984592437744
0.4080984592437744
0.4080984592437744
0.45745307207107544
0.3745775818824768
0.3745775818824768
0.3745775818824768
0.43468061089515686
0.24001799523830414
0.24001799523830414
0.5406624674797058
0.2461063116788864
0.003074905602261424
0.45020633935928345
0.49673643708229065
0.6151502132415771
-0.008642571046948433
0.3859952688217163
0.2792593836784363
0.3098750412464142
0.6508929133415222
0.5564332604408264
0.15408210456371307
0.28915512561798096
0.5598835945129395
0.5884209275245667
0.8334323763847351
0.5475163459777832
0.23295830190181732
0.35568493604660034
0.3113696873188019
0.550352931022644
0.2338288277387619
0.34155726432800293
0.29189226031303406
0.29189226031303406
0.29189226031303406
0.29189226031303406
0.29189226031303406
0.29189226031303406
0.29189226031303406
0.29189226031303406
0.29189226031303406
0.29189226031303406
0.29189226031303406
0.29189226031303406
0.29189226031303406
0.29189226031303406
0.29189226031303406
0.29189226031303406
0.29189226031303406
0.29189226031303406
0.29189226031303406
0.29189226031303406
0.29189226031303406
0.29189226031303406
0.29189226031303406
0.29189226031303406
0.29189226031303406
0.29189226031303406
0.29189226031303406
1.631534457206726
0.9698498845100403
0.9999271035194397
0.5862250924110413
0.44421622157096863
0.42428112030029297
0.7705414891242981
0.7144880294799805
0.3710252642631531
0.5945470929145813
0.6726821660995483
0.9106003642082214
0.634262204170227
0.06633339077234268
0.08279374986886978
0.33825668692588806
0.5187432169914246
0.3999425768852234
0.11177608370780945
0.15610888600349426
0.3305923640727997
0.366767942905426
0.1419430673122406
0.28015899658203125
0.3480873107910156
0.0823756530880928
0.5636550188064575
-0.09393737465143204
-0.09264302253723145
0.12450306117534637
0.6303991079330444
0.06181422248482704
0.07594031095504761
0.13621002435684204
-0.059633344411849976
0.8659529089927673
0.36532625555992126
0.12233766913414001
0.08556599915027618
-0.0483822301030159
0.11295606940984726
0.1655518114566803
0.16649115085601807
0.23136109113693237
0.5306364297866821
0.5306364297866821
0.2032082974910736
0.39998355507850647
0.10225269943475723
0.34980279207229614
0.2934369444847107
0.3901471197605133
0.18973712623119354
0.32626497745513916
0.41170814633369446
0.38597360253334045
0.23023758828639984
0.23023758828639984
0.07040521502494812
-0.09274928271770477
-0.09322661906480789
0.08905995637178421
-0.011796348728239536
0.25682157278060913
0.10813818871974945
0.3145294487476349
0.03206722065806389
0.20527593791484833
0.16287370026111603
0.042994942516088486
-0.10537717491388321
-0.06509780883789062
0.3418302834033966
0.20681717991828918
0.10203196108341217
-0.19351480901241302
0.2138473242521286
-0.0783279687166214
0.02826915867626667
0.632195234298706
0.21727816760540009
0.5016313195228577
0.17064227163791656
0.0753292664885521
0.03368329256772995
0.14110824465751648
0.10733220726251602
0.17387698590755463
0.11472273617982864
0.1347038745880127
0.16313506662845612
0.021321114152669907
0.3492879271507263
0.10983948409557343
0.05373144522309303
-0.003121332498267293
0.1154111847281456
0.03270445391535759
0.1323835253715515
0.5772293210029602
0.0031655170023441315
-0.11185237765312195
-0.09595242887735367
0.1311706155538559
0.18456454575061798
0.29189226031303406
0.29189226031303406
0.29189226031303406
0.29189226031303406
0.29189226031303406
0.29189226031303406
0.9345743060112
0.737170934677124
0.9548217058181763
0.9356063008308411
0.31780344247817993
0.7422101497650146
0.890697181224823
0.7126775979995728
0.5941976308822632
0.49611955881118774
0.8780094385147095
1.0103743076324463
0.45337945222854614
0.3851298391819
0.4673079550266266
0.3810296952724457
0.2809724807739258
0.3380124270915985
0.2080976963043213
0.0995069146156311
0.1830943524837494
0.4549340009689331
0.46003466844558716
0.46003466844558716
0.2570435106754303
0.6742958426475525
0.154973104596138
0.315360426902771
0.131424218416214
0.40372392535209656
0.29560837149620056
-0.1446356326341629
0.3849584460258484
0.3237089216709137
0.02472931146621704
0.9553858041763306
0.26835736632347107
-0.04121449589729309
0.3556492328643799
0.01691965013742447
0.549288272857666
0.3393266797065735
0.7506064772605896
0.4546988606452942
0.16593529284000397
0.1618470847606659
0.27729058265686035
0.7605292201042175
0.5246087312698364
0.21733112633228302
0.096588134765625
0.325033575296402
-0.19463486969470978
0.3775264024734497
0.3087065517902374
0.42741498351097107
1.6088391542434692
0.9760113954544067
1.2823805809020996
1.2136523723602295
1.1144980192184448
1.0331834554672241
1.267250895500183
1.1288847923278809
1.3158315420150757
1.4647520780563354
0.8709444999694824
0.5331373810768127
1.2135884761810303
1.0770208835601807
0.4548019766807556
1.058809757232666
1.058809757232666
0.8482030034065247
1.3608838319778442
0.3275362253189087
1.1403003931045532
0.7729628086090088
0.8705315589904785
0.656035304069519
0.2610160708427429
0.49484094977378845
1.0883691310882568
0.9469305276870728
0.28737252950668335
0.03543271869421005
0.5448974967002869
0.3521014451980591
0.9759954810142517
0.7487693428993225
0.6609160304069519
0.49337756633758545
0.9411014914512634
0.9411014914512634
0.18157806992530823
0.5204874873161316
0.15498319268226624
0.5436705946922302
0.16542690992355347
0.16596060991287231
0.5794036984443665
0.8846688270568848
0.2274658977985382
0.7568824887275696
0.4997576177120209
0.540763258934021
0.4820708930492401
0.6096273064613342
0.38859617710113525
0.49290844798088074
0.24013884365558624
0.8549625277519226
0.3820143938064575
0.39296993613243103
0.8158881664276123
0.1483919769525528
0.5450330376625061
0.8526244759559631
0.8526244759559631
0.6142804622650146
0.6537008881568909
0.277148962020874
0.5498591661453247
0.14747530221939087
0.3345892131328583
0.6046363115310669
0.6504878997802734
0.6268288493156433
0.6656180024147034
0.9403745532035828
0.3446022868156433
0.5212441682815552
0.5542769432067871
0.342184454202652
0.5175535678863525
0.16276977956295013
0.29313674569129944
0.8403457999229431
0.528793454170227
0.6988312005996704
0.36960241198539734
0.960085928440094
0.7248790860176086
1.044543981552124
0.438012033700943
0.34832990169525146
0.2580674886703491
0.7180541753768921
0.49595555663108826
0.7543169260025024
0.4777107238769531
0.5617436170578003
0.6378035545349121
0.6477133631706238
0.893490731716156
0.8960644602775574
0.7060213088989258
0.6592764854431152
0.5691838264465332
0.2009020894765854
0.6706231832504272
0.6822316646575928
0.8078994750976562
0.4369458258152008
0.5653756856918335
0.4087127447128296
0.5126769542694092
0.39756476879119873
0.5806135535240173
0.5609925985336304
0.6391092538833618
0.34633633494377136
0.7583377361297607
0.6597254872322083
1.261794090270996
0.38270965218544006
0.9678830504417419
0.42840519547462463
0.6619840264320374
0.6671074032783508
0.5039430856704712
0.47493061423301697
0.5058287978172302
0.6043387055397034
0.32559552788734436
0.4088633358478546
0.6125108599662781
0.5083585381507874
0.4118236005306244
0.4118236005306244
0.38443422317504883
0.3564244508743286
0.1600750982761383
0.6659438014030457
0.5306272506713867
0.4986627697944641
-0.04765870422124863
0.2141542136669159
0.0840817242860794
0.39027974009513855
0.21079863607883453
0.4244566559791565
0.2765645980834961
0.7699813842773438
0.6849483847618103
0.6076865792274475
0.5183310508728027
0.14583641290664673
0.2545246481895447
0.4211397171020508
0.6251358985900879
0.655772864818573
0.6335139870643616
0.5762920379638672
0.48334816098213196
1.223879337310791
0.9383131861686707
0.9962547421455383
0.0865577831864357
-0.02026238478720188
0.18219076097011566
0.2609652280807495
1.061452031135559
0.4064370095729828
0.3430173099040985
0.3701789379119873
0.08536111563444138
0.6662708520889282
0.44900646805763245
0.5702002644538879
0.6467310786247253
1.0985825061798096
0.33533626794815063
0.22797279059886932
0.29399290680885315
0.1263124942779541
0.12189134955406189
0.09792393445968628
0.6962314248085022
0.3276621103286743
0.20532697439193726
0.21279460191726685
0.2595565915107727
0.372800350189209
0.18166181445121765
0.5660878419876099
0.26999393105506897
0.7417724132537842
0.10579903423786163
0.25310179591178894
0.879284143447876
0.4215676784515381
0.572345495223999
0.45466211438179016
0.5085737109184265
0.29189226031303406
0.29189226031303406
0.29189226031303406
0.29189226031303406
0.29189226031303406
0.29189226031303406
0.29189226031303406
0.29189226031303406
0.8559213876724243
1.5479071140289307
1.5470621585845947
1.0511749982833862
1.356360673904419
1.1082837581634521
0.4757111370563507
1.0810009241104126
1.1359503269195557
0.5394855737686157
1.07913339138031
1.0214180946350098
0.973085343837738
0.973085343837738
0.9114908576011658
0.9114908576011658
1.1942113637924194
1.2119537591934204
0.7412183284759521
0.660368025302887
0.3827596604824066
0.4773263931274414
0.7154035568237305
0.24889922142028809
0.15153543651103973
0.8217874765396118
1.1239796876907349
0.5017294883728027
0.5071302056312561
0.506744921207428
0.2860439121723175
0.37790945172309875
0.8778643608093262
0.7146515250205994
0.23261690139770508
0.3439525365829468
0.3211999833583832
0.6741806864738464
0.29923802614212036
0.29189226031303406
0.29189226031303406
0.29189226031303406
-0.10078971832990646
0.20695506036281586
0.7314607501029968
1.0106936693191528
0.9551178812980652
0.38362395763397217
0.6126954555511475
0.8096473217010498
0.22613903880119324
-0.16560029983520508
0.011771587654948235
0.4612537622451782
-0.5874327421188354
-0.5644711256027222
0.12261219322681427
1.1327435970306396
0.3476249575614929
0.7534917593002319
0.26391124725341797
0.010157063603401184
0.19236508011817932
0.48813343048095703
0.2563583254814148
0.5183581709861755
-0.21181435883045197
-0.16961202025413513
0.2948189079761505
0.23458653688430786
0.3930610120296478
0.25806957483291626
0.17618685960769653
-0.19126896560192108
-0.032890405505895615
0.7329643964767456
0.03902318328619003
0.4473496377468109
1.0313191413879395
0.1683027297258377
0.07720713317394257
0.08413034677505493
0.31754764914512634
0.554670512676239
-0.07300408184528351
-0.4812333881855011
0.5554651021957397
0.32319319248199463
0.11774159967899323
0.7709457278251648
0.38862350583076477
0.18268169462680817
0.09391620010137558
0.24508701264858246
0.42697659134864807
0.4157477617263794
0.826292097568512
-0.009183498099446297
-0.30010977387428284
0.20951536297798157
0.24941885471343994
0.1405714601278305
-0.00380075816065073
-0.1563826948404312
0.11376754194498062
0.2751557230949402
0.5480268001556396
0.2409326583147049
0.6965018510818481
0.046246033161878586
0.13466674089431763
0.4005337953567505
0.5448628067970276
0.05618900805711746
0.09226614236831665
0.23654796183109283
0.792263925075531
0.3511917293071747
1.2281261682510376
0.9014803767204285
-0.16183669865131378
0.30885812640190125
1.2624211311340332
0.08611929416656494
0.2872377932071686
0.35192611813545227
0.40779274702072144
0.41792306303977966
0.07308211177587509
0.054740939289331436
0.6598252654075623
1.298059105873108
0.4492831826210022
0.23646391928195953
0.6104490756988525
0.40060755610466003
0.5613834261894226
0.006494706030935049
0.23645900189876556
0.4165353775024414
0.1766268014907837
0.07426857203245163
0.37861424684524536
0.6954605579376221
0.7135587334632874
0.5728403925895691
1.0224249362945557
0.06626632064580917
0.34257441759109497
0.09892496466636658
0.29885897040367126
0.2250799536705017
-0.19713065028190613
0.6353474259376526
0.4513621926307678
0.04190096631646156
0.3055897057056427
0.20941568911075592
0.32692188024520874
0.44859927892684937
-0.023957902565598488
0.5461965799331665
-0.08049001544713974
0.2542209327220917
0.5727878212928772
0.6724079251289368
0.3620077967643738
0.3193223476409912
-0.04233542084693909
0.15611198544502258
-0.10342565923929214
-0.14017732441425323
0.13587167859077454
-0.24942678213119507
-0.011509578675031662
0.41732504963874817
0.304402619600296
-0.26117143034935
0.07501582056283951
0.29189226031303406
0.29189226031303406
0.29189226031303406
0.6437533497810364
0.610307514667511
0.4810273051261902
1.297572374343872
0.5652868747711182
0.5364207029342651
0.7957909107208252
0.8263666033744812
0.6615159511566162
0.6694362759590149
0.6465654373168945
0.6277717351913452
0.7847055196762085
1.1821763515472412
0.8431214690208435
1.0909990072250366
0.29207029938697815
1.0321482419967651
0.6337261199951172
1.2523438930511475
1.2844399213790894
2.250088691711426
0.9053377509117126
1.4928101301193237
1.0530134439468384
-0.08562453091144562
1.2229183912277222
1.1171541213989258
-0.07710669189691544
1.5536738634109497
0.3747701048851013
0.47959548234939575
1.2699129581451416
0.361873060464859
0.5530094504356384
1.2891366481781006
0.7156583666801453
1.4517030715942383
0.44556376338005066
0.6789077520370483
0.4100974500179291
1.2932040691375732
0.531630277633667
0.05669853463768959
0.7717782258987427
0.40222370624542236
0.6564977765083313
0.10604344308376312
0.23225753009319305
0.34965917468070984
0.4807123839855194
0.49662744998931885
0.22196000814437866
0.1802000105381012
0.3459445536136627
0.30959320068359375
0.48316121101379395
0.12988629937171936
0.21816545724868774
0.844312846660614
0.41306430101394653
0.2147672176361084
1.0122735500335693
0.3127063810825348
0.2757008373737335
0.4381108283996582
0.8897078633308411
0.322364866733551
0.2202608287334442
0.6855508089065552
0.6855508089065552
0.7780745029449463
0.7321735620498657
0.7321735620498657
0.7321735620498657
0.78224116563797
0.78224116563797
0.78224116563797
0.7440668344497681
0.7299994230270386
0.2746173143386841
0.8798269629478455
0.915058434009552
0.22669973969459534
0.45703285932540894
0.7925209999084473
0.31125301122665405
0.2567397356033325
0.3281345069408417
0.16258250176906586
0.3548985719680786
0.2598114609718323
0.19862964749336243
0.13166901469230652
0.6536983847618103
0.29879170656204224
0.28162574768066406
0.39125296473503113
0.7780776619911194
0.2580408453941345
0.31453925371170044
0.2655845582485199
0.26795926690101624
0.26795926690101624
0.2167043834924698
0.22805121541023254
0.2980685532093048
0.2980685532093048
0.36991435289382935
0.29189226031303406
0.29189226031303406
0.29189226031303406
0.29189226031303406
0.29189226031303406
0.29189226031303406
0.29189226031303406
0.29189226031303406
0.29189226031303406
0.29189226031303406
0.29189226031303406
0.29189226031303406
0.29189226031303406
0.29189226031303406
0.29189226031303406
0.29189226031303406
0.29189226031303406
0.29189226031303406
0.29189226031303406
0.29189226031303406
0.29189226031303406
0.29189226031303406
1.0125430822372437
1.0763953924179077
1.1286474466323853
0.9104942679405212
0.5428764820098877
0.20252679288387299
0.21768927574157715
0.48491954803466797
0.2129458785057068
0.1492459774017334
0.4975246489048004
0.4898296594619751
0.30128878355026245
0.2689763903617859
0.27532899379730225
0.27532899379730225
0.2748894691467285
0.922142505645752
0.29189226031303406
0.29189226031303406
0.29189226031303406
0.29189226031303406
0.29189226031303406
0.29189226031303406
0.29189226031303406
0.29189226031303406
0.29189226031303406
0.29189226031303406
0.29189226031303406
0.29189226031303406
0.29189226031303406
0.29189226031303406
0.29189226031303406
0.29189226031303406
0.29189226031303406
0.29189226031303406
0.29189226031303406
0.29189226031303406
0.29189226031303406
0.29189226031303406
0.29189226031303406
0.29189226031303406
0.29189226031303406
0.29189226031303406
0.29189226031303406
0.29189226031303406
0.29189226031303406
0.29189226031303406
0.29189226031303406
0.29189226031303406
0.29189226031303406
0.29189226031303406
0.29189226031303406
0.29189226031303406
0.29189226031303406
0.29189226031303406
0.29189226031303406
0.29189226031303406
0.29189226031303406
0.29189226031303406
0.29189226031303406
0.29189226031303406
0.29189226031303406
0.29189226031303406
0.29189226031303406
0.29189226031303406
0.29189226031303406
0.29189226031303406
0.29189226031303406
0.29189226031303406
0.29189226031303406
0.29189226031303406
0.29189226031303406
0.29189226031303406
0.29189226031303406
0.29189226031303406
0.29189226031303406
0.29189226031303406
0.29189226031303406
0.29189226031303406
0.29189226031303406
0.29189226031303406
0.29189226031303406
0.29189226031303406
1.7963200807571411
1.6355448961257935
0.6777253746986389
1.6506590843200684
0.580844521522522
1.274532437324524
1.2742966413497925
1.2034924030303955
1.0626437664031982
1.1585304737091064
0.7473270297050476
0.7555676698684692
0.2911768853664398
1.751203179359436
0.28761014342308044
1.2441545724868774
0.6073653697967529
0.9758582711219788
0.7918187975883484
1.0448076725006104
1.186838984489441
0.6438214778900146
0.06193263456225395
0.537632405757904
0.9710898995399475
0.9329875111579895
1.1871427297592163
0.42627620697021484
1.0889915227890015
1.0889915227890015
1.0889915227890015
0.6824430227279663
0.9706073999404907
1.3085672855377197
1.3233888149261475
1.0999724864959717
1.0344785451889038
0.9424451589584351
0.5599038004875183
0.8447005748748779
0.8233161568641663
0.49970704317092896
0.5993806719779968
1.1890157461166382
0.7050919532775879
0.7015135288238525
0.923331081867218
1.0323467254638672
0.6825873851776123
0.9150729179382324
0.41159313917160034
0.47229939699172974
0.6536749005317688
0.5460911989212036
0.2919566035270691
0.17275677621364594
0.061294496059417725
0.0766134187579155
0.29189226031303406
0.29189226031303406
0.29189226031303406
0.29189226031303406
0.29189226031303406
0.29189226031303406
0.29189226031303406
0.29189226031303406
0.29189226031303406
0.29189226031303406
0.29189226031303406
0.29189226031303406
0.29189226031303406
0.29189226031303406
0.29189226031303406
0.29189226031303406
0.29189226031303406
0.29189226031303406
0.29189226031303406
0.29189226031303406
0.29189226031303406
0.29189226031303406
0.29189226031303406
1.067898154258728
0.11242028325796127
0.9114525318145752
-0.2592752277851105
0.8106445074081421
0.33218804001808167
0.33218804001808167
0.032471705228090286
0.032471705228090286
0.032471705228090286
0.032471705228090286
0.032471705228090286
0.2609797716140747
0.4958932399749756
0.4958932399749756
0.4958932399749756
0.3683270514011383
0.7514962553977966
0.004220130387693644
0.4004825949668884
0.4004825949668884
0.49355602264404297
0.49355602264404297
0.5560600757598877
0.08475996553897858
0.06971998512744904
0.508793294429779
0.22590923309326172
0.29282355308532715
0.29282355308532715
0.29282355308532715
0.0024487848859280348
-0.16064757108688354
0.6696752905845642
0.3711242079734802
0.19685277342796326
0.21231140196323395
-0.03449353203177452
0.06787575781345367
0.45355868339538574
0.42414602637290955
0.4324817955493927
0.3238038420677185
0.3150767683982849
0.32141587138175964
0.5891125202178955
-0.020011520013213158
0.36787787079811096
1.9631730318069458
0.31886184215545654
0.29134905338287354
0.2496349811553955
0.29902440309524536
0.5545763373374939
0.4329911768436432
0.41745972633361816
0.6127542853355408
0.44186076521873474
0.42963308095932007
0.3915395438671112
0.3995331823825836
0.31473150849342346
0.4491685926914215
0.3193156123161316
0.3894096612930298
0.43443673849105835
0.3293757140636444
0.2185758501291275
0.15808624029159546
-0.06544207781553268
0.13250653445720673
0.06392251700162888
0.09163786470890045
0.10954464226961136
0.1525966078042984
0.13562682271003723
0.2472328543663025
0.09704453498125076
0.09704453498125076
0.12345636636018753
0.3710445165634155
0.11231791228055954
0.14911949634552002
0.2605375051498413
0.2605375051498413
-0.1116914376616478
0.3627241253852844
0.3627241253852844
-0.11467048525810242
-0.008652756921947002
-0.07674381136894226
0.024602802470326424
-0.058862268924713135
0.3135285973548889
0.3742918074131012
-0.11184845864772797
0.06752730160951614
-0.1878620982170105
0.6637272834777832
0.5197429656982422
0.10968908667564392
-0.1735442578792572
0.2900031507015228
0.2887139320373535
0.29189226031303406
0.29189226031303406
0.29189226031303406
0.29189226031303406
0.29189226031303406
0.29189226031303406
0.29189226031303406
0.29189226031303406
0.29189226031303406
0.29189226031303406
0.29189226031303406
0.29189226031303406
0.29189226031303406
0.29189226031303406
0.29189226031303406
0.29189226031303406
0.29189226031303406
0.29189226031303406
0.29189226031303406
0.29189226031303406
0.29189226031303406
0.29189226031303406
0.29189226031303406
0.29189226031303406
0.29189226031303406
0.29189226031303406
0.29189226031303406
0.29189226031303406
0.29189226031303406
1.5741493701934814
1.4339561462402344
1.4027537107467651
1.4609147310256958
0.9914291501045227
1.0922898054122925
1.3616113662719727
1.111580729484558
1.4858900308609009
1.3125137090682983
1.0248918533325195
0.8077445030212402
0.8077445030212402
0.8077445030212402
1.3694781064987183
1.04502534866333
0.7577660083770752
0.7577660083770752
1.125429391860962
1.1815612316131592
1.1815612316131592
1.1815612316131592
1.21102774143219
1.21102774143219
0.9203431606292725
0.357425332069397
1.0682847499847412
0.037508007138967514
1.2244162559509277
0.3322224020957947
0.5001680850982666
0.7695538401603699
0.8416478633880615
0.5655649900436401
1.7383413314819336
1.3388525247573853
0.8475339412689209
0.8401691913604736
0.672886073589325
0.5823673009872437
-0.0723913237452507
0.508988082408905
1.0756291151046753
0.926972508430481
0.4405154585838318
0.9064400792121887
0.7774832248687744
0.2197512686252594
1.2030506134033203
0.2231052815914154
0.2587479054927826
0.839347243309021
0.5119001269340515
1.5070340633392334
0.808395504951477
0.16000989079475403
0.7750380039215088
0.7010016441345215
0.8134710788726807
0.5629830360412598
0.31829380989074707
0.34025582671165466
0.47365203499794006
0.4187963008880615
0.31975576281547546
0.7679560780525208
0.18501530587673187
0.41226068139076233
0.41803058981895447
0.3866032361984253
0.5552481412887573
0.2627508044242859
0.4741613268852234
0.6081031560897827
0.28018537163734436
0.05544119328260422
0.12301651388406754
0.002920720726251602
0.011021138168871403
0.7035656571388245
-0.15623094141483307
-0.15400025248527527
0.5173807144165039
0.23833268880844116
0.09209120273590088
0.1785052865743637
0.4044073820114136
0.02026953175663948
-0.06707064807415009
0.5504395961761475
0.4521997570991516
-0.2301618754863739
0.42141464352607727
0.4739052951335907
0.35921502113342285
0.29532378911972046
0.3335301876068115
1.0209635496139526
0.29189226031303406
0.29189226031303406
0.29189226031303406
0.29189226031303406
0.29189226031303406
0.29189226031303406
0.29189226031303406
0.29189226031303406
0.29189226031303406
0.29189226031303406
0.29189226031303406
0.29189226031303406
0.29189226031303406
0.29189226031303406
0.29189226031303406
0.29189226031303406
0.29189226031303406
0.29189226031303406
0.29189226031303406
0.29189226031303406
0.29189226031303406
0.29189226031303406
0.29189226031303406
0.29189226031303406
0.29189226031303406
0.29189226031303406
0.29189226031303406
0.29189226031303406
0.29189226031303406
0.29189226031303406
0.29189226031303406
0.29189226031303406
0.29189226031303406
0.29189226031303406
0.29189226031303406
0.29189226031303406
0.3817720115184784
0.8185074925422668
1.0188249349594116
1.0826716423034668
1.320898413658142
0.42144858837127686
1.3052610158920288
0.664426326751709
1.0092061758041382
0.3392030894756317
0.7219587564468384
0.7585697174072266
0.35673788189888
1.2439703941345215
1.059114933013916
0.5502950549125671
1.217838168144226
0.6123363375663757
0.9564434289932251
1.3138171434402466
0.951712429523468
0.7264904975891113
0.9588045477867126
0.914368748664856
1.1082007884979248
0.9768372178077698
0.9768372178077698
0.9768372178077698
0.9768372178077698
1.0744051933288574
0.7256658673286438
0.7256658673286438
0.7256658673286438
0.7256658673286438
0.7256658673286438
0.7256658673286438
0.7256658673286438
0.7256658673286438
0.7256658673286438
0.7256658673286438
0.7256658673286438
0.4745424687862396
0.4745424687862396
0.4745424687862396
0.4745424687862396
0.4745424687862396
0.4745424687862396
0.4745424687862396
0.32408407330513
0.6423965096473694
0.6423965096473694
0.6423965096473694
0.6423965096473694
0.6423965096473694
0.6423965096473694
0.015292675234377384
0.7043524980545044
0.7043524980545044
0.7043524980545044
0.7043524980545044
0.7043524980545044
0.7043524980545044
0.8466509580612183
0.8466509580612183
0.8466509580612183
0.8466509580612183
1.2742903232574463
0.34029167890548706
0.7936165928840637
0.8243824243545532
0.6039902567863464
0.9429709911346436
0.317805677652359
1.2849401235580444
0.2931428551673889
1.3108774423599243
0.4109228253364563
0.4109228253364563
0.5816922187805176
0.8886057138442993
0.5549358129501343
0.4157038629055023
0.5195191502571106
0.5382782220840454
0.3895004689693451
0.8754929900169373
0.9296082854270935
1.6268408298492432
0.4706146717071533
0.4881879687309265
0.6516640782356262
1.4493801593780518
0.30249276757240295
0.5876972675323486
-0.07382756471633911
0.2764010727405548
0.4096457362174988
1.2940130233764648
0.6320751905441284
0.742843508720398
0.6340189576148987
0.5716992020606995
0.4396074712276459
0.5281298160552979
0.9349928498268127
0.7196578979492188
0.5402142405509949
1.222357988357544
0.8059971332550049
0.9059939980506897
1.138737440109253
0.4443153142929077
-0.039384689182043076
0.2336590737104416
0.32607725262641907
0.5354276895523071
0.21430334448814392
0.5879149436950684
0.5879149436950684
0.5879149436950684
0.3475955128669739
0.3475955128669739
0.38092246651649475
0.3053366243839264
0.45695826411247253
0.3621620535850525
0.6101751923561096
0.4147651493549347
0.4147651493549347
0.4147651493549347
0.6599481701850891
0.6059910655021667
0.041053324937820435
0.5618440508842468
0.5618440508842468
1.0389487743377686
0.5489796996116638
0.4601960778236389
0.6807296872138977
0.8513073325157166
0.4526069462299347
0.3106634318828583
0.9121692776679993
1.310418725013733
0.18840166926383972
0.583278477191925
0.6206291317939758
0.25858181715011597
0.3342461884021759
0.9077085852622986
0.2191358059644699
0.33553749322891235
0.06917804479598999
0.4965071380138397
0.7426338195800781
0.6917113065719604
0.27727124094963074
1.168845534324646
0.39445409178733826
0.519287645816803
0.8330481648445129
0.9045968055725098
0.8915252089500427
0.4528251886367798
1.1049519777297974
0.5579220056533813
0.7023440003395081
0.31411677598953247
0.5692841410636902
0.2636241316795349
0.12738066911697388
0.4980800151824951
0.5785415768623352
0.6554831862449646
0.5529189109802246
0.2931798994541168
0.8797034621238708
0.5233407020568848
0.41444408893585205
0.5039724111557007
0.26162824034690857
0.2562378942966461
0.5155590772628784
0.46101608872413635
0.36677032709121704
-0.03546861931681633
0.17819921672344208
0.25749263167381287
0.5395987629890442
0.47445493936538696
0.3846440017223358
0.3023666739463806
0.3874087631702423
0.3025265634059906
0.7529975175857544
0.46102210879325867
0.41255155205726624
0.3468714952468872
0.7000822424888611
0.6562893390655518
0.4684637784957886
0.5628766417503357
0.5946881771087646
0.7305859923362732
0.3569672703742981
0.2751353681087494
0.3225102126598358
0.29189226031303406
0.29189226031303406
0.29189226031303406
0.29189226031303406
0.29189226031303406
0.29189226031303406
0.29189226031303406
0.29189226031303406
1.922562837600708
1.693001627922058
1.2443811893463135
1.5171737670898438
1.4301517009735107
0.8477857708930969
0.5973929166793823
1.2107388973236084
0.7073772549629211
0.2501783072948456
1.2785390615463257
0.3161623477935791
0.4496137201786041
0.8219034075737
0.174635112285614
1.264374852180481
0.10784275084733963
0.5715636610984802
0.5715636610984802
0.8760298490524292
0.45333340764045715
0.5416648983955383
0.38228315114974976
0.2686394155025482
0.26933109760284424
0.6679623126983643
0.6172987818717957
0.46244361996650696
1.0844471454620361
0.4588194191455841
0.38610363006591797
0.38903743028640747
0.4765155017375946
0.3341735899448395
0.5648247599601746
0.7901840209960938
0.4481775760650635
0.4756425619125366
0.5712702870368958
0.7514845132827759
0.6668424010276794
0.3344983160495758
0.23659618198871613
0.6442442536354065
0.6530007719993591
0.3557438850402832
-0.12354616820812225
0.7120450735092163
0.5030300617218018
0.670087456703186
0.40963613986968994
0.40963613986968994
0.40963613986968994
0.40963613986968994
0.40963613986968994
0.3322191536426544
0.2070803940296173
0.8121217489242554
0.5689895749092102
0.22868244349956512
0.6936925053596497
0.24215903878211975
0.24215903878211975
0.6318883299827576
1.3176296949386597
0.4232725203037262
0.4770231246948242
0.7799783945083618
0.7508339881896973
0.5561567544937134
0.5765997767448425
0.865628182888031
0.28135761618614197
0.5872480273246765
0.7817878127098083
0.4082770347595215
0.433077871799469
0.1860097497701645
0.14726893603801727
0.4832218289375305
0.29189226031303406
0.29189226031303406
0.29189226031303406
0.29189226031303406
0.29189226031303406
0.29189226031303406
0.29189226031303406
0.29189226031303406
0.29189226031303406
0.29189226031303406
0.29189226031303406
0.29189226031303406
0.29189226031303406
0.29189226031303406
0.29189226031303406
0.29189226031303406
0.29189226031303406
0.29189226031303406
0.29189226031303406
0.29189226031303406
0.29189226031303406
0.29189226031303406
0.29189226031303406
0.29189226031303406
0.29189226031303406
0.29189226031303406
0.29189226031303406
0.29189226031303406
0.29189226031303406
0.29189226031303406
0.29189226031303406
0.29189226031303406
1.6227840185165405
0.5995633602142334
0.918765127658844
1.2060128450393677
0.21159793436527252
0.8676489591598511
0.9201921820640564
0.9751638770103455
1.879577398300171
1.2326133251190186
1.0642756223678589
0.97849440574646
0.9356786012649536
1.052894115447998
0.9126943945884705
0.7473010420799255
1.2996187210083008
0.833728015422821
0.8815984129905701
0.6741364002227783
0.1893135905265808
1.0632449388504028
0.7229762077331543
0.3215373158454895
0.8615639209747314
0.6256476044654846
0.7361668348312378
0.3267074525356293
0.5651465654373169
0.7163479328155518
0.24567082524299622
0.5867418646812439
0.805144727230072
-0.05513827130198479
0.4947328567504883
0.05682317912578583
0.7145062685012817
0.4324772357940674
0.7988650798797607
1.4590154886245728
0.5641008019447327
0.9935793280601501
1.0418212413787842
1.1290733814239502
1.1201097965240479
0.3097211718559265
0.8009927272796631
0.7645705938339233
0.6525956988334656
0.8243341445922852
1.090280294418335
0.5841250419616699
0.6702789664268494
0.5114518404006958
0.11217683553695679
0.646205484867096
0.7262065410614014
1.0673257112503052
0.7565716505050659
0.5562676191329956
0.448254257440567
0.669617772102356
0.48432213068008423
0.2415132224559784
0.9650211930274963
0.5668479800224304
0.922063946723938
0.1314195841550827
0.35989418625831604
0.5186803340911865
1.0812941789627075
0.6154571175575256
0.8762466907501221
0.28278273344039917
0.5502153038978577
0.490091472864151
1.1812655925750732
0.6227582097053528
0.6510273814201355
0.46067485213279724
0.6458016037940979
0.9692271947860718
0.5331862568855286
0.5250880122184753
0.12492252886295319
0.5604348182678223
1.0249552726745605
1.0249552726745605
0.32199519872665405
0.7555366158485413
0.7555366158485413
0.7555366158485413
0.7555366158485413
0.5202004313468933
0.5202004313468933
0.963494062423706
0.6703299283981323
0.898219645023346
0.7458952069282532
0.9746781587600708
0.32955092191696167
0.5195468068122864
0.6999198198318481
0.6079983711242676
1.1081812381744385
1.281717300415039
0.49659454822540283
0.712550163269043
0.712550163269043
0.667336106300354
1.7072340250015259
0.9997948408126831
0.7735093235969543
0.6829915642738342
1.1151914596557617
0.5887327790260315
0.19104571640491486
0.6636807918548584
0.49914827942848206
0.6569169163703918
0.47471362352371216
0.6840613484382629
0.6916849613189697
0.5535882115364075
0.9164187908172607
0.3335665166378021
0.41117754578590393
0.5660288333892822
0.45718857645988464
0.9659400582313538
0.3582855761051178
0.9140955805778503
1.0192475318908691
0.4698277711868286
0.4422338902950287
0.4098358750343323
0.5914044976234436
0.43796810507774353
1.6505975723266602
0.8270116448402405
0.13419005274772644
0.5763124823570251
0.22941023111343384
0.2350042462348938
0.2350042462348938
0.2927861213684082
0.5731955170631409
1.0982015132904053
0.6261486411094666
0.4819590151309967
0.15262310206890106
0.29189226031303406
0.29189226031303406
0.29189226031303406
0.29189226031303406
0.9628010988235474
1.788827896118164
1.0495718717575073
0.9904189109802246
0.7470908164978027
0.4140801727771759
-0.20563113689422607
0.5872175693511963
0.22710029780864716
0.34675708413124084
0.9399024844169617
0.9850981831550598
0.4658312201499939
0.0841214507818222
-0.0948987677693367
0.5276406407356262
0.1771480292081833
-0.07637941837310791
0.9160943627357483
0.2821846008300781
0.9843317270278931
0.2304193526506424
1.1177724599838257
0.5286749005317688
0.35670650005340576
0.4697454273700714
0.3179924786090851
0.38767462968826294
0.4111367464065552
0.5433880090713501
0.6617127060890198
0.19218187034130096
0.021539079025387764
0.35853418707847595
0.4061174988746643
0.2506169378757477
0.21923422813415527
0.6685234904289246
0.09961619228124619
0.26274406909942627
0.3267238140106201
-0.3394470512866974
0.3203497529029846
0.9903906583786011
0.2242020070552826
0.3246632516384125
0.1750147044658661
-0.020398398861289024
0.48373523354530334
0.3795192837715149
0.7013687491416931
0.18775694072246552
0.17286425828933716
0.3427629768848419
0.29902714490890503
0.094550721347332
0.08773171901702881
0.5980281233787537
0.8001683950424194
0.09386639297008514
0.1580648273229599
0.14489874243736267
0.31307581067085266
0.2582007050514221
0.18730980157852173
0.4335591197013855
0.2742885947227478
0.24804092943668365
0.5444199442863464
0.0036062970757484436
0.14657177031040192
0.04241060093045235
0.025730455294251442
0.2249554842710495
0.05981017276644707
0.2120075672864914
0.19033898413181305
0.31407487392425537
0.13914979994297028
0.4890783429145813
0.3244951665401459
0.020805252715945244
0.3109932839870453
0.7569423913955688
0.24283017218112946
0.5066641569137573
0.2072126567363739
-0.08719196170568466
0.26403364539146423
0.25002896785736084
0.49981826543807983
0.21756412088871002
0.47992053627967834
0.3903151750564575
0.22165349125862122
0.29189226031303406
0.29189226031303406
0.29189226031303406
0.29189226031303406
0.29189226031303406
0.29189226031303406
0.29189226031303406
0.29189226031303406
0.29189226031303406
0.29189226031303406
0.29189226031303406
0.29189226031303406
0.29189226031303406
0.29189226031303406
0.29189226031303406
0.29189226031303406
0.29189226031303406
0.29189226031303406
0.29189226031303406
0.29189226031303406
0.29189226031303406
0.29189226031303406
0.29189226031303406
0.29189226031303406
0.29189226031303406
0.29189226031303406
0.29189226031303406
0.29189226031303406
0.29189226031303406
0.29189226031303406
0.29189226031303406
0.29189226031303406
0.29189226031303406
0.29189226031303406
0.29189226031303406
0.29189226031303406
0.29189226031303406
0.29189226031303406
0.29189226031303406
0.764915943145752
0.6726400852203369
0.6162403225898743
0.7541640996932983
0.8618714213371277
1.0947022438049316
0.7869787216186523
0.5395535826683044
1.3415166139602661
0.7558936476707458
0.7369760274887085
0.799875020980835
1.4385350942611694
1.5699375867843628
1.4368058443069458
1.6755791902542114
1.0925065279006958
1.6092898845672607
1.0280535221099854
1.5941966772079468
1.3297855854034424
1.4808818101882935
0.6941667795181274
1.700974702835083
1.3495250940322876
1.6928781270980835
1.2011668682098389
1.2379953861236572
1.353341817855835
0.9705383777618408
0.9705383777618408
1.4315167665481567
0.896517276763916
0.6226359605789185
1.1763148307800293
1.1763148307800293
0.5186394453048706
0.5186394453048706
0.5186394453048706
0.5186394453048706
0.7443059682846069
0.9993669390678406
0.9993669390678406
0.9993669390678406
0.9993669390678406
0.9993669390678406
0.9993669390678406
0.9993669390678406
0.8618848919868469
0.9586828947067261
0.9586828947067261
0.6323072910308838
0.8891423940658569
0.8883844017982483
0.7927711009979248
0.8019247055053711
0.41016194224357605
0.9584442973136902
0.7789604067802429
0.8094210624694824
0.9502962827682495
1.165582299232483
0.6924806237220764
0.5923599004745483
0.6572340726852417
0.8302435874938965
0.27930229902267456
0.8673766255378723
0.9256957173347473
0.7831999659538269
0.8147140145301819
0.4927665591239929
0.8583933711051941
0.5685275793075562
0.5264175534248352
0.6262401342391968
0.7244316339492798
0.3427949845790863
0.5510953664779663
0.6182945966720581
0.7097141146659851
0.8216931223869324
0.06408358365297318
0.9326069951057434
0.6220585703849792
0.384939968585968
0.398571252822876
0.7060049176216125
0.5518580675125122
0.3019988536834717
0.5726171135902405
0.11746782809495926
0.662361741065979
0.77227383852005
0.27266526222229004
0.005758610088378191
0.2929004728794098
0.5523989796638489
0.7197175621986389
1.2569169998168945
0.28867048025131226
0.8928309082984924
0.34526848793029785
1.4325031042099
0.46134811639785767
0.6371715664863586
0.2875974774360657
0.4135807454586029
0.6798564791679382
0.24046215415000916
0.6207864880561829
0.33313947916030884
0.41246816515922546
1.0057295560836792
0.24993664026260376
0.10211175680160522
0.13641050457954407
0.07065632194280624
0.43390601873397827
0.2572798728942871
0.12354526668787003
0.3623620271682739
0.302219033241272
0.34686774015426636
0.6209985017776489
0.571773111820221
0.16539721190929413
0.27976465225219727
0.2634882628917694
0.2634882628917694
0.27679920196533203
0.2112492322921753
0.29189226031303406
0.29189226031303406
0.49232563376426697
0.7269737720489502
0.9471352696418762
0.03355830907821655
1.1411542892456055
0.45109984278678894
0.092361219227314
0.4342252016067505
1.0241361856460571
0.05443428084254265
-0.09670887887477875
0.34019705653190613
0.0682467371225357
0.1808582991361618
0.30056995153427124
-0.27106210589408875
0.4450465440750122
0.5638386011123657
0.09127442538738251
0.22256574034690857
0.4330446422100067
0.30885565280914307
-0.13429711759090424
0.2108403891324997
0.8549267053604126
0.3385202884674072
0.013580216094851494
-0.14699231088161469
0.3966643214225769
0.20615974068641663
0.3512886166572571
0.005411303602159023
0.486744225025177
0.48627448081970215
0.15268783271312714
0.525571346282959
-0.15558582544326782
0.09105971455574036
0.57914137840271
0.45844584703445435
0.1755349338054657
0.17128027975559235
0.21375036239624023
0.47252753376960754
0.18617159128189087
0.21966296434402466
0.49668145179748535
0.5498090386390686
0.7672775387763977
0.37594175338745117
0.2135809361934662
0.5088344812393188
0.5384770631790161
0.24278990924358368
0.4471651315689087
0.4949488043785095
0.420445054769516
0.2263437807559967
0.10606131702661514
0.4206303358078003
0.06780274957418442
0.16138501465320587
0.0106156375259161
0.0710417777299881
0.45611071586608887
0.2218184769153595
0.17253650724887848
0.4858178198337555
0.24682380259037018
0.08286914229393005
0.3644828498363495
0.4608193635940552
0.414061576128006
0.31690678000450134
0.404522180557251
0.03839246556162834
1.025701880455017
0.6557270288467407
0.4126249849796295
0.269311785697937
0.679542064666748
0.679542064666748
0.5477075576782227
0.3124115765094757
0.5445851683616638
0.6184263825416565
0.5395656824111938
0.6494378447532654
0.6494378447532654
0.7058382034301758
0.3080185651779175
0.5960733294487
0.11553793400526047
0.4812019467353821
0.20196305215358734
0.679520308971405
0.11005014926195145
0.36582884192466736
0.4526478946208954
0.3931351900100708
0.3315649628639221
0.47115999460220337
0.3794393539428711
0.5197529792785645
0.186822310090065
0.531708836555481
0.11813852190971375
0.2950775921344757
0.3746327757835388
0.43685734272003174
0.3437732756137848
0.48043832182884216
0.4564625918865204
0.41091087460517883
0.4483053386211395
0.4483053386211395
0.5239885449409485
0.2666601836681366
0.409776896238327
0.2197914868593216
0.41951313614845276
0.25555503368377686
0.29189226031303406
0.29189226031303406
0.29189226031303406
0.29189226031303406
0.29189226031303406
0.29189226031303406
0.29189226031303406
0.29189226031303406
0.29189226031303406
0.29189226031303406
0.29189226031303406
0.29189226031303406
0.29189226031303406
0.29189226031303406
0.29189226031303406
0.29189226031303406
0.29189226031303406
0.29189226031303406
0.29189226031303406
0.29189226031303406
0.29189226031303406
0.29189226031303406
0.29189226031303406
0.29189226031303406
0.29189226031303406
0.29189226031303406
0.29189226031303406
0.29189226031303406
0.29189226031303406
0.29189226031303406
0.29189226031303406
0.29189226031303406
0.29189226031303406
0.29189226031303406
0.29189226031303406
0.29189226031303406
0.29189226031303406
0.29189226031303406
0.29189226031303406
0.29189226031303406
0.29189226031303406
0.29189226031303406
0.29189226031303406
0.29189226031303406
0.29189226031303406
0.29189226031303406
0.29189226031303406
0.29189226031303406
0.29189226031303406
0.29189226031303406
0.29189226031303406
0.29189226031303406
0.29189226031303406
