0.9999900839499155
0.9999900839499155
0.9999900839499155
0.9999900839499155
0.9999900839499155
0.9999900839499155
0.9999900839499155
0.9999900839499155
0.9999900839499155
0.9999900839499155
0.9999900839499155
0.9999900839499155
0.9999900839499155
0.9999900839499155
0.9999900839499155
0.9999900839499155
0.9999900839499155
0.9999900839499155
0.9999900839499155
0.9999900839499155
0.9999900839499155
0.9999900839499155
0.9999900839499155
0.9999900839499151
0.9999900839499155
0.9999900839499155
0.9999900839499155
0.9999900839499155
0.9999900839499155
0.9999900839499155
0.9999900839499155
0.9999900839499155
0.9999900839499155
0.9999900839499155
0.999990083949914
0.9999900839499155
0.9999900839499155
0.9999900839499155
0.9999900839499155
0.9999900839499155
0.9999900839499155
0.9999900839499155
0.9999900839499155
0.9999900839499155
0.9999900839499155
0.9999900839499155
0.9999900839499155
0.9999900839499155
0.9999900839499155
0.9999900839498753
0.9999900839499155
0.9999900839499155
0.9999900839499135
0.9999900839499155
0.9999900839499155
0.9999900839499155
0.9999900839499155
0.9999900839499155
0.9999900839499155
0.9999900839499155
0.9999900839499155
0.9999900839499155
0.9999900839499155
0.9999900839499006
0.9999900839499148
0.9999900839499155
0.9999900839499155
0.9999900839499155
0.9999900839499155
0.9999900839499155
0.9999900839499155
0.9999900839499155
0.9999900839499155
0.9999900839499155
0.9999900839499155
0.9999900839499155
0.9999900839489114
0.9999900839499155
0.9999900839499155
0.9999900839497461
0.9999900839499155
0.9999900839499155
0.9999900839499155
0.9999900839499115
0.9999900839499155
0.9999900839499155
0.9999900839490333
0.9999900839499155
0.9999900839499155
0.9999900839499155
0.9999900839496002
0.9999900839499148
0.9999900839499155
0.9999900839499155
0.9999900839499155
0.9999900839499155
0.9999900839499155
0.9999900839499155
0.999990083942665
0.9999900839499055
0.9999900839453673
0.9999900839433769
0.9999900839291888
0.9999900839499155
0.9999900839499155
0.9999900839256078
0.9999900839499153
0.9999900839499155
0.9999900839499155
0.9999900839499093
0.9999900839499064
0.9999900839499155
0.9999900839496739
0.9999900839499155
0.999990083763374
0.9999900839499155
0.9999900839499113
0.9999900839499155
0.9999900839499155
0.9999900839499155
0.9999900839499155
0.9999900839499153
0.9999900827848495
0.9999900839499066
0.9999900839499155
0.9999900839499144
0.9999900839499151
0.9999900839499153
0.9999900839471636
0.9999900839499155
0.9999900839499146
0.9999900585588676
0.9999900839499131
0.9999900838097178
0.9999892793546722
0.9999900834350123
0.9999900839496555
0.311086844070682
0.9999900839499155
0.9999900839499155
0.9999900839499155
0.9999900839499155
0.9999900839499155
0.9999900839499155
0.9999900839499155
0.9999900839499155
0.9999900839499155
0.9999900839499155
0.9999900839499155
0.9999900839499155
0.9999900839499155
0.9999900839499155
0.9999900839499155
0.9999900839499155
0.9999900839499155
0.9999900839499155
0.9999900839499155
0.9999900839499155
0.9999900839499155
0.9999900839499155
0.9999900839499155
0.9999900839499155
0.9999900839499155
0.9999900839499155
0.9999900839499155
0.9999900839499155
0.9999900839499155
0.9999900839499155
0.9999900839499155
0.9999900839499155
0.9999900839499155
0.9999900839499155
0.9999900839499155
0.9999900839499155
0.9999900839499093
0.9999900839499155
0.9999900839499155
0.9999900839499071
0.9999900839499155
0.9999900839498995
0.9999900839499155
0.9999900839499155
0.9999900839499011
0.9999900839499015
0.9999900839499046
0.9999900839498878
0.9999900839499033
0.9999900839498946
0.9999900839499155
0.9999900839499009
0.9999900839499155
0.9999900839499155
0.9999900839498533
0.9999900839498278
0.9999900839497958
0.9999900839498274
0.9999900839499155
0.9999900839499155
0.9999900839499153
0.9999900839499155
0.9999900839497352
0.9999900839499155
0.9999900839497197
0.999990083949749
0.9999900839499153
0.9999900839498358
0.9999900839496983
0.9999900839499153
0.9999900839499155
0.9999900839499155
0.9999900839497206
0.9999900839495487
0.9999900839499155
0.9999900839496424
0.9999900839499155
0.9999900839499155
0.9999900839499155
0.9999900839495256
0.9999900839499155
0.9999900839499155
0.9999900839494628
0.9999900839499155
0.9999900839491435
0.9999900839499155
0.9999900839499155
0.9999900839491068
0.9999900839499155
0.9999900839499155
0.9999900839499155
0.9999900839493773
0.9999900839499155
0.9999900839486026
0.9999900839488797
0.9999900839499155
0.999990083948432
0.9999900839499155
0.999990083948835
0.9999900839499155
0.9999900839499142
0.9999900839488968
0.9999900839481445
0.9999900839472069
0.9999900839499155
0.9999900839499155
0.9999900839499151
0.9999900839466234
0.9999900839488208
0.9999900839479922
0.9999900839476414
0.9999900839499155
0.9999900839429732
0.9999900839416628
0.9999900839409427
0.9999900839404078
0.9999900839417227
0.9999900839480896
0.9999900839442835
0.9999900839499155
0.9999900839077435
0.9999900839363804
0.9999900839156411
0.9999900838909475
0.9999900838985909
0.9999900838962642
0.9999900839498207
0.9999900836988389
0.9999900815886075
0.9999900836370458
0.999990081725524
0.9999900834907115
0.9999900839498325
0.9999900833667376
0.9999900577272471
0.999990083758619
0.9999900831046984
0.9999900839002696
0.999990081062765
0.9999900764997831
0.9999540441861272
0.9997364000420812
0.9999900581173424
0.311086844070682
0.311086844070682
0.311086844070682
0.311086844070682
0.311086844070682
0.311086844070682
0.311086844070682
0.311086844070682
0.311086844070682
0.311086844070682
0.9999900839499155
0.9999900839499155
0.9999900839499155
0.9999900839499155
0.9999900839499155
0.9999900839499155
0.9999900839499155
0.9999900839499155
0.9999900839499155
0.9999900839499155
0.9999900839499155
0.9999900839499155
0.9999900839499155
0.9999900839499155
0.9999900839499155
0.9999900839499155
0.9999900839499155
0.9999900839499155
0.9999900839499155
0.9999900839499155
0.9999900839499155
0.9999900839499155
0.9999900839499155
0.9999900839499155
0.9999900839499155
0.9999900839499155
0.9999900839499155
0.9999900839499155
0.9999900839499155
0.9999900839499153
0.9999900839499155
0.9999900839499155
0.9999900839499155
0.9999900839499153
0.9999900839499155
0.9999900839499155
0.9999900839499155
0.9999900839499155
0.9999900839499144
0.9999900839499146
0.9999900839499155
0.9999900839499148
0.9999900839499155
0.9999900839499144
0.9999900839499155
0.9999900839499155
0.9999900839499155
0.9999900839499155
0.9999900839499144
0.9999900839499151
0.9999900839499155
0.9999900839499155
0.9999900839499155
0.9999900839499155
0.9999900839499073
0.9999900839499155
0.9999900839499155
0.9999900839499155
0.9999900839499049
0.9999900839499155
0.9999900839499155
0.9999900839498966
0.9999900839499155
0.9999900839499117
0.9999900839499155
0.9999900839499155
0.9999900839499155
0.9999900839499155
0.9999900839499082
0.9999900839499155
0.9999900839499155
0.9999900839499155
0.9999900839499155
0.9999900839499155
0.9999900839499155
0.9999900839499155
0.9999900839499155
0.9999900839499155
0.9999900839499155
0.9999900839499155
0.9999900839499155
0.9999900839499155
0.9999900839499155
0.9999900839499155
0.9999900839499155
0.9999900839499155
0.9999900839499155
0.9999900839499155
0.9999900839499155
0.9999900839499155
0.9999900839499155
0.9999900839499155
0.9999900839499155
0.9999900839499155
0.9999900839499155
0.9999900839499155
0.9999900839499155
0.9999900839499155
0.9999900839499155
0.9999900839499155
0.9999900839499155
0.9999900839499155
0.9999900839499155
0.9999900839499155
0.9999900839499155
0.9999900839499155
0.9999900839499155
0.9999900839499155
0.9999900839495289
0.9999900839499155
0.9999900839499155
0.9999900839499155
0.9999900839497035
0.9999900839499155
0.9999900839499155
0.9999900839499155
0.9999900839499155
0.9999900839499155
0.9999900839499155
0.9999900839499155
0.9999900839499155
0.9999900839499155
0.9999900839496597
0.9999900839499155
0.9999900839499155
0.9999900839499155
0.9999900839487891
0.9999900839499155
0.9999900839499155
0.9999900839499155
0.9999900839457976
0.9999900839499155
0.9999900839499155
0.9999900839499155
0.9999900839475455
0.9999900839499155
0.9999900839481634
0.9999900839499155
0.9999900839402448
0.9999900839499155
0.9999900839499153
0.9999900839499155
0.9999900839499155
0.9999900839499155
0.9999900839499155
0.9999900839499155
0.9999900839499155
0.9999900839499155
0.9999900839499155
0.9999900839482042
0.9999900839499155
0.9999900839499155
0.9999900839474782
0.9999900839499153
0.9999900839499155
0.9999900839499155
0.9999900839499144
0.9999900839290364
0.9999900839499155
0.9999900839451665
0.9999900839499155
0.9999900839499155
0.9999900839499155
0.9999900839499155
0.9999900839499155
0.999990083865349
0.9999900839499155
0.9999900839499155
0.9999900839499155
0.9999900839499155
0.9999900839499155
0.9999900839499155
0.9999900839499155
0.9999900839499155
0.9999900839499155
0.9999900839499155
0.9999900839499155
0.9999900837862841
0.9999900839499153
0.9999900839499153
0.9999900839499153
0.9999900839499155
0.9999900839499153
0.9999900839499153
0.9999900838602301
0.9999900839499146
0.9999900839499155
0.9999900839499135
0.9999900839499142
0.9999900839499155
0.9999900839499155
0.99999008394988
0.9999900839499155
0.9999900839499057
0.999990081005559
0.9999900828555958
0.9999900839499144
0.9999900825051801
0.9999900839497714
0.9999900839496171
0.9999900839491837
0.9999900839491079
0.9999900839483665
0.9999899802857153
0.9999900839473987
0.9999900839436286
0.9999900839271444
0.9999893986744263
0.311086844070682
0.311086844070682
0.311086844070682
0.311086844070682
0.311086844070682
0.311086844070682
0.311086844070682
0.311086844070682
0.311086844070682
0.311086844070682
0.311086844070682
0.311086844070682
0.311086844070682
0.311086844070682
0.311086844070682
0.311086844070682
0.311086844070682
0.311086844070682
0.311086844070682
0.311086844070682
0.311086844070682
0.311086844070682
0.311086844070682
0.311086844070682
0.311086844070682
0.311086844070682
0.311086844070682
0.9999900839499155
0.9999900839499155
0.9999900839499155
0.9999900839499155
0.9999900839499155
0.9999900839499155
0.9999900839499155
0.9999900839499155
0.9999900839499155
0.9999900839499155
0.9999900839499155
0.9999900839499155
0.9999900839499155
0.9999900839499155
0.9999900839499155
0.9999900839499155
0.9999900839499155
0.9999900839499155
0.9999900839499155
0.9999900839499151
0.9999900839499155
0.9999900839499155
0.9999900839499155
0.9999900839499155
0.9999900839499155
0.9999900839499155
0.9999900839499155
0.9999900839499155
0.9999900839499155
0.9999900839499155
0.9999900839499155
0.9999900839499155
0.9999900839499155
0.9999900839499155
0.9999900839499155
0.9999900839499155
0.9999900839499155
0.9999900839499155
0.9999900839499155
0.9999900839499155
0.9999900839499155
0.9999900839499155
0.9999900839499155
0.9999900839499155
0.9999900839499155
0.9999900839499155
0.9999900839498862
0.9999900839499155
0.9999900839499155
0.9999900839499155
0.9999900839499155
0.9999900839499155
0.9999900839499155
0.9999900839499155
0.9999900839494617
0.9999900839499155
0.9999900839499155
0.9999900839499155
0.9999900839499155
0.9999900839499155
0.9999900839499155
0.9999900839499155
0.9999900839499155
0.9999900839499155
0.9999900839499155
0.9999900839499155
0.9999900839499155
0.9999900839471763
0.9999900839499155
0.9999900839401014
0.9999900839323841
0.9999900839196066
0.9999900839469686
0.9999900839446405
0.9999900838599817
0.9999900839485046
0.9999900839499155
0.9999900838014244
0.9999900837945431
0.9999900839499155
0.9999900837450446
0.9999900839499155
0.9999900837481329
0.9999900833601658
0.9999900831401953
0.9999900831935324
0.9999900831794067
0.9999900830122866
0.9999900828843299
0.9999900828701944
0.9999900749219387
0.9999900819583453
0.9999900839498997
0.999990081347145
0.9999900799079849
0.9999900800284685
0.9999900789063187
0.999990077227285
0.9999900402039062
0.9999900839499122
0.999990075557318
0.9999900619958205
0.9999900639384819
0.9999889131074498
0.9999721709157073
0.311086844070682
0.311086844070682
0.311086844070682
0.311086844070682
0.311086844070682
0.311086844070682
0.9999900839499155
0.9999900839499155
0.9999900839499155
0.9999900839499155
0.9999900839499155
0.9999900839499155
0.9999900839499155
0.9999900839499155
0.9999900839499155
0.9999900839499155
0.9999900839499155
0.9999900839499155
0.9999900839499155
0.9999900839499155
0.9999900839499155
0.9999900839499155
0.9999900839499155
0.9999900839499155
0.9999900839499155
0.9999900839499155
0.9999900839499155
0.9999900839470746
0.9999900839499155
0.9999900839499155
0.9999900839499155
0.9999900839499155
0.9999900839499155
0.9999900839499155
0.9999900839499155
0.9999900839499155
0.9999900839499155
0.9999900839499155
0.9999900839499031
0.9999900839499155
0.9999900839499155
0.9999900839499155
0.9999900839499155
0.9999900839499155
0.9999900839499155
0.9999900839267816
0.9999900839499155
0.9999900839499155
0.9999900831875875
0.9999900835023591
0.9999900839499153
0.9999900835759588
0.999990083293504
0.9999900555060312
0.9999900839469928
0.9999900839453146
0.999990083852457
0.9999900839306971
0.999990055943705
0.999984674531264
0.999929577607615
0.9995330245002455
0.9999900839499155
0.9999900839499155
0.9999900839499155
0.9999900839499155
0.9999900839499155
0.9999900839499155
0.9999900839499155
0.9999900839499155
0.9999900839499155
0.9999900839499155
0.9999900839499155
0.9999900839499155
0.9999900839499155
0.9999900839499155
0.9999900839499155
0.9999900839499155
0.9999900839499155
0.9999900839499155
0.9999900839499155
0.9999900839499155
0.9999900839499155
0.9999900839499155
0.9999900839499155
0.9999900839499155
0.9999900839499155
0.9999900839499155
0.9999900839499155
0.9999900839499155
0.9999900839499155
0.9999900839499148
0.9999900839499155
0.9999900839499155
0.9999900839499155
0.9999900839499155
0.9999900839499155
0.9999900839499155
0.9999900839499155
0.9999900839499155
0.9999900839499155
0.9999900839499155
0.9999900839499155
0.9999900839499155
0.9999900839499155
0.9999900839499155
0.9999900839499155
0.9999900839499155
0.9999900839499155
0.9999900839499155
0.9999900839499155
0.9999900839499155
0.9999900839499155
0.9999900839499155
0.9999900839499155
0.9999900839499155
0.9999900839499155
0.9999900839499155
0.9999900839499155
0.9999900839499155
0.9999900839499155
0.9999900839499155
0.9999900839499155
0.9999900839499155
0.9999900839499155
0.9999900839499155
0.9999900839499155
0.9999900839499155
0.9999900839499155
0.9999900839499155
0.9999900839499155
0.9999900839499155
0.9999900839499155
0.9999900839499155
0.9999900839499155
0.9999900839499155
0.9999900839499155
0.9999900839499155
0.9999900839499155
0.9999900839499155
0.9999900839498558
0.9999900839499155
0.9999900839499155
0.9999900839499155
0.9999900839499155
0.9999900839499155
0.9999900839499155
0.9999900839499155
0.9999900839499155
0.9999900839499155
0.9999900839499155
0.9999900839499155
0.9999900839499155
0.9999900839499155
0.9999900839496344
0.9999900839499155
0.9999900839499155
0.9999900839499155
0.9999900839499155
0.9999900839499155
0.9999900839499155
0.9999900839499155
0.9999900839499155
0.9999900839493013
0.9999900839499155
0.9999900839499155
0.9999900839499155
0.9999900839499155
0.9999900839499155
0.9999900839499155
0.9999900839499155
0.9999900839499155
0.9999900839499155
0.9999900839499155
0.9999900839499155
0.9999900839499155
0.9999900839499155
0.9999900839483434
0.9999900839499155
0.9999900839499155
0.9999900839499155
0.9999900839499155
0.9999900839499155
0.9999900839499155
0.9999900839499155
0.9999900839499155
0.9999900839499155
0.9999900839499155
0.9999900839499155
0.9999900839499155
0.9999900839499155
0.9999900839499155
0.9999900839499155
0.9999900839499155
0.9999900839499155
0.9999900839499155
0.9999900839499155
0.9999900839499155
0.9999900839499155
0.9999900839498322
0.9999900839499155
0.9999900837330729
0.9999900838892568
0.9999900839499153
0.9999900839498864
0.9999900833221212
0.9999900839499153
0.9999900839499155
0.9999900839491022
0.9999900839422606
0.9999900839263972
0.9999900839498436
0.9999900839496761
0.9999900839458995
0.9999900660735642
0.9999900839499155
0.9999900839499155
0.9999900839499155
0.9999900839499155
0.9999900839499155
0.9999900839499155
0.9999900839499155
0.9999900839499155
0.9999900839499155
0.9999900839499126
0.9999900839499057
0.9999900839499155
0.9999900839498977
0.9999900839499155
0.9999900839498651
0.9999900839499155
0.9999900839498369
0.9999900839498698
0.9999900839499155
0.9999900839497712
0.9999900839497274
0.9999900839499155
0.9999900839499155
0.9999900839494652
0.9999900839493655
0.9999900839499155
0.9999900839499155
0.9999900839489334
0.9999900839476814
0.9999900839499155
0.9999900839499155
0.9999900839441174
0.9999900839478059
0.9999900839432678
0.999990083919191
0.9999900838661597
0.9999900839499155
0.9999900839013782
0.9999900839499155
0.9999900839027192
0.9999900832704902
0.9999900839499155
0.9999900804667642
0.9999900624032692
0.999990053498185
0.999986242804618
0.311086844070682
0.311086844070682
0.311086844070682
0.311086844070682
0.311086844070682
0.311086844070682
0.311086844070682
0.311086844070682
0.9999900839499155
0.9999900839499155
0.9999900839499155
0.9999900839499155
0.9999900839499155
0.9999900839499155
0.9999900839499155
0.9999900839499155
0.9999900839499155
0.9999900839499155
0.9999900839499155
0.9999900839499155
0.9999900839499155
0.9999900839499155
0.9999900839499155
0.9999900839499155
0.9999900839499155
0.9999900839499155
0.9999900839499155
0.9999900839499155
0.9999900839499133
0.9999900839499155
0.9999900839499144
0.9999900839499144
0.9999900839499155
0.9999900839498163
0.9999900839499155
0.9999900839499155
0.9999900839499155
0.9999900839498385
0.9999900839498982
0.9999900839474842
0.9999900839495109
0.9999900839499151
0.9999900839499153
0.9999900837877633
0.9999900839016209
0.9999900839498664
0.9999766856990909
0.311086844070682
0.311086844070682
0.311086844070682
0.9999900839499155
0.9999900839499155
0.9999900839499155
0.9999900839499155
0.9999900839499155
0.9999900839499155
0.9999900839499155
0.9999900839499155
0.9999900839499155
0.9999900839499155
0.9999900839499155
0.9999900839499155
0.9999900839499155
0.9999900839499155
0.9999900839499155
0.9999900839499155
0.9999900839499155
0.9999900839499155
0.9999900839499155
0.9999900839499155
0.9999900839499155
0.9999900839499155
0.9999900839499155
0.9999900839499155
0.9999900839499155
0.9999900839499155
0.9999900839499155
0.9999900839499155
0.9999900839499155
0.9999900839499155
0.9999900839499155
0.9999900839499155
0.9999900839499155
0.9999900839499155
0.9999900839499155
0.9999900839499155
0.9999900839499155
0.9999900839499155
0.9999900839499155
0.9999900839499155
0.9999900839499155
0.9999900839499155
0.9999900839499155
0.9999900839499155
0.9999900839499155
0.9999900839499155
0.9999900839499155
0.9999900839499155
0.9999900839499155
0.9999900839499155
0.9999900839499155
0.9999900839499155
0.9999900839499155
0.9999900839499155
0.9999900839499155
0.9999900839499155
0.9999900839499155
0.9999900839499155
0.9999900839499155
0.9999900839499155
0.9999900839499155
0.9999900839499155
0.9999900839499155
0.9999900839499155
0.9999900839499155
0.9999900839499155
0.9999900839499155
0.9999900839499155
0.9999900839499155
0.9999900839499155
0.9999900839499155
0.9999900839499155
0.9999900839499155
0.9999900839499155
0.9999900839499155
0.9999900839499155
0.9999900839499155
0.9999900839499155
0.9999900839499155
0.9999900839499155
0.9999900839499155
0.9999900839499155
0.9999900839499155
0.9999900839499155
0.9999900839499155
0.9999900839499155
0.9999900839499155
0.9999900839499155
0.9999900839499155
0.9999900839499155
0.9999900839498156
0.9999900839499155
0.9999900839499155
0.9999900839497259
0.9999900839499155
0.9999900839499155
0.9999900839499153
0.9999900839499155
0.9999900839499155
0.9999900839491837
0.9999900839499155
0.9999900839499155
0.9999900839499155
0.9999900839470821
0.9999900839499155
0.9999900839499155
0.9999900839499155
0.9999900839499155
0.9999900839466218
0.9999900839499151
0.9999900839499155
0.9999900839499155
0.9999900839499155
0.9999900839499155
0.9999900839499155
0.9999900839492352
0.9999900839499155
0.9999900839499155
0.9999900839499153
0.9999900839499155
0.9999900839499153
0.9999900839499153
0.9999900839499155
0.9999900839499148
0.9999900839499151
0.9999900839499155
0.9999900839499155
0.9999900804882669
0.9999900839498864
0.9999900839499153
0.9999898808928632
0.9999900839499137
0.9999900839497876
0.9999900839498838
0.9999900839499077
0.9999900839184858
0.9999900838343696
0.311086844070682
0.311086844070682
0.311086844070682
0.9999900839499155
0.9999900839499155
0.9999900839499155
0.9999900839499155
0.9999900839499155
0.9999900839499155
0.9999900839499155
0.9999900839499155
0.9999900839499155
0.9999900839499155
0.9999900839499155
0.9999900839499155
0.9999900839499155
0.9999900839499155
0.9999900839499155
0.9999900839499155
0.9999900839499155
0.9999900839499155
0.9999900839499153
0.9999900839499155
0.9999900839499155
0.9999900839499155
0.9999900839499155
0.9999900839499155
0.9999900839499155
0.9999900839484123
0.9999900839499155
0.9999900839499155
0.9999900839499155
0.9999900839499155
0.9999900838316531
0.9999900838444127
0.9999900822491591
0.9999900788732832
0.9999900672703627
0.9999900839499155
0.9999900839499155
0.9999900839499155
0.9999900839499155
0.9999900839499155
0.9999900839499155
0.9999900839499155
0.9999900839499153
0.9999900839499155
0.9999900839499155
0.9999900839498231
0.9999900839499155
0.9999900839498549
0.999990083949735
0.9999900839495827
0.9999900839497678
0.9999900839494521
0.9999900839494925
0.9999900839498156
0.9999900839499155
0.9999900839461173
0.9999900839499155
0.9999900839420265
0.999990083949268
0.9999900839499155
0.9999900839499155
0.9999900839473079
0.9999900839499151
0.9999900839499155
0.9999900839350817
0.9999900839499155
0.9999900839499155
0.9999900838669002
0.9999900839088673
0.9999900839499155
0.9999900839499155
0.9999900839499155
0.9999900839499153
0.9999900839499153
0.9999900839499153
0.9999900839499153
0.9999900839499153
0.9999900839499153
0.9999900839499146
0.9999900839499135
0.999990083896655
0.9999900839499155
0.9999900839499146
0.9999900812339833
0.9999900836652795
0.999990083949888
0.9999900801124196
0.9999900745507603
0.9999900746672088
0.9999900773785378
0.9999900410606287
0.9999900249704281
0.9999899867757237
0.9999898659910831
0.9999900839498926
0.999989601011312
0.9999896848689228
0.9999900648921961
0.9999900839453342
0.999989605812331
0.999989105764511
0.9999881173447106
0.999987882719399
0.9999878544800632
0.9999896350232389
0.9999849761733646
0.9999887167999436
0.9999888614146724
0.9999724729782585
0.311086844070682
0.311086844070682
0.311086844070682
0.311086844070682
0.311086844070682
0.311086844070682
0.311086844070682
0.311086844070682
0.311086844070682
0.311086844070682
0.311086844070682
0.311086844070682
0.311086844070682
0.311086844070682
0.311086844070682
0.311086844070682
0.311086844070682
0.311086844070682
0.311086844070682
0.311086844070682
0.311086844070682
0.311086844070682
0.9999900839499155
0.9999900839499155
0.9999900839499155
0.9999900839499155
0.9999900839499155
0.999990083949914
0.9999900839499026
0.9999900839498904
0.9999900839498027
0.9999900839499155
0.9999900835003995
0.9999900837233606
0.9999900381625714
0.999983375509256
0.9999834288442445
0.9999812908376611
0.9999757473550372
0.9999561919316052
0.311086844070682
0.311086844070682
0.311086844070682
0.311086844070682
0.311086844070682
0.311086844070682
0.311086844070682
0.311086844070682
0.311086844070682
0.311086844070682
0.311086844070682
0.311086844070682
0.311086844070682
0.311086844070682
0.311086844070682
0.311086844070682
0.311086844070682
0.311086844070682
0.311086844070682
0.311086844070682
0.311086844070682
0.311086844070682
0.311086844070682
0.311086844070682
0.311086844070682
0.311086844070682
0.311086844070682
0.311086844070682
0.311086844070682
0.311086844070682
0.311086844070682
0.311086844070682
0.311086844070682
0.311086844070682
0.311086844070682
0.311086844070682
0.311086844070682
0.311086844070682
0.311086844070682
0.311086844070682
0.311086844070682
0.311086844070682
0.311086844070682
0.311086844070682
0.311086844070682
0.311086844070682
0.311086844070682
0.311086844070682
0.311086844070682
0.311086844070682
0.311086844070682
0.311086844070682
0.311086844070682
0.311086844070682
0.311086844070682
0.311086844070682
0.311086844070682
0.311086844070682
0.311086844070682
0.311086844070682
0.311086844070682
0.311086844070682
0.311086844070682
0.311086844070682
0.311086844070682
0.311086844070682
0.9999900839499155
0.9999900839499155
0.9999900839499155
0.9999900839499155
0.9999900839499155
0.9999900839499155
0.9999900839499155
0.9999900839499155
0.9999900839499155
0.9999900839499155
0.9999900839499155
0.9999900839499151
0.9999900839499144
0.9999900839499155
0.9999900839499155
0.9999900839499155
0.9999900839499155
0.9999900839499155
0.9999900839499155
0.9999900839499155
0.9999900839499155
0.9999900839498407
0.9999900839499106
0.9999900839495856
0.9999900839497898
0.9999900839499155
0.9999900839499155
0.9999900839492121
0.9999900839499155
0.9999900839499155
0.9999900839499155
0.9999900839371724
0.9999900839499155
0.9999900839499155
0.9999900839499155
0.9999900839499155
0.9999900839488324
0.9999900839484391
0.9999900839477956
0.9999900839485446
0.9999900839488566
0.9999900839460178
0.9999900839449671
0.9999900839499155
0.9999900839329801
0.9999900837557885
0.9999900839316416
0.9999900839499155
0.9999900839284678
0.9999900839499155
0.9999900832026386
0.9999900802998539
0.9999900838313582
0.9999900838126132
0.9999900578006937
0.9999900502903889
0.9999900356564463
0.999989883499387
0.311086844070682
0.311086844070682
0.311086844070682
0.311086844070682
0.311086844070682
0.311086844070682
0.311086844070682
0.311086844070682
0.311086844070682
0.311086844070682
0.311086844070682
0.311086844070682
0.311086844070682
0.311086844070682
0.311086844070682
0.311086844070682
0.311086844070682
0.311086844070682
0.311086844070682
0.311086844070682
0.311086844070682
0.311086844070682
0.311086844070682
0.9999900839499155
0.9999900839499155
0.9999900839499155
0.9999900839499155
0.9999900839499155
0.9999900839499155
0.9999900839499155
0.9999900839499155
0.9999900839499155
0.9999900839499155
0.9999900839499155
0.9999900839499155
0.9999900839499155
0.9999900839499155
0.9999900839499155
0.9999900839499155
0.9999900839499155
0.9999900839499155
0.9999900839499155
0.9999900839499155
0.9999900839499155
0.9999900839499155
0.9999900839499155
0.9999900839499155
0.9999900839499155
0.9999900839499155
0.9999900839498858
0.9999900839499155
0.9999900839499155
0.9999900839499155
0.9999900839499155
0.9999900839499155
0.9999900839499155
0.9999900839498136
0.9999900839499155
0.9999900839499155
0.9999900839499155
0.9999900839499155
0.9999900839498951
0.9999900839494379
0.9999900839498265
0.9999900839492656
0.9999900839491259
0.9999900839490684
0.9999900839488519
0.9999900839498194
0.9999900839499155
0.9999900839490005
0.9999900839499155
0.9999900839482608
0.9999900839478922
0.9999900839499155
0.9999900839476825
0.9999900839472311
0.9999900839498096
0.9999900839469673
0.9999900839456308
0.999990083944039
0.9999900839447735
0.9999900839439468
0.9999900839441
0.9999900839410997
0.9999900839423783
0.9999900839496157
0.9999900839419923
0.9999900839355844
0.9999900839235347
0.9999900839237181
0.9999900839209996
0.9999900839499155
0.9999900839147876
0.9999900839016327
0.9999900838768323
0.9999900838819212
0.9999900838940045
0.9999900838731969
0.9999900838823873
0.9999900838315718
0.9999900838267967
0.9999900837616346
0.9999900839499155
0.9999900838196709
0.999990083812446
0.9999900839499153
0.9999900839499153
0.9999900839499155
0.9999900839499137
0.9999900839499137
0.9999900831858481
0.9999900837519593
0.999990083017708
0.9999900827420088
0.9999900839499153
0.9999900839499155
0.9999900836070112
0.9999900839499086
0.9999900839498966
0.9999900760580277
0.9999900832037496
0.9999900830906946
0.9999900839499013
0.9999900839493677
0.9999830631553627
0.9999900839340949
0.311086844070682
0.311086844070682
0.311086844070682
0.311086844070682
0.311086844070682
0.311086844070682
0.311086844070682
0.311086844070682
0.311086844070682
0.311086844070682
0.311086844070682
0.311086844070682
0.311086844070682
0.311086844070682
0.311086844070682
0.311086844070682
0.311086844070682
0.311086844070682
0.311086844070682
0.311086844070682
0.311086844070682
0.311086844070682
0.311086844070682
0.311086844070682
0.311086844070682
0.311086844070682
0.311086844070682
0.311086844070682
0.311086844070682
0.9999900839499155
0.9999900839499155
0.9999900839499155
0.9999900839499155
0.9999900839499155
0.9999900839499155
0.9999900839499155
0.9999900839499155
0.9999900839499155
0.9999900839499155
0.9999900839499155
0.9999900839499155
0.9999900839499155
0.9999900839499155
0.9999900839499155
0.9999900839499155
0.9999900839499155
0.9999900839499155
0.9999900839499155
0.9999900839499155
0.9999900839499155
0.9999900839499155
0.9999900839499155
0.9999900839499155
0.9999900839499155
0.9999900839499155
0.9999900839499155
0.9999900839499155
0.9999900839499155
0.9999900839499155
0.9999900839499153
0.9999900839499153
0.9999900839499155
0.9999900839499155
0.9999900839499155
0.9999900839499155
0.9999900839499155
0.9999900839499155
0.9999900839499155
0.9999900839498851
0.9999900839499155
0.9999900839498864
0.9999900839499155
0.9999900839499155
0.9999900839498704
0.9999900839499155
0.9999900839499155
0.9999900839498687
0.9999900839499155
0.9999900839498143
0.9999900839498993
0.9999900839497357
0.9999900839499095
0.9999900839499155
0.999990083949876
0.9999900839496433
0.9999900839498771
0.9999900839498482
0.9999900839498782
0.9999900839499155
0.9999900839484129
0.9999900839482695
0.99999008394988
0.9999900839483414
0.9999900839480508
0.9999900839499155
0.9999900839498649
0.9999900839493655
0.9999900839493528
0.9999900839454796
0.9999900839462519
0.9999900839492818
0.9999900839439548
0.9999900839447271
0.9999900839418759
0.9999900839343172
0.9999900839323121
0.9999900839378509
0.9999900838872633
0.9999900837386563
0.9999900838097509
0.9999900837707895
0.9999900831411299
0.9999900835795285
0.9999900830331926
0.9999900821977497
0.9999900794949709
0.9999900816804553
0.9999900832525703
0.9999900353933251
0.9999900146816949
0.999990079009142
0.9999900839499155
0.9999900839499155
0.9999894286949744
0.999989091640839
0.9999868204168636
0.9998952767781231
0.311086844070682
0.311086844070682
0.311086844070682
0.311086844070682
0.311086844070682
0.311086844070682
0.311086844070682
0.311086844070682
0.311086844070682
0.311086844070682
0.311086844070682
0.311086844070682
0.311086844070682
0.311086844070682
0.311086844070682
0.311086844070682
0.311086844070682
0.311086844070682
0.311086844070682
0.311086844070682
0.311086844070682
0.311086844070682
0.311086844070682
0.311086844070682
0.311086844070682
0.311086844070682
0.311086844070682
0.311086844070682
0.311086844070682
0.311086844070682
0.311086844070682
0.311086844070682
0.311086844070682
0.311086844070682
0.311086844070682
0.311086844070682
0.9999900839499155
0.9999900839499155
0.9999900839499155
0.9999900839499155
0.9999900839499155
0.9999900839499155
0.9999900839499155
0.9999900839499155
0.9999900839499155
0.9999900839499155
0.9999900839499155
0.9999900839499155
0.9999900839499155
0.9999900839499155
0.9999900839499155
0.9999900839499155
0.9999900839499155
0.9999900839499155
0.9999900839499155
0.9999900839499155
0.9999900839499155
0.9999900839499155
0.9999900839499155
0.9999900839499155
0.9999900839499155
0.9999900839499155
0.9999900839499155
0.9999900839499155
0.9999900839499155
0.9999900839499155
0.9999900839499155
0.9999900839499155
0.9999900839499155
0.9999900839499155
0.9999900839499155
0.9999900839499155
0.9999900839499155
0.9999900839499155
0.9999900839499155
0.9999900839499155
0.9999900839499155
0.9999900839499155
0.9999900839499155
0.9999900839499155
0.9999900839499155
0.9999900839499155
0.9999900839499155
0.9999900839499155
0.9999900839499155
0.9999900839499155
0.9999900839499155
0.9999900839499155
0.9999900839499155
0.9999900839499155
0.9999900839499155
0.9999900839499155
0.9999900839499155
0.9999900839499155
0.9999900839499155
0.9999900839499155
0.9999900839499155
0.9999900839499155
0.9999900839499155
0.9999900839499155
0.9999900839499155
0.9999900839499155
0.9999900839499155
0.9999900839499155
0.9999900839499155
0.9999900839499155
0.9999900839499155
0.9999900839499155
0.9999900839499155
0.9999900839499155
0.9999900839499155
0.9999900839499155
0.9999900839499155
0.9999900839499155
0.9999900839499155
0.9999900839499155
0.9999900839499155
0.9999900839499155
0.9999900839499155
0.9999900839499155
0.9999900839499155
0.9999900839499155
0.9999900839499155
0.9999900839499155
0.9999900839499155
0.9999900839499155
0.9999900839499155
0.9999900839499155
0.9999900839499155
0.9999900839499155
0.9999900839499155
0.9999900839499155
0.9999900839499155
0.9999900839499155
0.9999900839499155
0.9999900839499155
0.9999900839499155
0.9999900839499155
0.9999900839499155
0.9999900839499155
0.9999900839499155
0.9999900839499155
0.9999900839499155
0.9999900839499155
0.9999900839499155
0.9999900839499155
0.9999900839499155
0.9999900839499155
0.9999900839499155
0.9999900839499155
0.9999900839497305
0.9999900839499155
0.9999900839499155
0.9999900839499155
0.9999900839499155
0.9999900839499155
0.9999900839499155
0.9999900839499155
0.9999900839499155
0.9999900839499153
0.9999900839499155
0.9999900839499155
0.9999900839499155
0.9999900839499155
0.9999900839499155
0.9999900839499155
0.9999900839499155
0.9999900839499155
0.9999900839499155
0.9999900839499155
0.9999900839499155
0.9999900839499155
0.9999900839499155
0.9999900839499155
0.9999900839499155
0.9999900839499155
0.9999900839499155
0.9999900839499155
0.9999900839499155
0.9999900839499155
0.9999900839499155
0.9999900839499155
0.9999900839499155
0.9999900839490105
0.9999900839497221
0.9999900839499155
0.9999900839499155
0.9999900839499155
0.9999900839499155
0.9999900839499155
0.9999900839499155
0.9999900839487766
0.9999900839475198
0.9999900839499155
0.9999900839499155
0.9999900839476088
0.9999900839456091
0.9999900839499155
0.9999900839499155
0.9999900839499155
0.9999900839499155
0.9999900839499155
0.9999900839499128
0.9999900839358422
0.9999900839499084
0.9999900839423197
0.9999900839499155
0.9999900839499137
0.9999900838949499
0.9999900838981821
0.999990083949908
0.9999900839499155
0.9999900839499155
0.9999900837913539
0.9999900839499155
0.9999900838642506
0.9999900838129432
0.9999900839499155
0.9999900838752107
0.9999900839499155
0.9999900839499155
0.9999900839499155
0.9999900839499148
0.9999900831812385
0.9999900837445868
0.9999900839499155
0.9999900839495647
0.9999900839499086
0.9999900823589086
0.999990083941663
0.9999900839498485
0.9999900637892007
0.9999900839497441
0.9999899531780935
0.9999900839498693
0.9999900839497963
0.9999900839494259
0.999990083913715
0.9999893813174103
0.9999900839499091
0.9999897399409113
0.9999896743564076
0.9999900839223026
0.311086844070682
0.311086844070682
0.311086844070682
0.311086844070682
0.311086844070682
0.311086844070682
0.311086844070682
0.311086844070682
0.9999900839499155
0.9999900839499155
0.9999900839499155
0.9999900839499155
0.9999900839499155
0.9999900839499155
0.9999900839499155
0.9999900839499155
0.9999900839499155
0.999990083949914
0.9999900839499155
0.9999900839499155
0.9999900839499106
0.9999900839499155
0.9999900839499155
0.9999900839499155
0.9999900839498937
0.9999900839499155
0.9999900839499155
0.9999900839499155
0.9999900839499155
0.9999900839493495
0.9999900839499155
0.9999900839499155
0.9999900839497492
0.9999900839499155
0.9999900839499155
0.9999900839499155
0.9999900839499155
0.9999900839499155
0.9999900839498651
0.9999900839499155
0.9999900839499155
0.9999900839499155
0.9999900839499155
0.9999900839499155
0.9999900839499155
0.9999900839460174
0.9999900839458673
0.9999900839499155
0.9999900839499155
0.9999900839499155
0.9999900839499155
0.9999900839499155
0.9999900839499155
0.9999900839395542
0.9999900839336606
0.9999900839499155
0.9999900839452152
0.9999900839499155
0.9999900839499155
0.9999900839499155
0.9999900839499155
0.9999900839499155
0.9999900839499155
0.9999900839499155
0.999990083897538
0.9999900839233749
0.9999900838727863
0.9999900839291388
0.9999900839499155
0.9999900839499153
0.9999900839499153
0.9999900839499155
0.9999900839499155
0.9999900833431294
0.9999900839499155
0.999990083128915
0.9999900839499155
0.9999900839499155
0.9999900826667472
0.9999900839499144
0.9999900837539253
0.9999900839499155
0.9999900839499153
0.9999900786418552
0.9999900793327978
0.9999900806366194
0.9999900733290127
0.9999881553780244
0.311086844070682
0.311086844070682
0.311086844070682
0.311086844070682
0.311086844070682
0.311086844070682
0.311086844070682
0.311086844070682
0.311086844070682
0.311086844070682
0.311086844070682
0.311086844070682
0.311086844070682
0.311086844070682
0.311086844070682
0.311086844070682
0.311086844070682
0.311086844070682
0.311086844070682
0.311086844070682
0.311086844070682
0.311086844070682
0.311086844070682
0.311086844070682
0.311086844070682
0.311086844070682
0.311086844070682
0.311086844070682
0.311086844070682
0.311086844070682
0.311086844070682
0.311086844070682
0.9999900839499155
0.9999900839499155
0.9999900839499155
0.9999900839499155
0.9999900839499155
0.9999900839499155
0.9999900839499155
0.9999900839499155
0.9999900839499155
0.9999900839499155
0.9999900839499155
0.9999900839499155
0.9999900839499155
0.9999900839499155
0.9999900839499155
0.9999900839499155
0.9999900839499155
0.9999900839499155
0.9999900839499155
0.9999900839499155
0.9999900839499155
0.9999900839499155
0.9999900839499155
0.9999900839499155
0.9999900839499155
0.9999900839499155
0.9999900839499155
0.9999900839499155
0.9999900839499155
0.9999900839499155
0.9999900839499051
0.9999900839499155
0.9999900839499155
0.9999900839499155
0.9999900839499155
0.9999900839499155
0.9999900839499155
0.9999900839499155
0.9999900839499155
0.9999900839499155
0.9999900839498875
0.9999900839499155
0.9999900839499155
0.9999900839499155
0.9999900839499155
0.9999900839496564
0.9999900839499155
0.9999900839499155
0.9999900839499155
0.9999900839499155
0.9999900839499155
0.9999900839499155
0.9999900839499155
0.9999900839499155
0.9999900839499155
0.9999900839499155
0.9999900839499155
0.9999900839499155
0.9999900839499155
0.9999900839499155
0.9999900839499155
0.9999900839499155
0.9999900839499155
0.9999900839483652
0.9999900839499155
0.9999900839499155
0.9999900839499155
0.9999900839499155
0.9999900839499155
0.9999900839499155
0.9999900839499155
0.9999900839499155
0.9999900839499155
0.9999900839429103
0.9999900839499155
0.9999900839437439
0.9999900839499155
0.9999900839499155
0.9999900839499155
0.9999900839499153
0.9999900839499155
0.9999900839499155
0.9999900839438995
0.9999900839499155
0.9999900839499155
0.9999900839499155
0.9999900839499155
0.9999900839499155
0.9999900839499155
0.9999900839499155
0.9999900839499155
0.9999900839499155
0.9999900839499155
0.9999900839499155
0.9999900839499155
0.9999900839499155
0.9999900839499155
0.9999900839499155
0.9999900839499155
0.9999900839499155
0.9999900839355198
0.9999900839499155
0.9999900839499155
0.9999900839499155
0.9999900839499155
0.9999900839499155
0.9999900838909097
0.9999900839499155
0.9999900839499155
0.9999900839499155
0.9999900839499155
0.9999900839499155
0.9999900839499155
0.9999900839499155
0.9999900839499155
0.9999900839499155
0.9999900839229181
0.9999900839499155
0.9999900839499155
0.9999900839499155
0.9999900838543943
0.9999900839499155
0.9999900839499153
0.9999900839499144
0.9999900839499155
0.9999900836467476
0.9999900833114038
0.9999900839499155
0.9999900839499155
0.9999900839499155
0.999990083390197
0.9999900839499155
0.9999900839499155
0.9999900822222292
0.9999900781376401
0.9999900774117173
0.9999900835642874
0.9999900829590702
0.9999900836874267
0.9999900839499151
0.9999900804365988
0.9999900839499151
0.9999900324100701
0.9999900200962817
0.9999900078676283
0.9999900010818665
0.9999899068120591
0.9999900303815046
0.9999900839499155
0.9999900839471949
0.9999893532400859
0.311086844070682
0.311086844070682
0.311086844070682
0.311086844070682
0.9999900839499155
0.9999900839499155
0.9999900839499155
0.9999900839499155
0.9999900839499151
0.9999900839499155
0.9999900839499155
0.9999900839499155
0.9999900839499155
0.9999900839499146
0.9999900839499155
0.9999900839499155
0.9999900839499155
0.9999900839499155
0.9999900839499155
0.9999900839499155
0.9999900839499155
0.9999900839499155
0.9999900839499155
0.9999900839499155
0.9999900839499155
0.9999900839499126
0.9999900839499155
0.9999900839499155
0.9999900839499155
0.9999900839498695
0.9999900839499155
0.9999900839499155
0.9999900839498997
0.9999900839499155
0.9999900839498478
0.9999900839499155
0.9999900839499155
0.9999900839499155
0.9999900839499155
0.9999900839499155
0.9999900839495691
0.9999900839497778
0.9999900839493804
0.9999900839497743
0.9999900839491728
0.9999900839498072
0.9999900839498538
0.9999900839499155
0.9999900839478356
0.9999900839477469
0.9999900839499155
0.9999900839464546
0.9999900839499155
0.9999900839491848
0.9999900839451976
0.9999900839342748
0.999990083941979
0.9999900839460942
0.9999900839499153
0.9999900839305033
0.9999900839350382
0.9999900839499155
0.9999900838341556
0.9999900839108591
0.9999900838876854
0.9999900838423403
0.9999900838670719
0.9999900839499155
0.9999900838550562
0.9999900839499155
0.9999900838407779
0.9999900839499155
0.9999900839499106
0.9999900837809944
0.9999900839499153
0.9999900839499126
0.9999900837831687
0.999990081622757
0.9999900835542788
0.9999900776030711
0.9999900839499055
0.9999900812953727
0.9999900831209673
0.9999900839496382
0.9999900768905948
0.9999900828323901
0.999990073987516
0.9999900689076529
0.9999900633070125
0.9999900839498993
0.9999900546249089
0.9999900811711413
0.9999900454670837
0.9999899187610265
0.9999900839498722
0.9999898877260278
0.9999900839498715
0.9999869025411814
0.9999825562534453
0.311086844070682
0.311086844070682
0.311086844070682
0.311086844070682
0.311086844070682
0.311086844070682
0.311086844070682
0.311086844070682
0.311086844070682
0.311086844070682
0.311086844070682
0.311086844070682
0.311086844070682
0.311086844070682
0.311086844070682
0.311086844070682
0.311086844070682
0.311086844070682
0.311086844070682
0.311086844070682
0.311086844070682
0.311086844070682
0.311086844070682
0.311086844070682
0.311086844070682
0.311086844070682
0.311086844070682
0.311086844070682
0.311086844070682
0.311086844070682
0.311086844070682
0.311086844070682
0.311086844070682
0.311086844070682
0.311086844070682
0.311086844070682
0.311086844070682
0.311086844070682
0.311086844070682
0.9999900839499155
0.9999900839499155
0.9999900839499155
0.9999900839499155
0.9999900839499155
0.9999900839499155
0.9999900839499155
0.9999900839499155
0.9999900839499155
0.9999900839499155
0.9999900839499155
0.9999900839499155
0.9999900839499155
0.9999900839499155
0.9999900839499155
0.9999900839499155
0.9999900839499155
0.9999900839499155
0.9999900839499155
0.9999900839499155
0.9999900839499155
0.9999900839499155
0.9999900839499155
0.9999900839499155
0.9999900839499155
0.9999900839499155
0.9999900839499155
0.9999900839499155
0.9999900839499155
0.9999900839499155
0.9999900839499155
0.9999900839499155
0.9999900839499155
0.9999900839499142
0.9999900839499155
0.9999900839499155
0.9999900839499155
0.9999900839499155
0.9999900839499155
0.9999900839499155
0.9999900839499155
0.9999900839499155
0.9999900839499155
0.9999900839499155
0.9999900839499155
0.9999900839499155
0.9999900839499155
0.9999900839499155
0.9999900839499155
0.9999900839499155
0.9999900839499155
0.9999900839499155
0.9999900839499155
0.9999900839499155
0.9999900839499155
0.9999900839499155
0.9999900839499128
0.9999900839499155
0.9999900839499155
0.9999900839499155
0.9999900839499155
0.9999900839499155
0.9999900839499155
0.9999900839499155
0.9999900839499155
0.9999900839499155
0.9999900839498984
0.9999900839499155
0.9999900839499155
0.9999900839499155
0.9999900839499155
0.9999900839499155
0.9999900839499155
0.999990083949904
0.9999900839499155
0.9999900839499155
0.9999900839499155
0.9999900839499155
0.9999900839499155
0.9999900839499155
0.9999900839499155
0.9999900839499155
0.9999900839499155
0.9999900839499155
0.9999900839499155
0.9999900839499155
0.9999900839499155
0.9999900839499155
0.9999900839499155
0.9999900839499155
0.9999900839499155
0.9999900839497878
0.9999900839499155
0.9999900839499155
0.9999900839496517
0.9999900839499155
0.9999900839490029
0.9999900839499155
0.9999900839499155
0.9999900839499155
0.9999900839499155
0.9999900839499155
0.9999900839499155
0.9999900839499155
0.9999900839481136
0.9999900839499155
0.9999900839462061
0.9999900839499155
0.9999900839499155
0.9999900839499155
0.9999900839499155
0.9999900839481549
0.9999900839499155
0.9999900839499155
0.9999900839499155
0.9999900839072197
0.9999900839080998
0.9999900838910494
0.9999900839499155
0.9999900839499155
0.9999900837047137
0.9999900839499155
0.9999900839499155
0.9999900839499155
0.9999900801794671
0.9999900839499148
0.9999900641650353
0.9999899168261323
0.9999894402733385
0.9999892049540976
0.9999842308869047
0.9999759023434465
0.311086844070682
0.311086844070682
0.9999900839499155
0.9999900839499155
0.9999900839499155
0.9999900839499155
0.9999900839499155
0.9999900839499155
0.9999900839499155
0.9999900839499155
0.9999900839499155
0.9999900839499155
0.9999900839499155
0.9999900839499135
0.9999900839499155
0.9999900839499155
0.9999900839499155
0.9999900839499155
0.9999900839499155
0.9999900839499155
0.9999900839499155
0.9999900839496992
0.9999900839499155
0.9999900839499155
0.9999900839499155
0.9999900839499155
0.9999900839499155
0.9999900839499155
0.9999900839499155
0.9999900839499155
0.9999900839495791
0.9999900839499155
0.9999900839495307
0.9999900839499155
0.9999900839499155
0.9999900839489614
0.9999900839499155
0.9999900839491626
0.9999900839499155
0.9999900839499155
0.9999900839472529
0.9999900839492116
0.9999900839499155
0.9999900839499155
0.9999900839499155
0.9999900839469158
0.9999900839420494
0.9999900839499155
0.999990083939765
0.9999900839376589
0.9999900839382031
0.9999900839499155
0.9999900839499155
0.9999900839305021
0.9999900839310867
0.9999900839499155
0.9999900839499155
0.999990083915835
0.9999900839499155
0.9999900839499155
0.9999900839499155
0.9999900839499155
0.9999900839499155
0.9999900839499155
0.9999900839499155
0.9999900839499155
0.9999900839469658
0.9999900839499155
0.9999900839499155
0.9999900838524513
0.9999900839499155
0.9999900839499153
0.9999900837963184
0.9999900839499155
0.9999900839499155
0.9999900839499155
0.9999900839499155
0.9999900839499151
0.9999900839499155
0.9999900837451108
0.9999900839499155
0.9999900839499155
0.99999008304792
0.9999900831488715
0.9999900835028496
0.9999900839499155
0.9999900834111196
0.9999900821723334
0.9999900830175807
0.9999900823069995
0.9999900823069995
0.9999900839499155
0.9999900839499151
0.9999900839499155
0.9999900839499155
0.9999900827186498
0.9999900839499151
0.9999900784072409
0.9999900839499148
0.9999900815683359
0.9999900731527512
0.9999900699111107
0.9999900839498957
0.9999900676660838
0.9999900811729846
0.9999900433481411
0.99999008394991
0.9999900769058794
0.9999900839499006
0.9999900734197732
0.9999900482097467
0.9999899842658122
0.9999900438680083
0.9999898553541967
0.9999897867054487
0.9999900286623636
0.9999898036079578
0.9999897589457202
0.9999897181891257
0.9999894635596921
0.9999891042698662
0.9999892716421402
0.9999861917967222
0.9999887019666225
0.311086844070682
0.311086844070682
0.311086844070682
0.311086844070682
0.311086844070682
0.311086844070682
0.311086844070682
0.311086844070682
0.311086844070682
0.311086844070682
0.311086844070682
0.311086844070682
0.311086844070682
0.311086844070682
0.311086844070682
0.311086844070682
0.311086844070682
0.311086844070682
0.311086844070682
0.311086844070682
0.311086844070682
0.311086844070682
0.311086844070682
0.311086844070682
0.311086844070682
0.311086844070682
0.311086844070682
0.311086844070682
0.311086844070682
0.311086844070682
0.311086844070682
0.311086844070682
0.311086844070682
0.311086844070682
0.311086844070682
0.311086844070682
0.311086844070682
0.311086844070682
0.311086844070682
0.311086844070682
0.311086844070682
0.311086844070682
0.311086844070682
0.311086844070682
0.311086844070682
0.311086844070682
0.311086844070682
0.311086844070682
0.311086844070682
0.311086844070682
0.311086844070682
0.311086844070682
0.311086844070682
