1.6096951230899867
1.3007048112489203
0.9156906988459003
0.7427106972353129
0.604561131854167
0.746322255046967
0.5814302421843491
0.685672451601607
0.604561131854167
0.7177816579323119
0.7003381835518709
0.6585246471012631
0.9663932033782676
0.35280478755436734
0.8518794782529314
0.7618607297673144
0.6585246471012631
0.6410811727208222
0.6410811727208222
0.9489497289978268
1.0257272659598178
0.8175047365378317
0.6410811727208222
0.33536131317392637
0.7003381835518709
0.7003381835518709
0.6585246471012631
0.5465609680642151
0.6410811727208222
0.6410811727208222
0.9489497289978268
0.6958367273808808
0.7003381835518709
0.6329657833956076
0.33536131317392637
0.668228977221166
0.5465609680642151
0.9137635869227698
0.5737087725645589
0.6410811727208222
0.5737087725645589
0.2842935252922102
0.5465609680642151
0.5737087725645589
0.3789906738984648
0.5465609680642151
0.3789906738984648
0.8544295243412197
0.8544295243412197
0.2408411085173192
0.6958367273808808
0.6410811727208222
0.2408411085173192
0.2408411085173192
0.3789906738984648
0.26175615393064827
0.2408411085173192
0.6410811727208222
0.5465609680642151
0.6058179788952638
0.4885834589274474
0.26175615393064827
0.5670082772838646
0.2408411085173192
0.2408411085173192
0.5157312634277913
0.4885834589274474
0.42932644809639864
0.2408411085173192
0.26175615393064827
0.26175615393064827
0.26175615393064827
0.26175615393064827
0.5465609680642151
0.2408411085173192
0.3789906738984648
0.12360658854950264
0.4885834589274474
0.46953211106619824
0.2408411085173192
0.4885834589274474
0.42932644809639864
0.16705900532439366
0.12360658854950264
0.42932644809639864
0.4885834589274474
0.2408411085173192
0.5157312634277913
0.4564742525967425
0.26175615393064827
0.2408411085173192
0.16705900532439366
0.41027510023514946
0.6329657833956076
0.26175615393064827
0.4966799155665421
0.26175615393064827
0.2427048060693991
0.12360658854950264
0.12360658854950264
0.12360658854950264
0.12360658854950264
0.12360658854950264
0.43742290473549333
0.42932644809639864
0.12360658854950264
0.26175615393064827
0.41027510023514946
0.4564742525967425
0.12360658854950264
0.12360658854950264
0.42932644809639864
0.12360658854950264
0.43742290473549333
0.10455524068825343
0.41027510023514946
0.2427048060693991
0.2427048060693991
0.4966799155665421
0.41027510023514946
0.41027510023514946
0.2427048060693991
0.10455524068825343
0.2427048060693991
0.41027510023514946
0.2427048060693991
0.22294645231924906
0.22294645231924906
0.04345241677489101
0.39051674648499946
0.305719859546896
0.019758353750150053
0.22294645231924906
0.10455524068825343
0.0
0.0
0.13814956538114564
0.0
1.368570425593187
1.6096951230899867
1.2159610640441745
0.985942816799881
1.005651038592136
0.9642047197443745
0.8522410407073264
0.9467612453639336
0.9964017418497423
0.9467612453639336
1.138215632391701
1.0579242880651858
1.0191145864537865
1.0191145864537865
0.9079515437525344
0.9079515437525344
0.9079515437525344
0.8522410407073264
0.5282664332151304
0.9079515437525344
0.9079515437525344
0.9079515437525344
0.9079515437525344
0.9079515437525344
0.8522410407073264
0.5839769362603385
0.5839769362603385
0.8522410407073264
1.0579242880651858
0.5282664332151304
0.6058179788952638
0.33536131317392637
0.8522410407073264
0.8522410407073264
0.4690094223840818
0.4301997207726826
0.2408411085173192
0.8522410407073264
0.5282664332151304
0.35280478755436734
0.8522410407073264
0.2408411085173192
0.9634040834085785
0.47351087855507207
0.2408411085173192
0.2408411085173192
0.2408411085173192
0.2408411085173192
0.2408411085173192
0.2408411085173192
0.8522410407073264
0.2408411085173192
0.6058179788952638
0.8522410407073264
0.2408411085173192
0.2408411085173192
0.2408411085173192
0.2408411085173192
0.5282664332151304
0.8331896928460772
0.2408411085173192
0.8522410407073264
0.2408411085173192
0.8522410407073264
0.2408411085173192
0.2408411085173192
0.2408411085173192
0.2408411085173192
0.2408411085173192
0.2408411085173192
0.3789906738984648
0.3789906738984648
0.2408411085173192
0.2408411085173192
0.3789906738984648
0.2408411085173192
0.8522410407073264
0.3789906738984648
0.3789906738984648
0.2408411085173192
0.5282664332151304
0.8134313390959272
0.2408411085173192
0.3789906738984648
0.2408411085173192
0.3789906738984648
0.3789906738984648
0.2408411085173192
0.4894567316037314
0.26175615393064827
0.5092150853538814
0.2408411085173192
0.22294645231924906
0.2408411085173192
0.2408411085173192
0.3789906738984648
0.2408411085173192
0.5092150853538814
0.12360658854950264
0.4499580745228326
0.2408411085173192
0.2408411085173192
0.2408411085173192
0.2408411085173192
0.3789906738984648
0.3789906738984648
0.2408411085173192
0.2408411085173192
0.2408411085173192
0.2408411085173192
0.2408411085173192
0.2427048060693991
0.12360658854950264
0.12360658854950264
0.12360658854950264
0.12360658854950264
0.12360658854950264
0.2408411085173192
0.2408411085173192
0.26175615393064827
0.12360658854950264
0.12360658854950264
0.12360658854950264
0.10455524068825343
0.10455524068825343
0.10455524068825343
0.10455524068825343
0.10455524068825343
0.10455524068825343
0.10455524068825343
0.10455524068825343
0.10455524068825343
0.22294645231924906
0.10455524068825343
0.019758353750150053
0.0
0.0
0.04345241677489101
0.0
0.0
0.0
0.0
0.0
0.0
0.0
0.0
0.0
0.0
0.0
0.0
0.0
0.0
0.0
1.3257313141311156
1.3257313141311156
0.9503345176345134
1.2145682714298631
0.648013548629058
1.303031953893873
0.7177816579323119
0.9267878107472867
1.0753677624456266
0.9267878107472867
0.35280478755436734
0.9467612453639336
0.49095435293551304
0.49095435293551304
0.9642047197443745
0.8078004064179288
0.9467612453639336
1.059556750717729
0.7177816579323119
0.9467612453639336
0.7413179046210016
0.7588078205202274
0.3745428846098738
0.7177816579323119
0.6585246471012631
0.6585246471012631
0.7003381835518709
1.340448862890961
0.7449294624326557
0.6031683392398557
0.7177816579323119
0.47351087855507207
0.47351087855507207
0.6031683392398557
0.6744121022433692
0.49095435293551304
0.6058179788952638
0.49095435293551304
0.33536131317392637
0.2408411085173192
0.47351087855507207
0.35280478755436734
0.9642047197443745
0.33536131317392637
0.6585246471012631
0.6329657833956076
0.6232614532757047
0.6329657833956076
0.33536131317392637
0.6031683392398557
0.26175615393064827
0.3789906738984648
0.6329657833956076
0.3789906738984648
0.2408411085173192
0.6329657833956076
0.5465609680642151
0.3789906738984648
0.2408411085173192
0.5465609680642151
0.4885834589274474
0.2408411085173192
0.3789906738984648
0.35280478755436734
0.4885834589274474
0.5465609680642151
0.3789906738984648
0.5060733748266733
0.35280478755436734
0.5670082772838646
0.5077512664528159
0.5501060051428908
0.26175615393064827
0.4885834589274474
0.42932644809639864
0.26175615393064827
0.42932644809639864
0.5157312634277913
0.3789906738984648
0.3401809722870656
0.2408411085173192
0.4885834589274474
0.5157312634277913
0.42932644809639864
0.5157312634277913
0.2842935252922102
0.26175615393064827
0.4885834589274474
0.4885834589274474
0.26175615393064827
0.42932644809639864
0.4885834589274474
0.5941560817842084
0.42932644809639864
0.5157312634277913
0.42932644809639864
0.2842935252922102
0.4885834589274474
0.5157312634277913
0.4885834589274474
0.2842935252922102
0.3789906738984648
0.5501060051428908
0.26175615393064827
0.4885834589274474
0.4885834589274474
0.44977375731604824
0.856728767452914
0.12360658854950264
0.42932644809639864
0.5941560817842084
0.5941560817842084
0.12360658854950264
0.5670082772838646
0.5670082772838646
0.26175615393064827
0.42932644809639864
0.44977375731604824
0.8522410407073264
0.26175615393064827
0.44977375731604824
0.42932644809639864
0.2408411085173192
0.39051674648499946
0.4885834589274474
0.42932644809639864
0.12360658854950264
0.26175615393064827
0.5157312634277913
0.26175615393064827
0.12360658854950264
0.46953211106619824
0.5157312634277913
0.42932644809639864
0.12360658854950264
0.4885834589274474
0.12360658854950264
0.46953211106619824
0.12360658854950264
0.46953211106619824
0.26175615393064827
0.42932644809639864
0.46953211106619824
0.26175615393064827
0.26175615393064827
0.4885834589274474
0.46953211106619824
0.5310546572816417
0.5157312634277913
0.2408411085173192
0.4885834589274474
0.26175615393064827
0.2408411085173192
0.26175615393064827
0.26175615393064827
0.41027510023514946
0.16705900532439366
0.12360658854950264
0.2427048060693991
0.12360658854950264
0.26175615393064827
0.41027510023514946
0.26175615393064827
0.39051674648499946
0.39051674648499946
0.12360658854950264
0.41027510023514946
0.39051674648499946
0.39051674648499946
0.39051674648499946
0.39051674648499946
0.39051674648499946
0.22294645231924906
0.22294645231924906
0.22294645231924906
0.22294645231924906
0.22294645231924906
0.12360658854950264
0.22294645231924906
0.22294645231924906
0.22294645231924906
0.41027510023514946
0.22294645231924906
0.22294645231924906
0.12360658854950264
0.22294645231924906
0.2427048060693991
0.22294645231924906
0.22294645231924906
0.46953211106619824
0.2427048060693991
0.14800765746314445
0.2427048060693991
0.14800765746314445
0.10455524068825343
0.10455524068825343
0.2427048060693991
0.10455524068825343
0.22294645231924906
0.22294645231924906
0.22294645231924906
0.2427048060693991
0.2427048060693991
0.10455524068825343
0.15790791913129568
0.13814956538114564
0.04345241677489101
0.019758353750150053
0.0
0.0
0.0
0.0
0.0
0.0
0.0
0.0
0.0
0.0
0.0
0.0
0.0
0.0
0.0
0.0
0.0
0.0
0.0
0.0
0.0
0.0
0.0
0.0
0.0
0.0
0.0
1.6336515260385214
0.7177816579323119
0.49095435293551304
0.49095435293551304
0.7592279767800735
0.49095435293551304
0.8078004064179288
0.49095435293551304
0.47351087855507207
0.49095435293551304
0.8078004064179288
0.7003381835518709
0.7903569320374879
0.3789906738984648
0.3789906738984648
0.5327678893861207
0.7003381835518709
0.5327678893861207
0.3789906738984648
0.2408411085173192
0.6058179788952638
0.6233078947944897
0.4382476847295136
0.3789906738984648
0.6058179788952638
0.3789906738984648
0.6058179788952638
0.26175615393064827
0.3789906738984648
0.26175615393064827
0.49095435293551304
0.321013164761697
0.321013164761697
0.4885834589274474
0.4382476847295136
0.6058179788952638
0.3789906738984648
0.26175615393064827
0.26175615393064827
0.26175615393064827
0.26175615393064827
0.26175615393064827
0.26175615393064827
0.26175615393064827
0.6081172220069582
0.6081172220069582
0.2408411085173192
0.5670082772838646
0.4885834589274474
0.4885834589274474
0.26175615393064827
0.3401809722870656
0.26175615393064827
0.3401809722870656
0.12360658854950264
0.5465609680642151
0.3401809722870656
0.3401809722870656
0.26175615393064827
0.26175615393064827
0.26175615393064827
0.26175615393064827
0.2427048060693991
0.46953211106619824
0.26175615393064827
0.26175615393064827
0.2427048060693991
0.12360658854950264
0.2427048060693991
0.12360658854950264
0.12360658854950264
0.10455524068825343
0.22178976065607
0.22178976065607
0.10455524068825343
0.22178976065607
0.44977375731604824
0.10455524068825343
0.10455524068825343
0.4316256912080932
0.10455524068825343
0.2427048060693991
0.10455524068825343
0.10455524068825343
0.10455524068825343
0.10455524068825343
0.10455524068825343
0.10455524068825343
0.10455524068825343
0.10455524068825343
0.019758353750150053
0.10455524068825343
0.13814956538114564
0.10455524068825343
0.10455524068825343
0.10455524068825343
0.10455524068825343
0.10455524068825343
0.019758353750150053
0.305719859546896
0.019758353750150053
0.10455524068825343
0.10455524068825343
0.0
0.0
0.0
0.0
0.0
0.0
0.0
0.0
1.2159610640441745
1.5922052071907613
1.0753677624456266
1.340448862890961
0.7217090630045313
0.9642047197443745
1.04329226384222
0.9663932033782676
0.49100079445429795
0.49095435293551304
0.5465609680642151
0.7229845318812246
0.6058179788952638
0.5465609680642151
0.26175615393064827
0.6329657833956076
0.42932644809639864
0.26175615393064827
0.42932644809639864
0.42932644809639864
0.42932644809639864
0.12360658854950264
0.5077512664528159
0.5077512664528159
0.26175615393064827
0.26175615393064827
0.26175615393064827
0.26175615393064827
0.42932644809639864
0.42932644809639864
0.26175615393064827
0.26175615393064827
0.12360658854950264
0.26175615393064827
0.42932644809639864
0.22294645231924906
0.26175615393064827
0.26175615393064827
0.42932644809639864
0.10455524068825343
0.2427048060693991
0.2427048060693991
0.10455524068825343
0.10455524068825343
0.2427048060693991
0.10455524068825343
0.10455524068825343
0.10455524068825343
0.10455524068825343
0.04345241677489101
0.0
0.04345241677489101
0.0
0.0
0.0
0.0
1.59081241457645
1.306775503549373
1.306775503549373
1.3441408986169654
1.303031953893873
0.9503345176345134
1.0581639581034177
1.1231250025176078
1.5128203133616278
1.0581639581034177
0.9952930141181443
1.2167567550637566
1.2167567550637566
0.7666675594881622
1.0542292488651304
1.1565630891984897
1.1565630891984897
0.8078004064179288
0.9088881987867518
0.6585246471012631
0.7074105486571135
0.8544295243412197
0.685672451601607
0.6585246471012631
0.6585246471012631
0.49095435293551304
0.6615284819404718
0.7573592735963243
0.8727614508321193
0.35280478755436734
0.3962572043292584
0.2842935252922102
1.100852586153282
0.8544295243412197
0.7782412461755122
0.6058179788952638
1.0001587758720445
1.0001587758720445
0.3964341482789058
0.6058179788952638
0.5465609680642151
0.5465609680642151
0.2842935252922102
0.5465609680642151
0.42932644809639864
0.42932644809639864
0.5941560817842084
0.4885834589274474
0.6329657833956076
0.5465609680642151
0.4885834589274474
0.8958758431889813
0.42932644809639864
0.42932644809639864
0.6329657833956076
0.7573592735963243
0.42932644809639864
0.3789906738984648
0.42932644809639864
0.26175615393064827
0.4885834589274474
0.8156198227298205
0.8156198227298205
0.4885834589274474
0.5157312634277913
0.5465609680642151
0.42932644809639864
0.26175615393064827
0.26175615393064827
0.737195004373403
0.5465609680642151
0.5157312634277913
0.42932644809639864
0.4885834589274474
0.3789906738984648
0.26175615393064827
0.42932644809639864
0.26175615393064827
0.12360658854950264
0.16705900532439366
0.42932644809639864
0.26175615393064827
0.4885834589274474
0.6435632518272549
0.4564742525967425
0.42932644809639864
0.42932644809639864
0.5157312634277913
0.26175615393064827
0.26175615393064827
0.42932644809639864
0.42932644809639864
0.12360658854950264
0.4885834589274474
0.4564742525967425
0.4564742525967425
0.42932644809639864
0.42932644809639864
0.26175615393064827
0.4885834589274474
0.5157312634277913
0.12360658854950264
0.42932644809639864
0.26175615393064827
0.42932644809639864
0.42932644809639864
0.42932644809639864
0.5157312634277913
0.26175615393064827
0.6610531677264808
0.42932644809639864
0.26175615393064827
0.42932644809639864
0.26175615393064827
0.42932644809639864
0.12360658854950264
0.5941560817842084
0.42932644809639864
0.42932644809639864
0.26175615393064827
0.4564742525967425
0.26175615393064827
0.26175615393064827
0.26175615393064827
0.42932644809639864
0.2427048060693991
0.42932644809639864
0.42932644809639864
0.42932644809639864
0.26175615393064827
0.26175615393064827
0.42932644809639864
0.39051674648499946
0.39051674648499946
0.39051674648499946
0.39051674648499946
0.42932644809639864
0.16705900532439366
0.4564742525967425
0.03880970161139925
0.019758353750150053
0.2427048060693991
0.06321077052504105
0.019758353750150053
0.15790791913129568
0.41027510023514946
0.06321077052504105
0.10455524068825343
0.1282493037129944
0.22294645231924906
0.22294645231924906
0.2958195978787448
0.0
0.604561131854167
0.800336921503167
0.7449759039514406
0.6410811727208222
0.7003381835518709
0.7003381835518709
1.3230053885105202
0.7003381835518709
0.6958367273808808
0.12360658854950264
0.12360658854950264
0.4885834589274474
0.12360658854950264
0.8117948217256624
0.12360658854950264
0.8461695634407621
0.12360658854950264
0.12360658854950264
0.5786022074130642
0.12360658854950264
0.12360658854950264
0.8117948217256624
1.1112506638860966
0.12360658854950264
0.12360658854950264
0.5786022074130642
0.5786022074130642
0.12360658854950264
0.12360658854950264
0.5157312634277913
0.5786022074130642
0.12360658854950264
0.12360658854950264
0.12360658854950264
0.12360658854950264
0.12360658854950264
0.559550859551815
0.10455524068825343
0.4966799155665421
0.10455524068825343
0.10455524068825343
0.718143656512154
0.10455524068825343
0.10455524068825343
0.10455524068825343
0.0
0.0
0.0
0.0
0.0
0.0
0.0
0.0
0.0
1.2145682714298631
1.6336515260385214
1.3671776329788756
1.2159610640441745
1.3257313141311156
1.2560145902776232
1.2574073828919345
1.2145682714298631
1.327124106745427
0.985942816799881
1.3257313141311156
1.3441408986169654
1.0379508534485389
1.0379508534485389
0.9267878107472867
0.9267878107472867
0.9642047197443745
0.9642047197443745
0.6058179788952638
0.5638274984950086
0.33536131317392637
0.321013164761697
0.2408411085173192
0.12360658854950264
0.3962572043292584
0.2408411085173192
0.5300297777752091
0.26175615393064827
0.3702947034535932
0.2408411085173192
0.2408411085173192
0.12360658854950264
0.2408411085173192
0.16705900532439366
0.04345241677489101
0.10455524068825343
0.0
0.22294645231924906
0.0
0.0
0.0
0.0
1.3554757114744402
0.8088580130673452
0.648013548629058
1.0519011510790994
1.3230053885105202
0.47351087855507207
0.5327678893861207
0.8078004064179288
0.4179953013847648
0.778391990951736
0.6058179788952638
0.8078004064179288
0.8793888452076701
0.6233078947944897
0.6958367273808808
0.7903569320374879
0.6958367273808808
0.5502113637665617
0.6958367273808808
0.6958367273808808
0.6958367273808808
0.4382476847295136
0.6958367273808808
0.6958367273808808
0.2842935252922102
0.4382476847295136
0.6958367273808808
0.7738288285957032
0.4382476847295136
0.6958367273808808
0.6958367273808808
0.6958367273808808
0.6958367273808808
0.6958367273808808
0.4382476847295136
0.6058179788952638
0.4382476847295136
0.2842935252922102
0.9917556881375923
0.6958367273808808
0.2842935252922102
0.3789906738984648
0.4382476847295136
0.6958367273808808
0.3789906738984648
0.26175615393064827
0.2408411085173192
0.8522410407073264
0.6058179788952638
0.6958367273808808
0.5465609680642151
0.6958367273808808
0.26175615393064827
0.5786022074130642
0.4885834589274474
0.6958367273808808
0.6058179788952638
0.7621543252398537
0.3789906738984648
0.4885834589274474
0.33536131317392637
0.2842935252922102
0.16705900532439366
0.5786022074130642
0.5786022074130642
0.6058179788952638
0.5465609680642151
0.6958367273808808
0.5670082772838646
0.4885834589274474
0.4382476847295136
0.2842935252922102
0.26175615393064827
0.9917556881375923
0.8793888452076701
0.6958367273808808
0.4382476847295136
0.321013164761697
0.4382476847295136
0.4885834589274474
0.6058179788952638
0.16705900532439366
0.6958367273808808
0.4885834589274474
0.26175615393064827
0.4885834589274474
0.6058179788952638
0.6958367273808808
0.4885834589274474
1.1112506638860966
0.2408411085173192
0.5786022074130642
0.5786022074130642
0.2408411085173192
0.4885834589274474
0.5786022074130642
0.12360658854950264
0.5786022074130642
0.6570270257694816
0.12360658854950264
0.6958367273808808
0.4885834589274474
0.559550859551815
0.12360658854950264
0.321013164761697
0.559550859551815
0.16705900532439366
0.321013164761697
0.12360658854950264
0.12360658854950264
0.559550859551815
0.3019618169004478
0.3019618169004478
0.16705900532439366
0.559550859551815
0.2408411085173192
0.2822034631502978
0.4870220269654241
0.12360658854950264
0.26175615393064827
0.12360658854950264
0.2427048060693991
0.2427048060693991
0.14800765746314445
0.14800765746314445
0.15790791913129568
0.06321077052504105
0.019758353750150053
0.04345241677489101
0.305719859546896
0.0
0.04345241677489101
0.04345241677489101
0.305719859546896
0.305719859546896
0.0
0.0
0.0
0.0
0.0
1.2159610640441745
0.8141243414778502
1.3441408986169654
1.06588068577765
0.47351087855507207
0.9444482728268366
0.5465609680642151
0.26175615393064827
0.3789906738984648
0.16505290739726386
0.6058179788952638
0.3789906738984648
0.42932644809639864
0.42932644809639864
0.42932644809639864
0.26175615393064827
0.26175615393064827
0.26175615393064827
0.12360658854950264
0.26175615393064827
0.42932644809639864
0.42932644809639864
0.26175615393064827
0.26175615393064827
0.26175615393064827
0.12360658854950264
0.2427048060693991
0.2427048060693991
0.2427048060693991
0.2427048060693991
0.12360658854950264
0.10455524068825343
0.10455524068825343
0.10455524068825343
0.0
0.9966858067324557
0.7592279767800735
1.340448862890961
0.35285122907315225
1.0412677205951366
1.0389684774834436
0.6615284819404718
0.33536131317392637
0.3401809722870656
0.5465609680642151
0.2408411085173192
0.42932644809639864
0.2408411085173192
0.2408411085173192
0.2408411085173192
0.12360658854950264
0.2408411085173192
0.2408411085173192
0.2408411085173192
0.39051674648499946
0.12360658854950264
0.2427048060693991
0.12360658854950264
0.12360658854950264
0.4564742525967425
0.26175615393064827
0.12360658854950264
0.41027510023514946
0.39212467487828867
0.12360658854950264
0.305719859546896
0.41027510023514946
0.10455524068825343
0.10455524068825343
0.41766455098534333
0.41766455098534333
0.41027510023514946
0.39051674648499946
0.39051674648499946
0.39051674648499946
0.39051674648499946
0.39051674648499946
0.39051674648499946
0.22294645231924906
0.22294645231924906
0.10455524068825343
0.41027510023514946
0.2427048060693991
0.019758353750150053
0.10455524068825343
0.13814956538114564
0.019758353750150053
0.019758353750150053
0.10455524068825343
0.10455524068825343
0.019758353750150053
0.0
0.0
0.0
0.39051674648499946
0.0
0.0
0.019758353750150053
0.04345241677489101
0.0
0.0
0.0
0.0
0.0
0.0
0.0
0.0
0.0
0.0
0.0
0.0
0.0
0.0
0.0
0.0
0.0
0.0
0.0
0.0
0.0
0.0
0.0
0.0
0.0
0.0
0.0
0.0
0.0
0.0
0.0
0.0
1.1659641139796793
0.2408411085173192
1.342748106002654
1.0191145864537865
0.9634040834085785
0.2408411085173192
0.2408411085173192
0.2408411085173192
0.2408411085173192
0.35035757994646577
0.10455524068825343
0.10455524068825343
0.0
0.0
0.0
0.0
0.0
0.0
0.0
0.0
0.0
0.0
0.0
0.0
0.0
0.0
0.0
0.0
0.0
0.0
0.0
0.0
0.0
0.0
0.0
0.0
0.0
0.0
0.0
0.0
0.0
0.0
0.0
0.0
0.0
0.0
0.0
0.0
0.0
0.0
0.0
0.0
0.0
0.0
0.0
0.0
0.0
0.0
0.0
0.0
0.0
0.0
0.0
0.0
0.0
0.0
0.0
0.0
0.0
0.0
0.0
0.0
0.0
0.0
0.0
0.0
0.0
0.0
0.0
0.0
0.0
0.0
0.0
0.0
1.332802891263776
1.340448862890961
0.7132802017613217
1.0409930207305271
0.6031683392398557
1.2624567616761388
1.3441408986169654
0.9808475577890194
0.25828458289776013
0.6958367273808808
0.3789906738984648
0.2408411085173192
0.2408411085173192
0.9241616646555846
0.3962572043292584
0.27924606982987416
0.26175615393064827
0.27924606982987416
0.6585246471012631
0.26175615393064827
0.73500652073951
0.12360658854950264
0.2800226799532666
0.12360658854950264
0.12360658854950264
0.44977375731604824
0.44977375731604824
0.12360658854950264
0.44977375731604824
0.44977375731604824
0.44977375731604824
0.12360658854950264
0.22294645231924906
0.22294645231924906
0.26175615393064827
0.22294645231924906
0.12360658854950264
0.12360658854950264
0.12360658854950264
0.12360658854950264
0.12360658854950264
0.12360658854950264
0.12360658854950264
0.6961968191281108
0.12360658854950264
0.12360658854950264
0.12360658854950264
0.539792505801665
0.12360658854950264
0.2427048060693991
0.12360658854950264
0.12360658854950264
0.10455524068825343
0.10455524068825343
0.10455524068825343
0.10455524068825343
0.10455524068825343
0.10455524068825343
0.0
0.0
0.0
0.0
0.0
0.0
0.0
0.0
0.0
0.0
0.0
0.0
0.0
0.0
0.0
0.0
0.0
0.0
0.0
0.0
0.0
0.0
0.0
1.6336515260385214
1.0413961846234008
1.0885751359058922
1.138215632391701
0.7454772238666895
0.6570270257694816
0.6570270257694816
0.6570270257694816
0.6570270257694816
0.6570270257694816
0.6570270257694816
0.6570270257694816
0.6958367273808808
0.6570270257694816
0.6570270257694816
0.6570270257694816
0.6958367273808808
0.5786022074130642
0.5465609680642151
0.3994379831181144
0.3994379831181144
0.3994379831181144
0.3994379831181144
0.3994379831181144
0.5786022074130642
0.321013164761697
0.12360658854950264
0.3789906738984648
0.3994379831181144
0.3994379831181144
0.3994379831181144
0.5786022074130642
0.3401809722870656
0.12360658854950264
0.321013164761697
0.539792505801665
0.539792505801665
0.559550859551815
0.2408411085173192
0.12360658854950264
0.2408411085173192
0.12360658854950264
0.12360658854950264
0.12360658854950264
0.12360658854950264
0.2408411085173192
0.3019618169004478
0.12360658854950264
0.539792505801665
0.12360658854950264
0.12360658854950264
0.539792505801665
0.12360658854950264
0.12360658854950264
0.2408411085173192
0.12360658854950264
0.12360658854950264
0.12360658854950264
0.12360658854950264
0.12360658854950264
0.12360658854950264
0.12360658854950264
0.12360658854950264
0.2408411085173192
0.12360658854950264
0.10455524068825343
0.10455524068825343
0.10455524068825343
0.10455524068825343
0.42776501613437534
0.10455524068825343
0.10455524068825343
0.10455524068825343
0.10455524068825343
0.10455524068825343
0.10455524068825343
0.10455524068825343
0.10455524068825343
0.10455524068825343
0.10455524068825343
0.45877349570843706
0.10455524068825343
0.10455524068825343
0.39051674648499946
0.39051674648499946
0.13814956538114564
0.22294645231924906
0.22294645231924906
0.019758353750150053
0.10455524068825343
0.019758353750150053
0.0
0.13814956538114564
0.305719859546896
0.10455524068825343
0.13814956538114564
0.04345241677489101
0.0
0.10455524068825343
0.10455524068825343
0.13814956538114564
0.13814956538114564
0.0
0.04345241677489101
0.0
0.0
0.0
0.0
0.0
0.0
0.0
0.0
0.0
0.0
0.0
0.0
0.0
0.0
0.0
0.0
0.0
0.0
0.0
0.0
0.0
0.0
0.0
0.0
0.0
0.0
0.0
0.0
0.0
1.6336515260385214
1.340448862890961
1.0579242880651858
1.0753677624456266
1.269931502701673
1.3230053885105202
0.8522410407073264
1.228485183853913
0.9634040834085785
1.228485183853913
0.35285122907315225
1.325304631622213
1.325304631622213
1.325304631622213
1.228485183853913
0.9018815371931351
1.2841956868991207
1.2841956868991207
1.228485183853913
1.0191145864537865
1.0191145864537865
1.0191145864537865
1.0191145864537865
1.0191145864537865
0.9575920402383431
0.35280478755436734
0.9079515437525344
0.3964805897976907
1.0579242880651858
0.604561131854167
0.35280478755436734
0.33536131317392637
1.228485183853913
0.9018815371931351
0.4894567316037314
0.8522410407073264
0.8522410407073264
0.9634040834085785
0.35280478755436734
0.2408411085173192
0.6031683392398557
0.2408411085173192
0.5282664332151304
0.8522410407073264
0.2408411085173192
0.9634040834085785
0.882830189331886
0.2408411085173192
0.5092150853538814
0.2408411085173192
0.2408411085173192
0.2408411085173192
0.33536131317392637
0.4301997207726826
0.2408411085173192
0.2408411085173192
0.2408411085173192
0.2408411085173192
0.2408411085173192
0.4328124715967114
0.2408411085173192
0.2408411085173192
0.2408411085173192
0.2408411085173192
0.2408411085173192
0.5546574247033097
0.22178976065607
0.22178976065607
0.22178976065607
0.22178976065607
0.22178976065607
0.22178976065607
0.22178976065607
0.22178976065607
0.22178976065607
0.22178976065607
0.22178976065607
0.0
0.10455524068825343
0.0
0.0
0.0
0.0
0.0
0.0
0.0
0.0
0.0
0.0
0.0
0.0
0.0
0.21102271094064137
0.5199566632777525
0.0
0.0
0.0
0.0
0.0
0.0
0.0
0.0
0.0
0.0
0.0
0.0
0.0
0.0
0.0
0.0
0.0
0.0
0.0
0.0
0.0
0.0
0.0
0.0
0.0
0.0
0.0
0.0
0.0
0.0
0.0
0.0
0.0
0.0
0.0
0.0
0.0
0.0
0.0
0.0
0.7177816579323119
0.9681452096178004
1.115942954663361
1.081568212948261
0.9267878107472867
0.8492467252656904
1.0257272659598178
0.8078004064179288
0.9137635869227698
0.5465609680642151
0.6058179788952638
0.6958367273808808
0.5502113637665617
1.135916389280008
0.6014204106407794
0.7903569320374879
0.49095435293551304
0.6958367273808808
0.4382476847295136
0.8078004064179288
0.6673405251107073
0.6958367273808808
1.3266974242365244
0.9642047197443745
1.135916389280008
1.0971066876686086
1.0971066876686086
1.0971066876686086
1.0971066876686086
0.9681452096178004
0.9694740899679778
0.9694740899679778
0.9694740899679778
0.9694740899679778
0.9694740899679778
0.9694740899679778
0.9694740899679778
0.9694740899679778
0.9694740899679778
0.9694740899679778
0.9694740899679778
0.7515472304260887
0.7515472304260887
0.7515472304260887
0.7515472304260887
0.7515472304260887
0.7515472304260887
0.7515472304260887
0.6058179788952638
0.7515472304260887
0.7515472304260887
0.7515472304260887
0.7515472304260887
0.7515472304260887
0.7515472304260887
0.45573760062873947
0.7515472304260887
0.7515472304260887
0.7515472304260887
0.7515472304260887
0.7515472304260887
0.7515472304260887
0.7515472304260887
0.7515472304260887
0.7515472304260887
0.7515472304260887
0.6958367273808808
0.4382476847295136
0.6615284819404718
0.6615284819404718
0.6958367273808808
0.6958367273808808
0.6615284819404718
1.0413961846234008
0.3789906738984648
0.9137635869227698
0.49395818777472167
0.49395818777472167
0.6058179788952638
0.6958367273808808
0.2842935252922102
0.3994379831181144
0.3994379831181144
0.6958367273808808
0.4382476847295136
0.6958367273808808
0.6958367273808808
1.228485183853913
0.6958367273808808
0.6958367273808808
0.6058179788952638
1.0413961846234008
0.321013164761697
0.6958367273808808
0.26175615393064827
0.4885834589274474
0.321013164761697
0.7965290669549534
0.4382476847295136
0.5786022074130642
0.16705900532439366
0.321013164761697
0.321013164761697
0.26175615393064827
0.4885834589274474
0.4885834589274474
0.321013164761697
0.5786022074130642
0.16705900532439366
0.5786022074130642
0.5786022074130642
0.5786022074130642
0.26175615393064827
0.4885834589274474
0.12360658854950264
0.16705900532439366
0.4885834589274474
0.6285308234993081
0.6285308234993081
0.6285308234993081
0.6285308234993081
0.6285308234993081
0.5670082772838646
0.2408411085173192
0.5670082772838646
0.321013164761697
0.5670082772838646
0.5670082772838646
0.5670082772838646
0.5670082772838646
0.5670082772838646
0.5670082772838646
0.4885834589274474
0.5670082772838646
0.5670082772838646
0.4885834589274474
0.5670082772838646
0.4885834589274474
0.2822034631502978
0.4885834589274474
0.2822034631502978
0.16705900532439366
0.5786022074130642
0.4885834589274474
0.321013164761697
0.26175615393064827
0.321013164761697
0.12360658854950264
0.12360658854950264
0.5786022074130642
0.16705900532439366
0.5501060051428908
0.26175615393064827
0.12360658854950264
0.26175615393064827
0.12360658854950264
0.12360658854950264
0.7577193653435542
0.26175615393064827
0.12360658854950264
0.12360658854950264
0.26175615393064827
0.26175615393064827
0.16705900532439366
0.26175615393064827
0.26175615393064827
0.12360658854950264
0.12360658854950264
0.14800765746314445
0.12360658854950264
0.26175615393064827
0.16705900532439366
0.12360658854950264
0.12360658854950264
0.16705900532439366
0.4769215618163921
0.44977375731604824
0.12360658854950264
0.39051674648499946
0.12360658854950264
0.12360658854950264
0.22294645231924906
0.03880970161139925
0.46953211106619824
0.2427048060693991
0.41027510023514946
0.22294645231924906
0.12360658854950264
0.10455524068825343
0.305719859546896
0.14800765746314445
0.2427048060693991
0.019758353750150053
0.10455524068825343
0.2427048060693991
0.0
0.14800765746314445
0.0
0.39051674648499946
0.22294645231924906
0.22294645231924906
0.019758353750150053
0.10455524068825343
0.305719859546896
0.0
0.019758353750150053
0.13814956538114564
0.0
0.0
0.0
0.0
0.0
0.0
0.0
0.0
1.6336515260385214
1.5922052071907613
1.3418416555052723
1.3418416555052723
1.1998719292478823
0.35280478755436734
0.33536131317392637
1.0753677624456266
0.49095435293551304
0.33536131317392637
0.9443527355473293
0.42932644809639864
0.2408411085173192
0.5867666310340146
0.5157312634277913
0.7394942474850974
0.2408411085173192
0.4769215618163921
0.4769215618163921
0.737195004373403
0.44977375731604824
0.12360658854950264
0.5157312634277913
0.39051674648499946
0.12360658854950264
0.42932644809639864
0.39051674648499946
0.26175615393064827
0.9245943817971793
0.39051674648499946
0.2408411085173192
0.42932644809639864
0.5157312634277913
0.42932644809639864
0.42932644809639864
0.5157312634277913
0.42932644809639864
0.12360658854950264
0.12360658854950264
0.42932644809639864
0.7028202626583036
0.5157312634277913
0.26175615393064827
0.41027510023514946
0.5157312634277913
0.12360658854950264
0.12360658854950264
0.41027510023514946
0.12360658854950264
0.5157312634277913
0.4769215618163921
0.4769215618163921
0.4769215618163921
0.4769215618163921
0.4769215618163921
0.39051674648499946
0.12360658854950264
0.12360658854950264
0.12360658854950264
0.12360658854950264
0.2427048060693991
0.39051674648499946
0.39051674648499946
0.42932644809639864
0.4966799155665421
0.12360658854950264
0.41027510023514946
0.12360658854950264
0.4966799155665421
0.39051674648499946
0.12360658854950264
0.2427048060693991
0.10455524068825343
0.41027510023514946
0.41027510023514946
0.10455524068825343
0.10455524068825343
0.10455524068825343
0.10455524068825343
0.10455524068825343
0.0
0.0
0.0
0.0
0.0
0.0
0.0
0.0
0.0
0.0
0.0
0.0
0.0
0.0
0.0
0.0
0.0
0.0
0.0
0.0
0.0
0.0
0.0
0.0
0.0
0.0
0.0
0.0
0.0
0.0
0.0
0.0
1.0109843210798732
1.059556750717729
0.8309312960877467
0.7395197549878184
0.5126924499910195
0.7570096708870443
1.0874023575487057
0.7003381835518709
0.9663932033782676
0.7177816579323119
1.069958883168265
0.5502113637665617
0.7003381835518709
0.5502113637665617
0.7003381835518709
0.49095435293551304
0.6058179788952638
0.4382476847295136
0.6058179788952638
0.4382476847295136
0.6058179788952638
0.49095435293551304
0.6958367273808808
0.6058179788952638
0.6673405251107073
0.26175615393064827
0.26175615393064827
0.6058179788952638
0.4885834589274474
0.3789906738984648
0.2408411085173192
0.3789906738984648
0.5501060051428908
0.7185495719849251
0.26175615393064827
0.5786022074130642
0.26175615393064827
0.42932644809639864
0.5501060051428908
0.882830189331886
0.2408411085173192
0.3789906738984648
0.5501060051428908
0.4885834589274474
0.3789906738984648
0.12360658854950264
0.26175615393064827
0.26175615393064827
0.4885834589274474
0.4885834589274474
0.4885834589274474
0.4885834589274474
0.26175615393064827
0.26175615393064827
0.6401247536285078
0.26175615393064827
0.4885834589274474
0.9951970322618081
0.26175615393064827
0.26175615393064827
0.4885834589274474
0.4885834589274474
0.4885834589274474
0.12360658854950264
0.4885834589274474
0.26175615393064827
0.26175615393064827
0.4885834589274474
0.6210734057672587
0.3789906738984648
0.26175615393064827
0.26175615393064827
0.46953211106619824
0.12360658854950264
0.3789906738984648
0.12360658854950264
0.4885834589274474
0.26175615393064827
0.321013164761697
0.16705900532439366
0.46953211106619824
0.4885834589274474
0.12360658854950264
0.2427048060693991
0.42932644809639864
0.321013164761697
0.44977375731604824
0.44977375731604824
0.42932644809639864
0.44977375731604824
0.44977375731604824
0.44977375731604824
0.44977375731604824
0.44977375731604824
0.44977375731604824
0.46953211106619824
0.26175615393064827
0.3019618169004478
0.2427048060693991
0.46953211106619824
0.12360658854950264
0.2822034631502978
0.3019618169004478
0.2427048060693991
0.2427048060693991
0.46953211106619824
0.12360658854950264
0.22294645231924906
0.22294645231924906
0.2427048060693991
0.46953211106619824
0.2427048060693991
0.559550859551815
0.41027510023514946
0.46953211106619824
0.22294645231924906
0.10455524068825343
0.2427048060693991
0.2427048060693991
0.2427048060693991
0.10455524068825343
0.2427048060693991
0.2427048060693991
0.22294645231924906
0.46953211106619824
0.10455524068825343
0.10455524068825343
0.44977375731604824
0.2427048060693991
0.2427048060693991
0.10455524068825343
0.46953211106619824
0.44977375731604824
0.10455524068825343
0.10455524068825343
0.10455524068825343
0.10455524068825343
0.10455524068825343
0.10455524068825343
0.2427048060693991
0.0
0.2427048060693991
0.10455524068825343
0.10455524068825343
0.10455524068825343
0.10455524068825343
0.10455524068825343
0.10455524068825343
0.45877349570843706
0.04345241677489101
0.0
0.0
0.0
0.0
0.0
0.8091931990322402
1.5733689401960091
0.824577759919371
0.7831314410716094
0.26257920557282577
0.6058179788952638
0.26175615393064827
0.6615284819404718
0.6058179788952638
0.2822874273650805
0.6696397682224017
0.40072877095397125
0.5670082772838646
0.6058179788952638
0.3789906738984648
0.5670082772838646
0.4885834589274474
0.4885834589274474
0.3994379831181144
0.2842935252922102
0.3401809722870656
0.12360658854950264
0.4885834589274474
0.26175615393064827
0.26175615393064827
0.12360658854950264
0.3789906738984648
0.4885834589274474
0.2408411085173192
0.16705900532439366
0.12360658854950264
0.3401809722870656
0.321013164761697
0.4885834589274474
0.5640508839634409
0.4885834589274474
0.12360658854950264
0.2408411085173192
0.12360658854950264
0.12360658854950264
0.12360658854950264
0.2408411085173192
0.2408411085173192
0.44977375731604824
0.12360658854950264
0.12360658854950264
0.42932644809639864
0.12360658854950264
0.2427048060693991
0.2408411085173192
0.12360658854950264
0.12360658854950264
0.03880970161139925
0.12360658854950264
0.22294645231924906
0.12360658854950264
0.12360658854950264
0.44977375731604824
0.10455524068825343
0.10455524068825343
0.10455524068825343
0.019758353750150053
0.10455524068825343
0.41027510023514946
0.10455524068825343
0.39051674648499946
0.10455524068825343
0.22294645231924906
0.22294645231924906
0.10455524068825343
0.22294645231924906
0.06321077052504105
0.10455524068825343
0.019758353750150053
0.10455524068825343
0.019758353750150053
0.13814956538114564
0.019758353750150053
0.10455524068825343
0.04345241677489101
0.019758353750150053
0.10455524068825343
0.019758353750150053
0.0
0.0
0.305719859546896
0.0
0.10455524068825343
0.0
0.0
0.305719859546896
0.0
0.305719859546896
0.0
0.0
0.0
0.0
0.0
0.0
0.0
0.0
0.0
0.0
0.0
0.0
0.0
0.0
0.0
0.0
0.0
0.0
0.0
0.0
0.0
0.0
0.0
0.0
0.0
0.0
0.0
0.0
0.0
0.0
0.0
0.0
0.0
0.0
0.0
0.0
0.0
0.0
0.0
0.0
0.0
1.2748972987911598
0.8019677080663615
0.8091931990322402
0.8078004064179288
0.9882075642116952
1.008283791579377
0.9467612453639336
0.7903569320374879
1.008283791579377
0.8078004064179288
0.8078004064179288
0.7903569320374879
1.135916389280008
1.135916389280008
1.135916389280008
1.0257272659598178
0.9467612453639336
1.008283791579377
0.6958367273808808
1.135916389280008
1.3230053885105202
1.008283791579377
0.6958367273808808
0.9137635869227698
0.8522410407073264
0.9137635869227698
0.6958367273808808
0.4382476847295136
0.8522410407073264
1.3266974242365244
1.3266974242365244
0.8522410407073264
0.9467612453639336
0.35280478755436734
0.9694740899679778
0.9694740899679778
0.9079515437525344
0.9079515437525344
0.9079515437525344
0.9079515437525344
0.6958367273808808
0.9079515437525344
0.9079515437525344
0.9079515437525344
0.9079515437525344
0.9079515437525344
0.9079515437525344
0.9079515437525344
0.8522410407073264
0.7515472304260887
0.7515472304260887
0.7515472304260887
0.8522410407073264
0.6958367273808808
0.7515472304260887
0.7515472304260887
0.33536131317392637
0.8522410407073264
0.6958367273808808
0.49395818777472167
0.6958367273808808
0.9137635869227698
0.8522410407073264
0.6958367273808808
0.6958367273808808
0.8522410407073264
0.2408411085173192
0.6958367273808808
0.6958367273808808
0.6958367273808808
0.8522410407073264
0.3789906738984648
0.8522410407073264
0.33536131317392637
0.6958367273808808
0.8522410407073264
0.8522410407073264
0.6958367273808808
0.6958367273808808
0.4382476847295136
0.4382476847295136
0.4382476847295136
0.3789906738984648
0.4382476847295136
0.8522410407073264
0.6958367273808808
0.6958367273808808
0.4382476847295136
0.6958367273808808
0.6958367273808808
0.6958367273808808
0.2408411085173192
0.8522410407073264
0.8522410407073264
0.2408411085173192
0.3789906738984648
0.2408411085173192
0.26175615393064827
0.8331896928460772
0.4191963368682644
0.321013164761697
0.559550859551815
0.559550859551815
0.7774777190937042
0.12360658854950264
0.559550859551815
0.12360658854950264
0.26175615393064827
0.559550859551815
0.26175615393064827
0.16705900532439366
0.2408411085173192
0.46953211106619824
0.2822034631502978
0.2427048060693991
0.12360658854950264
0.12360658854950264
0.12360658854950264
0.46953211106619824
0.2427048060693991
0.10455524068825343
0.2427048060693991
0.41027510023514946
0.2427048060693991
0.10455524068825343
0.2427048060693991
0.019758353750150053
0.019758353750150053
0.0
0.0
0.0
0.0
0.0
0.0
0.8019677080663615
0.604561131854167
1.2356394635772932
0.5327678893861207
0.3789906738984648
0.9798736384079576
0.47351087855507207
0.5327678893861207
0.5560661421259273
0.47351087855507207
0.4382476847295136
0.33536131317392637
0.3789906738984648
0.6058179788952638
0.6058179788952638
0.3789906738984648
0.8626391184401412
0.3789906738984648
0.26175615393064827
0.12360658854950264
0.843587770578892
0.26175615393064827
0.321013164761697
0.26175615393064827
0.321013164761697
0.3019618169004478
0.26175615393064827
0.26175615393064827
0.12360658854950264
0.4885834589274474
0.12360658854950264
0.26175615393064827
0.4885834589274474
0.12360658854950264
0.26175615393064827
0.12360658854950264
0.26175615393064827
0.2427048060693991
0.12360658854950264
0.12360658854950264
0.321013164761697
0.26175615393064827
0.3019618169004478
0.12360658854950264
0.12360658854950264
0.2427048060693991
0.12360658854950264
0.12360658854950264
0.12360658854950264
0.46953211106619824
0.2427048060693991
0.12360658854950264
0.12360658854950264
0.2427048060693991
0.4885834589274474
0.12360658854950264
0.4885834589274474
0.26175615393064827
0.16705900532439366
0.2427048060693991
0.2427048060693991
0.46953211106619824
0.46953211106619824
0.2427048060693991
0.10455524068825343
0.2427048060693991
0.2427048060693991
0.10455524068825343
0.3019618169004478
0.2427048060693991
0.10455524068825343
0.3019618169004478
0.2427048060693991
0.3019618169004478
0.2427048060693991
0.2427048060693991
0.2640553970423426
0.10455524068825343
0.44977375731604824
0.22294645231924906
0.10455524068825343
0.10455524068825343
0.10455524068825343
0.2427048060693991
0.10455524068825343
0.10455524068825343
0.10455524068825343
0.10455524068825343
0.10455524068825343
0.2427048060693991
0.2427048060693991
0.22294645231924906
0.22294645231924906
0.10455524068825343
0.22294645231924906
0.10455524068825343
0.22294645231924906
0.10455524068825343
0.10455524068825343
0.10455524068825343
0.13814956538114564
0.019758353750150053
0.10455524068825343
0.019758353750150053
0.13814956538114564
0.019758353750150053
0.13814956538114564
0.10455524068825343
0.019758353750150053
0.0
0.10455524068825343
0.0
0.0
0.10455524068825343
0.0
0.0
0.019758353750150053
0.0
0.0
0.0
0.0
0.0
0.0
0.0
0.0
0.0
0.0
0.0
0.0
0.0
0.0
0.0
0.0
0.0
0.0
0.0
0.0
0.0
0.0
0.0
0.0
0.0
0.0
0.0
0.0
0.0
0.0
0.0
0.0
0.0
0.0
0.0
0.0
0.0
0.0
0.0
0.0
0.0
0.0
0.0
0.0
0.0
0.0
0.0
0.0
0.0
0.0
0.0
0.0
0.0
0.0
0.0
0.0
0.0
0.0
