0.3667705550765994
0.366670648981214
0.29470298700680436
0.2426646933654138
0.19626792252583217
0.3155026498648489
0.17147859654614678
0.2773786973801434
0.19365576057171344
0.29612975931580804
0.2754163302465616
0.2660326074067401
0.3426629996430254
0.15736494857750155
0.3160683165336187
0.2756177647579291
0.27208052866275123
0.2379792477038196
0.2502628524664019
0.3395788401731982
0.33680184265387153
0.31480652279519084
0.23140479289885285
0.15253754986328205
0.2634820474065017
0.27272177207477943
0.2564226985215778
0.2209324142083647
0.24977985530720845
0.2475513037933913
0.32155591603277867
0.2640960723615894
0.28325418062837315
0.2692710301629589
0.14341224971207717
0.23709401230606975
0.23824257143181599
0.29400284564555795
0.23886594472985256
0.23028715170645891
0.2256856282972912
0.1680424685717078
0.19339684298331591
0.2448691564086525
0.21174951194524208
0.2300465934070091
0.18007908419691887
0.277050152305168
0.3077800257643918
0.1185791971702147
0.26191561581218437
0.2344383823319119
0.13177042103995817
0.17006485273492078
0.2088588286159501
0.16666011210517212
0.14930837694141236
0.24447262857056726
0.21275291326933046
0.24166655495573966
0.22710129499452167
0.1839390102348109
0.23198005302674232
0.12091893011842153
0.1440180011436597
0.22473598160248096
0.19454833918889541
0.1786114462877613
0.19651357234330213
0.16526687036160226
0.1715016386158928
0.161466479587475
0.1620579843548982
0.23884522709414474
0.16339970114100522
0.17239811818352355
0.11099805757651698
0.21241373197547037
0.24497042373091285
0.12450310466233698
0.19167193068186494
0.1886001334114118
0.12336526834587465
0.1374044241745004
0.19598644813826957
0.20639195903668092
0.11860729817689838
0.22057628222431352
0.18507506147962344
0.16597929350885784
0.13340600775921804
0.13704883519603875
0.1944884347559879
0.2425913130997055
0.15701626471916655
0.22214525064802665
0.1445741033887019
0.16032403174535476
0.10469240430832864
0.12528890265623485
0.1096575189189703
0.1079827237685017
0.07878126116283062
0.1893468858449586
0.15528189766799255
0.09780298806735903
0.12237286949962298
0.14746327222093905
0.18145305611219106
0.1154145440716298
0.08952867077552801
0.11932217598227576
0.10026690208621467
0.19185335047950786
0.0689442143425615
0.14667494881333348
0.10101344395381559
0.12281381708965937
0.1559843845821647
0.13449516415034604
0.13401422409546876
0.12057275941332077
0.0698365039528272
0.08929688329421373
0.1415977719936193
0.10108262852909766
0.11496085726286395
0.10740725851677838
0.08053767086976374
0.12510513241361867
0.11005957211226135
0.02891193104251015
0.10684656488350726
0.06071086238466467
0.018027034427934484
0.04990558990635559
0.06332560233931198
0.0
0.33341331094461396
0.35869977993335117
0.29141781386015553
0.30514979490634436
0.2778624240798512
0.31322710534419523
0.24404147361444473
0.27078939833874194
0.2755091592613818
0.2585998825353124
0.31828092278434006
0.2957974328731158
0.29720733709185204
0.29720733709185204
0.27020619383423783
0.26078668042915853
0.26078668042915853
0.2471111661699719
0.24249184850664687
0.2529889452371873
0.2529889452371873
0.24637789969926438
0.24066728839020285
0.24153797336722263
0.2662968107375031
0.23565952762489073
0.23565952762489073
0.274263116723003
0.2970080924931869
0.2457176545537335
0.23518624113156494
0.17762025545027088
0.2807655916572404
0.28141669137961356
0.20982695817898991
0.2075037833853978
0.12862313955482144
0.23254689726606384
0.23168428235820368
0.15752278450968904
0.24914761890526707
0.1330240745728941
0.28255400033992467
0.19908206674297396
0.14020283292167057
0.1389009661992146
0.15245155451596604
0.13938300652017507
0.15277905564839833
0.1377299761251125
0.26560600645095145
0.13578820728048255
0.2199705544734436
0.23080189202607732
0.1280809652230313
0.12864663766199674
0.1258578852709734
0.12536442197732714
0.22250696976564904
0.23406954754899503
0.16001570618853614
0.23562167625908004
0.12432778769550665
0.23820848864143382
0.12205596921752748
0.12463397499923609
0.15636338863444324
0.1341990241755863
0.12295464385932013
0.1556099270929767
0.16845887126889436
0.17724245374885253
0.13046472029547235
0.12454569128704022
0.16938390666584535
0.11929899623543651
0.22796591261716326
0.1734888285937534
0.19607846765318626
0.1285454690049787
0.21087004588179178
0.22565489856724982
0.1278432757099274
0.18205105857223325
0.1189975523048632
0.16732090920373402
0.18474594386546414
0.1175118779242182
0.204227237531343
0.16859619978820403
0.21059549879740497
0.12493545549617677
0.1705576262036091
0.11776754159788895
0.11596859736504284
0.1799948869057497
0.11685180080671194
0.21332903067961986
0.10204479782214787
0.20234242493997193
0.14958880706683472
0.12117512246796004
0.11340890406236709
0.11588117061323401
0.15362632264748297
0.1901047963083588
0.15229863982691763
0.11467809833238607
0.11615978588914297
0.12031751836325535
0.11969520470582465
0.15168015630385379
0.1091732354926857
0.11044428657954354
0.1103391263471956
0.10997042923877316
0.10858565184263552
0.11581101663048449
0.11452560941601375
0.15027823679601446
0.08573810379554739
0.10566934793680073
0.1032450750190821
0.09974993873598424
0.10110246623088616
0.10044082844211794
0.12624690550050152
0.09033622783148504
0.04589334042001558
0.08930949424356019
0.06966465714932506
0.050781289388409145
0.09188217514463688
0.06820671483052956
0.04693984098146468
0.06457859582737054
0.03306839925610516
0.0633420726989538
0.04307914831932295
0.03919047626136604
0.004885760501603595
0.0035071917540695653
0.025799581439071764
0.0
0.0
0.0
0.0
0.0
0.0
0.0
0.0
0.0
0.0
0.2980085366547804
0.30793631034252167
0.25331553584196514
0.29473832243856846
0.2245501532632741
0.36621971177217455
0.2771654361283024
0.31796683107307533
0.29480961008458373
0.2957207149603756
0.1550877178595658
0.293846283626863
0.23131668315623746
0.22879492960935754
0.3022159639103852
0.27630976724343226
0.2580444992515908
0.27774442654291903
0.24443234195527289
0.27920843975404946
0.23723516747972678
0.21205794904328087
0.15377116656188983
0.26203234842357176
0.2395512284773701
0.247318391531409
0.25350278699140516
0.3202616543359283
0.269599285669488
0.16861959001740126
0.24087929260853932
0.21163728457859227
0.2123995805122005
0.1689634331755842
0.2590350868786942
0.23980803107893248
0.26065525007011325
0.20737761624323992
0.1470764295842975
0.13448560736807189
0.19508100158288147
0.14878157284942353
0.3013385706146382
0.14368024540089294
0.2416670322627893
0.2668128003432179
0.23826228070374517
0.24316798285598729
0.14466962218172544
0.17658237042643576
0.1403350208633691
0.21709988569440006
0.2246147498594319
0.2019377315156567
0.14163821525244763
0.2417228409757942
0.2190487262019598
0.19944187173419198
0.1423150708817193
0.22085176111817018
0.25326072997817783
0.14077915180604778
0.18383238567892818
0.1564122168718689
0.18122335823662383
0.20914273764024977
0.19700306644636803
0.1830018436226847
0.15441510611414927
0.20676277299450735
0.20150627134028642
0.2332236473131991
0.17505172814183062
0.18388774979136813
0.18326371122933544
0.16031342780840901
0.17255862915560222
0.21567896508625617
0.19764467792113724
0.18920142731757436
0.17640403909188995
0.21996847755724147
0.21521575259068018
0.18166155688711216
0.20050211575786991
0.17824835638454825
0.15516890635450964
0.19488962102570312
0.2056169649680694
0.15992764730059303
0.16020428962871866
0.2496656122256171
0.24690747871886112
0.19855930936468616
0.22133394003831539
0.1856990428629378
0.17641113064611527
0.21030022450665128
0.21850574946921908
0.1944404276102995
0.17793460168026698
0.20146660615456574
0.22484141037703134
0.17463066440793698
0.18521119457991153
0.18169107085250097
0.21718233813049326
0.2807561026475063
0.07607009070187984
0.1987424341544435
0.23015540141291244
0.23015540141291244
0.06680142456277738
0.21577383687072932
0.21577383687072932
0.17667806900808372
0.1799233119172927
0.2048009645438119
0.24548694665922433
0.17004472061821596
0.1960590370967408
0.1734439268173182
0.1251356734335614
0.17853766659800646
0.19681754056173154
0.1758029122772799
0.09954310017086584
0.13708385123233696
0.21394782903704387
0.14986482773858278
0.07205476840529702
0.18903684200499543
0.20850945717254957
0.1696763457486565
0.08406350248716629
0.18321731701263666
0.08910998236525705
0.1888881605391733
0.07318318176667205
0.24153425569449105
0.1316656956180996
0.18624743421311124
0.19506609293399968
0.15214689537344378
0.13240652369141262
0.18985573021518182
0.18618938755121242
0.22224487634163703
0.19921601504699393
0.11456891331685577
0.17586353229097873
0.11167534335431926
0.114677345654628
0.13178537337912727
0.1458079290732226
0.18398306766191297
0.1352929586717663
0.08662531538119508
0.14452094884456462
0.11073861089414783
0.13542975113408728
0.16157971269663318
0.15386271109264488
0.15333485928586665
0.1754716272305627
0.07541476314029669
0.16274609216721864
0.15988442117866286
0.15988442117866286
0.149571845885245
0.149571845885245
0.149571845885245
0.1420894683568053
0.1420894683568053
0.1420894683568053
0.1420894683568053
0.1420894683568053
0.07041961291424886
0.13631864058354715
0.13631864058354715
0.13631864058354715
0.1491793594218931
0.13167134184547757
0.13167134184547757
0.08122065774865658
0.12581642550959493
0.12445687103546402
0.12413411167825417
0.12165708035434171
0.15936238786456092
0.13466756116074113
0.1081480390114383
0.12986868756192746
0.12416366308214415
0.03537993644622175
0.06185026152756063
0.10714157283796819
0.06458989574494073
0.09909241294992316
0.09534731514510607
0.08853922551861548
0.07869355936829923
0.07350287921526681
0.022542335051526606
0.0714139927022073
0.06316323409111656
0.05721099647083496
0.01922494236192415
0.0
0.0
0.0
0.0
0.0
0.0
0.0
0.0
0.0
0.0
0.0
0.0
0.0
0.0
0.0
0.0
0.0
0.0
0.0
0.0
0.0
0.0
0.0
0.0
0.0
0.0
0.0
0.36961218222823533
0.27293905212375874
0.2515579161638276
0.24578448891481924
0.27608258601458485
0.23767197958246555
0.2730216729597062
0.24858097052442554
0.23701450604435875
0.24587270529160085
0.2754038381062478
0.2620605561223475
0.28249916065654784
0.225217295610393
0.21654695244365513
0.254017483671843
0.25889482595353225
0.2534436492747404
0.22306655722219165
0.12694066818790306
0.2576838513686424
0.2529176141645594
0.25055917529384686
0.19721847784321928
0.20940308762127566
0.18854081421815821
0.2450865208651719
0.17995862723475245
0.18747607959492163
0.18864804826544496
0.2494411212273279
0.19777736571583462
0.2026246805072219
0.2042595750471074
0.20894913665210949
0.2552580443589559
0.22461280139214376
0.18606017453099638
0.19564980677109475
0.1906047957529614
0.1925069641905751
0.1850312565518299
0.1920842922826365
0.18174857868695293
0.2287892851382755
0.2287892851382755
0.13386670194305988
0.21985811300599117
0.22049520602538386
0.20208182437252328
0.17801139524308393
0.20490588624241474
0.19044065168565025
0.19417358696876233
0.09161228762005075
0.2013242350555443
0.18743536987688011
0.18743536987688011
0.18039758793635205
0.1752320134163983
0.18951204236815483
0.18223831828522238
0.19414617495883552
0.22662780286507156
0.17276904009787708
0.17533848001359895
0.17931091064309929
0.08005795512099984
0.18011429910510834
0.08414566502535416
0.08298596769503168
0.08547432011621252
0.11651824677066898
0.10746082275615323
0.07871911855535335
0.10252568145779083
0.1817534421123361
0.07158523183218571
0.07685490895683492
0.16985100132698341
0.07479666017081962
0.16588765526997923
0.07426847215429974
0.07036890473280091
0.06804074173418387
0.06939434424612162
0.06908350528460115
0.06788021908882792
0.0673278321884527
0.06713797506833616
0.033017192488093296
0.06403953347856797
0.12984505376053118
0.06167442566479176
0.059222415397348904
0.05980994681484582
0.05828773550214542
0.055880969603500245
0.038215671656513836
0.1269029738172746
0.03485783936556328
0.04831389510931078
0.04954663443394049
0.0186935144066631
0.0037505755535061696
0.0
0.0
0.0
0.0
0.0
0.0
0.33061752200312966
0.34575290526259833
0.30769971654803346
0.35786415259466675
0.2377307964069174
0.26175430631851315
0.30500094586431636
0.2967987261697963
0.22338400709036182
0.22865747913149656
0.2206436521409496
0.26681622381934295
0.2432077897260456
0.21391193500892555
0.13895340117152397
0.20613222685841814
0.1669818444105479
0.14471239952143025
0.16833118821209453
0.15286607279976064
0.14417177514820406
0.07997264924914907
0.19098957691513177
0.19098957691513177
0.1419618777617001
0.12924583773122586
0.15907529110749172
0.12602804997929382
0.17414595031087524
0.16130775531784525
0.12222057373565379
0.1316949043435089
0.10809533702715951
0.15680262507842826
0.15585503431227576
0.1441332451193271
0.12835849559429408
0.11565490552699573
0.11880926471268013
0.0702676726301649
0.11343815619509742
0.11963817610217342
0.05435264319418206
0.0647403929631487
0.1020252280330331
0.053872019195066775
0.06062027000840281
0.03699220043795227
0.09070672538767482
0.06630703091810648
0.06150505718057645
0.0541056513498982
0.00744977968224435
0.0025387806749759593
-0.0015715167618653484
-0.004166052866305687
0.35398155428799827
0.32320687916536184
0.32849032743677686
0.3727477327210156
0.3543906762327321
0.23122501126466571
0.26739595119424686
0.29417568668667843
0.3508259344558425
0.26573714469637705
0.2843858114769502
0.3148346493810132
0.30773955061225866
0.28012191330111463
0.26214541070802483
0.31675440499032553
0.31675440499032553
0.2701584175420557
0.23949233085177307
0.2513310931648532
0.24868241325158427
0.2828354722424634
0.23940333208738326
0.2240488808896436
0.23730785836309898
0.20464273550822415
0.23645516369820047
0.27281797522447265
0.28763913303334865
0.14351844760721966
0.1967835839022602
0.18768528968019652
0.3144024786796872
0.2918579513125068
0.2781217692139393
0.20695058367616767
0.2885711685926788
0.2885711685926788
0.21144069761555784
0.21376704273782032
0.20068821228060812
0.21212240842299174
0.14959859208414628
0.2143473910046369
0.19009024855545686
0.1953907209624814
0.27467458564361474
0.25678762229403035
0.24390805463074977
0.2110636106214718
0.22888385145916795
0.2568008792676328
0.17743954184049254
0.1858964677341416
0.21987596598307152
0.2589613768910289
0.18344796468723368
0.17655200495244183
0.234350671374235
0.17188977684605275
0.22002772989857444
0.2714621735347086
0.2714621735347086
0.22833499274159144
0.2430520684981136
0.2061487511570077
0.1978262125437363
0.17953179318445062
0.1665580277520106
0.25151962541785344
0.20694343536048748
0.2163296902744978
0.18537865823394323
0.22898983467198228
0.19334816830658463
0.18378536733259715
0.1990589988287427
0.15929738898482343
0.10842463984278289
0.17083269273569976
0.2006468030683324
0.20393420548687774
0.20820524703693044
0.22539401504344983
0.20599000450876168
0.18771475074626987
0.19442338305816767
0.2241701639280814
0.15807307618094352
0.16870205744001537
0.16997969247841643
0.18676492557612123
0.10407064234334786
0.20448496187758552
0.19131227366707207
0.21356155017980102
0.1764005683135403
0.16831611500188298
0.18774094724857268
0.19717903677951998
0.22648630317356733
0.1000003929806787
0.18096014213505843
0.14860219664994154
0.1645219284792624
0.19291336089649525
0.17663168778703753
0.1835679375282166
0.17193336730479125
0.19812225101692604
0.18148664343933982
0.15369123677002156
0.18159561423707177
0.14036977127207004
0.19791358695062705
0.10180430781900658
0.230846247582037
0.17007877015047096
0.19681587000312722
0.15113733456530914
0.2021367904231496
0.14674608301067568
0.16421906132028652
0.14340251247597707
0.12710364227085708
0.1629431167247331
0.1397312862814199
0.13494692995891513
0.15613443172237276
0.13507309162070846
0.11412006724043203
0.13418651111862204
0.16295363780658761
0.16295363780658761
0.15359114099231108
0.14007805572805965
0.1266273831342209
0.11727936106397653
0.16424860309425435
0.08231149026964238
0.09632265177606511
0.12472041974525443
0.11711633096911618
0.06774012362522522
0.12305616269263031
0.1540372951916822
0.0928852554974334
0.07393135611810717
0.08318259124745664
0.11084288874572922
0.10437435267549706
0.09591484348605339
0.040044203618778376
0.1999251349051827
0.3058678550676331
0.30859065976446615
0.29294863559654327
0.3068655336120326
0.2962058325238475
0.334804317513017
0.29512340559891137
0.2967207878221627
0.06432731810201194
0.05673918230247401
0.20610111063977882
0.06135097731811402
0.2452939891667265
0.06937085480559221
0.24418486702280812
0.06880493569785885
0.10666913872874897
0.24078062397092942
0.06770611732017454
0.06962211797500396
0.25086381129341534
0.28861828587030547
0.06899929544974899
0.06475872523866227
0.24752640167195944
0.22982814118630612
0.055601205703961695
0.059480638886013765
0.2695471630011617
0.22750845924428187
0.06172347229719776
0.09875574917225402
0.06698401872388025
0.06667908838642424
0.05555218866364468
0.22395573064048882
0.08415835961854384
0.23235057515462856
0.09006247551337832
0.05941990185414937
0.22836504651618444
0.02553338089361488
0.03369237592886779
0.03476616987015569
0.0066200714196080835
0.0
0.0
0.0
0.0
0.0
0.0
0.0
0.0
0.3050281575533935
0.38422570785412685
0.3361651853904315
0.3163936803983016
0.33792623896879276
0.30994141308287737
0.33390089222839114
0.33228335973775003
0.3457542387565746
0.3002895005310477
0.3364610815061306
0.3901037912909899
0.3371450650594824
0.3371450650594824
0.32181007231087977
0.32181007231087977
0.3027448232583723
0.3153708991779685
0.22864801848319344
0.2251851182999763
0.14931702463093516
0.21795769544194576
0.13521938942700595
0.09078331415798797
0.18622762413365573
0.13502865399036545
0.2022208178236463
0.18821186818278846
0.12466219409334622
0.13399770347827022
0.13404285110847178
0.09548205812317363
0.11988074713065777
0.12690701751753652
0.12520298676096503
0.07912195428900087
0.051648011878937666
0.10125807515281315
0.006928092809741333
0.0
0.0
0.0
0.32624108052716694
0.24656694296512652
0.22914096931250924
0.3143121425915291
0.30632209271558375
0.21310503120717966
0.20158550833844185
0.24262289365619497
0.21605009475930909
0.19665408644148022
0.24022195717926567
0.24149001924686783
0.231425066591972
0.16999836610808994
0.19927811910975057
0.22187771161059697
0.2036797289319156
0.22091318023152984
0.20328302340328375
0.18333938433478178
0.20555647568338398
0.17784578745175775
0.19435391714428002
0.22024486820060107
0.15232782267655975
0.16265966196069268
0.20747228864267225
0.2741272852474973
0.1557276474669957
0.2211500101690023
0.18651492418268673
0.20340959626518412
0.19940280765651014
0.20849833626718303
0.19268114895908428
0.18564054722737713
0.17131786476502686
0.15398404231096677
0.2441742656237212
0.183201240922523
0.16519856809572625
0.15693946927421695
0.17352479645115712
0.22675337007461352
0.1649013480707596
0.16371904312518126
0.13451271197845727
0.20193206337783431
0.1843829976396466
0.22051322562634734
0.17098188864223418
0.18766051670734213
0.16572889364721693
0.18260057502680285
0.18580759263231345
0.19480079836281716
0.17565723418467885
0.2187525990438371
0.15689194177304047
0.17436482395337777
0.1755406572826596
0.13742506567085863
0.1409216135440298
0.17392320132122915
0.18003556704073378
0.16599566328140067
0.18148652274934507
0.20407748340510848
0.18947886611138778
0.1713853448876031
0.15797375170611438
0.1910983234899948
0.1363823506934959
0.23536763572936698
0.218190067334671
0.19954565011230999
0.1858626269668823
0.1563025412968746
0.1651013099832172
0.16986804647489412
0.1955198853905772
0.13984106283021402
0.18690027552846883
0.16804589767696684
0.1544579891677428
0.1673515189380754
0.15910501595288365
0.18439132472652786
0.16661702177866097
0.2521891840989459
0.14196213208209787
0.18383896595654364
0.19591115332149117
0.13898476850970967
0.17777668321679854
0.18746960145297586
0.1285052576900015
0.18003363399762037
0.19274139661449186
0.09871815714649192
0.17675761428978257
0.1565566241365618
0.18689236923653105
0.09013364850395932
0.15327157937606187
0.18400729349079417
0.13441226895808486
0.16026527401646753
0.11257280932849971
0.12406599428875115
0.17275035307450237
0.15091366443242876
0.15348209153027112
0.14370176810543886
0.1633327671757182
0.12919348342006393
0.15877558439642991
0.17705840667664496
0.12331052628863773
0.12317815229902335
0.12803484152787714
0.10725758468464408
0.11543353843174936
0.12511692634937743
0.10220967054801802
0.12398561024037046
0.12112498891382247
0.059320803154627046
0.051134737656042706
0.07601380886583144
0.030728675043163678
0.067132715696725
0.06030100844081561
0.07272025475679213
0.09235246996982298
0.04247677819443725
0.04008427923666345
0.0
0.0
0.0
0.3372721880138773
0.2753295913152483
0.3934117849871231
0.2914671171322826
0.2250161703751515
0.2924874395566369
0.19553609390142768
0.1699497263441414
0.16995936084375218
0.11622792729656307
0.2077369387272955
0.18338286128337242
0.20093497716929604
0.16970769632138338
0.167377058830494
0.14695559697927946
0.2212302684587794
0.14932306649153018
0.1376364245770415
0.16419920490977336
0.17457854786532148
0.167448978526047
0.15255080214132732
0.13778306119740882
0.13101182572545844
0.08522821203661146
0.16608985368429
0.14892463385381324
0.1489224134445291
0.12994856153044834
0.05814939501745507
0.06621727437097408
0.06336551023116924
0.05196760672612594
0.022466534859722442
0.35637855819933373
0.2816585407238188
0.38257170100084603
0.1262089066160213
0.3586081604468088
0.34571182752963614
0.2773655402382811
0.14689638529851662
0.2219826960054926
0.21323979742292248
0.11073793316843888
0.18089646972173412
0.12662354639672635
0.11066976074864726
0.11081597467979099
0.07585100149084309
0.11624541501537405
0.11022380922745846
0.09751595607442747
0.19847975107639826
0.10490927288159352
0.18387744655107002
0.07289340545152602
0.09408042939322839
0.20794969675780972
0.16573770457817766
0.08384447040813225
0.1511958517407463
0.20591784495130291
0.08832397067743358
0.16063075182111497
0.13311830621943738
0.03213304497030181
0.0906044217835731
0.18251135639414495
0.18251135639414495
0.1505134425417676
0.15753425568749674
0.15753425568749674
0.15753425568749674
0.14957993898186114
0.14957993898186114
0.14957993898186114
0.14324598993737808
0.13803669380866
0.07187993835017922
0.14046945782683973
0.12831841288978996
0.02438161061207989
0.07389775761495992
0.111758776116302
0.041176929897604526
0.03656403045287973
0.03933653976952039
0.05265865928736056
0.03553649832717558
0.02772053990072912
0.02378004354467678
0.01783098836083431
0.1309203762989489
0.02164971902111977
0.023791401383295052
0.0294055568341091
0.08645161118710815
0.023363273905284546
0.019074722600953796
0.014172840924555582
0.014231794689220218
0.01419432055725487
0.026738251031402687
0.010120102573996453
0.016885145875311303
0.01699440680634316
0.004181530683958903
0.0
0.0
0.0
0.0
0.0
0.0
0.0
0.0
0.0
0.0
0.0
0.0
0.0
0.0
0.0
0.0
0.0
0.0
0.0
0.0
0.0
0.0
0.30436529042134464
0.12934045219198223
0.3593283704698183
0.30505244620034183
0.3138897875191296
0.14192755627456433
0.12916082853286578
0.12203206079471635
0.12314404248183425
0.12889730561172463
0.0664184296264432
0.06902084244797238
0.030281296844536624
0.004357210873702616
0.004830715142330687
0.0038275383661612863
0.0019578102422753733
-6.420834409640351E-4
0.0
0.0
0.0
0.0
0.0
0.0
0.0
0.0
0.0
0.0
0.0
0.0
0.0
0.0
0.0
0.0
0.0
0.0
0.0
0.0
0.0
0.0
0.0
0.0
0.0
0.0
0.0
0.0
0.0
0.0
0.0
0.0
0.0
0.0
0.0
0.0
0.0
0.0
0.0
0.0
0.0
0.0
0.0
0.0
0.0
0.0
0.0
0.0
0.0
0.0
0.0
0.0
0.0
0.0
0.0
0.0
0.0
0.0
0.0
0.0
0.0
0.0
0.0
0.0
0.0
0.0
0.2630228816372244
0.36617426193738156
0.25866511879467413
0.2633189447870702
0.14490377261830065
0.2815934276491028
0.34730575916267187
0.2702866942382973
0.13149681403101054
0.2065629104182992
0.19578630050150306
0.1322405904893929
0.11662631133519631
0.27132698117045434
0.21305274887757578
0.11459616344731058
0.1913182928037885
0.09864895832073751
0.21868641512237044
0.1365978194110969
0.20091513547362944
0.11314846207514814
0.14837528319614815
0.05034203528264772
0.08732356219208809
0.19733883133598965
0.18320326085393127
0.09814707551167193
0.17286285803551807
0.17286285803551807
0.17286285803551807
0.042634190680529926
0.16482988872602927
0.1583204168186466
0.11317112956961696
0.1482180628108897
0.09375772284081753
0.10053858548111441
0.09838201187093161
0.097821054283409
0.09534958772671426
0.09405512315176835
0.09221302765870676
0.17186281414213628
0.08542249511894077
0.04952602070352578
0.08346236535246247
0.1578435987797873
0.08307696327594707
0.11087447018075267
0.04381622443148937
0.027548909348616687
0.07161567729945632
0.0704035844682838
0.014549245832890438
0.02247329585879527
0.019067670616603905
0.010387842319107632
0.0
0.0
0.0
0.0
0.0
0.0
0.0
0.0
0.0
0.0
0.0
0.0
0.0
0.0
0.0
0.0
0.0
0.0
0.0
0.0
0.0
0.0
0.0
0.4143044571902212
0.3146618556158046
0.32042295623948885
0.3162650424226835
0.2881776513700064
0.279465537369865
0.279465537369865
0.2688230033052965
0.2688230033052965
0.2688230033052965
0.2688230033052965
0.2688230033052965
0.2609607157178447
0.26060733137746334
0.26060733137746334
0.26060733137746334
0.2602509995173696
0.2723118126868759
0.22678703521478666
0.25398740271699966
0.25398740271699966
0.24848250576908287
0.24848250576908287
0.24379303988151577
0.26394523436572204
0.25265645728557856
0.11016075700026479
0.2280971084333817
0.23293851353232523
0.23460167401129528
0.23293851353232523
0.26085748138209097
0.22196385239681546
0.10427291084467998
0.24105705599675148
0.26170113176427573
0.24299438101514145
0.2547116464546304
0.14852319125309543
0.10484648394092913
0.13249214855931993
0.10761527088132354
0.10656767443887906
0.10593706897130142
0.10076926571312415
0.13323885030745186
0.23755616967013743
0.10414311522589856
0.22366130577440999
0.0982774526490367
0.10241386588540433
0.23598894536278459
0.10153178593227637
0.09494936024641232
0.13914215487934525
0.10203974298859783
0.09264937516082605
0.09749942522703842
0.098347510625853
0.09730389221571323
0.0973900635440963
0.0952721802917883
0.08892651261494033
0.13236783415528477
0.0956962651437781
0.09397536859643982
0.09112243782912781
0.09183056685434009
0.09138750721886284
0.12352076653341905
0.08966806393166991
0.08758769233196281
0.08454020828445168
0.08549877044046937
0.08705771112138054
0.08507572161320903
0.08529666712762564
0.08202329036436083
0.0818115044022698
0.04201870460757144
0.20612498847341454
0.08116187627318167
0.08141260735344139
0.15272623270182273
0.15272623270182273
0.16195663888997372
0.13740794907603393
0.13740794907603393
0.039185614963416875
0.07867437388050888
0.03310745734617848
0.031264447254595595
0.11886788028381123
0.16572318465699865
0.07663091342595876
0.11984816425555066
0.11532312035020223
0.028735443743349128
0.07111331992781103
0.07032749815717126
0.11087752768759158
0.09874710289912492
0.006284470004854229
0.08228414583099075
0.0
0.0
0.0
0.0
0.0
0.0
0.0
0.0
0.0
0.0
0.0
0.0
0.0
0.0
0.0
0.0
0.0
0.0
0.0
0.0
0.0
0.0
0.0
0.0
0.0
0.0
0.0
0.0
0.0
0.36263372732254606
0.35224038892394344
0.30750680327056534
0.30567601580446024
0.3012912435665495
0.3411284980322008
0.25220422161955747
0.3155819439553611
0.2997481347135815
0.33367393834197784
0.14150558176229713
0.35373702115382133
0.35373702115382133
0.35373702115382133
0.33178020179460777
0.2849480211945751
0.3295247796636018
0.3295247796636018
0.3144796680471226
0.31235396076189276
0.31235396076189276
0.31235396076189276
0.29940136749053203
0.29940136749053203
0.28919212415311457
0.15364079381750873
0.280876918325929
0.21450445115964323
0.31568929848403005
0.1640019387876192
0.15356953191350536
0.14114393300790873
0.3348917677627543
0.28232376481917504
0.24878794268113058
0.24973807504031692
0.24076490381888366
0.29907423431858354
0.13305874631183753
0.11614940513309022
0.15511875014913734
0.11039963586352516
0.23641618622101412
0.26068377688653677
0.1145167686274984
0.28632469427559915
0.27215964782405977
0.11951728356731801
0.23551824843760516
0.11740549955220252
0.1403145425310843
0.1112865719554341
0.13950317430171527
0.22294982660850943
0.12838989756939023
0.11499737462481105
0.13631124621150034
0.12473324035919273
0.12285839124037715
0.21228496380043474
0.10948958263207897
0.11020722804962137
0.1158819325268322
0.10949255876496924
0.10828221901233082
0.23554467315194685
0.13347469253759342
0.11598155401516723
0.11577575704412438
0.10471995901710635
0.10694043172365313
0.11499345185742518
0.10431091314064035
0.09601598379142229
0.10248655908679288
0.09904536753536766
0.09752021793110133
0.046603742042607504
0.0905711558623407
0.058141305542883125
0.04849374504826515
0.04682572119574648
0.052305637242252664
0.0487613354852737
0.04539538947723714
0.03278274509888919
0.044507968377573245
0.040441246155285465
3.534296930373E-4
0.027347130183555807
0.032950021542091285
0.0037656631151478572
0.11136792175386641
0.1370396089274968
0.01617828646494562
0.015389473851835178
0.014264012555230417
-0.0023007602466306124
0.0
0.0
0.0
0.0
0.0
0.0
0.0
0.0
0.0
0.0
0.0
0.0
0.0
0.0
0.0
0.0
0.0
0.0
0.0
0.0
0.0
0.0
0.0
0.0
0.0
0.0
0.0
0.0
0.0
0.0
0.0
0.0
0.0
0.0
0.0
0.0
0.27881218724816015
0.3103963374326804
0.3374890283536976
0.32087543311344774
0.3075137916454088
0.2594774675214916
0.30480899770615877
0.26139257630252316
0.28283326761286254
0.2236053717315852
0.25534090800690146
0.23927553803858242
0.24420310000913553
0.30206937811717155
0.24596102837648284
0.25390139364699466
0.21340435777378602
0.259767667469809
0.24668478244575964
0.2826178161838368
0.2768371255323084
0.28772067153972813
0.35309559180652494
0.2680519646754529
0.30586703612661426
0.3197046290858985
0.3197046290858985
0.3197046290858985
0.3197046290858985
0.2429407315508902
0.29732509445798116
0.29732509445798116
0.29732509445798116
0.29732509445798116
0.29732509445798116
0.29732509445798116
0.29732509445798116
0.29732509445798116
0.29732509445798116
0.29732509445798116
0.29732509445798116
0.2809378213967101
0.2809378213967101
0.2809378213967101
0.2809378213967101
0.2809378213967101
0.2809378213967101
0.2809378213967101
0.21903374658920707
0.2682226402873065
0.2682226402873065
0.2682226402873065
0.2682226402873065
0.2682226402873065
0.2682226402873065
0.19045371412991458
0.2579484419210551
0.2579484419210551
0.2579484419210551
0.2579484419210551
0.2579484419210551
0.2579484419210551
0.24939515913641036
0.24939515913641036
0.24939515913641036
0.24939515913641036
0.2878784990209543
0.20701439410011474
0.2421107777537933
0.2427351921038429
0.23161606718149713
0.2726327623335687
0.23579521111124793
0.2994374798302642
0.195761847574225
0.27828897700572525
0.230240246484617
0.230240246484617
0.23038745218987572
0.25271237326404605
0.16459469150783212
0.22085278113910242
0.21682533433598813
0.2537349482284176
0.21260399508592173
0.26172394106490193
0.24107302181571022
0.3254166908934085
0.2375380825984204
0.25145724051539303
0.2379757433048405
0.29012281129492634
0.21447276491352366
0.24258348748884392
0.17175265452509458
0.19381885733916673
0.21010926125514126
0.2644310718375907
0.22133758574631968
0.2362217741642368
0.15072735052557967
0.20393935247284353
0.18024047565586565
0.17044001960195196
0.22217644038505055
0.20043164578316633
0.18600172869000284
0.2403580538245437
0.1702749589480858
0.23185612665707483
0.24104691272376527
0.23907500091005796
0.1398158643291261
0.20779016406157425
0.11336900816979033
0.15954883417274932
0.18773893289734986
0.25685530205485924
0.25685530205485924
0.25685530205485924
0.2601836955054442
0.2601836955054442
0.23438783153818804
0.17401001512494202
0.237621772048558
0.1760664977237553
0.2192573990029156
0.22240239125262165
0.22240239125262165
0.22240239125262165
0.2081222446761737
0.20969676830231618
0.2037819234507732
0.21118363722602085
0.21118363722602085
0.21385177628754726
0.19943808110727212
0.19517422877853174
0.19238523419067716
0.20679252565302272
0.19529515031225028
0.16267941068799574
0.23035200864276803
0.2120690418034498
0.1649696190901481
0.1806284543757988
0.16849098768504184
0.10726242094846973
0.10229992305053286
0.22200283840842402
0.1605698696713303
0.22953734794012565
0.1566065652730219
0.15140980452078912
0.15372987125813825
0.10194318165723487
0.10261575929868513
0.23958820334132439
0.14125331113299633
0.1030192511089906
0.09633178460289919
0.16052165980705088
0.16343253977086222
0.17084521646935294
0.16780350010429373
0.15186939868392488
0.13159823795217715
0.09384208845745763
0.13158644216872642
0.09120738397797577
0.10756404940489948
0.12279349981677407
0.0871206976550091
0.08500660818947255
0.1175602108172918
0.20685756932680632
0.17327830616120662
0.06374402159344054
0.1589865583112154
0.08250946936342211
0.08217315222796237
0.13771799144435146
0.06800042751080365
0.1715648619123046
0.12600301763409796
0.15342097059857782
0.12576419635600067
0.06142207403407146
0.0777589603678921
0.15816504463377537
0.10504811884425398
0.11050508472627789
0.05476801528259487
0.08585906952674463
0.10737751892247985
0.041163596554942485
0.07922840002206376
0.032301658158717626
0.10855263357240066
0.10062863188717314
0.09295049098536991
0.05482954297562911
0.017728373853902506
0.11406152417935876
0.02687195758901934
0.013345740701716234
0.06505677936714295
0.0
0.0
0.0
0.0
0.0
0.0
0.0
0.0
0.3682532645620884
0.36670997840440067
0.3389551321125295
0.3695157999630573
0.35533098270424474
0.1593690089027921
0.1543299166868039
0.31449699937461795
0.27173207654466003
0.15319726726467556
0.28676079828606993
0.19330697415944795
0.14870507431837127
0.2696522379002516
0.23013731354032696
0.26947435222002175
0.1414765331968682
0.2491923530894749
0.2491923530894749
0.25697563126636574
0.22409977558143085
0.07061585838832037
0.22838669333844067
0.21563368928453122
0.10495394979402906
0.20325310114554396
0.20300853062833263
0.1726048670936828
0.27393122286716076
0.1981179532622455
0.13783850365860342
0.18957589121300344
0.19471972178806662
0.15761894688764375
0.18630948843388662
0.1875411373665962
0.15459857337752017
0.06866640869555435
0.07242198891437392
0.1866324841442911
0.21848758010299338
0.17726392197329427
0.14809416558321528
0.19527295840987463
0.18018903339559722
0.07142252257433607
0.03446291564828584
0.18791862743946688
0.07535568586169424
0.18841814804520415
0.20451438585024084
0.20451438585024084
0.20451438585024084
0.20451438585024084
0.20451438585024084
0.19374352227658823
0.032036309059772665
0.06725478868105636
0.039999322600399734
0.05619764049257797
0.15185866800461104
0.16778835038447887
0.16778835038447887
0.14953856764644755
0.18638961016758723
0.03361661902495837
0.15835141287795332
0.027012550915821915
0.17420276423826797
0.18383311743322517
0.03595361147033958
0.1418429386823097
0.06438697474176429
0.16467008581913642
0.15613746103965695
0.03888645278757885
0.03804298136211354
0.04325105454054656
0.041908948447813156
0.007384540641493167
0.0
0.0
0.0
0.0
0.0
0.0
0.0
0.0
0.0
0.0
0.0
0.0
0.0
0.0
0.0
0.0
0.0
0.0
0.0
0.0
0.0
0.0
0.0
0.0
0.0
0.0
0.0
0.0
0.0
0.0
0.0
0.0
0.2771333801710344
0.29361794517535694
0.2842717458186089
0.27977165538065935
0.24145545521562684
0.2671144791324285
0.3101758159636922
0.23471907592550934
0.3388725626565521
0.26175354277027246
0.26621327316910487
0.2454234689105413
0.22868214376485513
0.24488834007821186
0.23581448496924184
0.2146512273756592
0.23850760674969768
0.21777307322259204
0.23276224249250488
0.22564077449200953
0.23670320617100293
0.21868468566437055
0.2502020299757845
0.19898571341437196
0.24417833949114562
0.17321607810095155
0.18219884576594078
0.2072854472783848
0.18779361080573415
0.20115203054746392
0.10320786475962926
0.18200211828981855
0.2398875457896639
0.24179463541777355
0.17858112169775486
0.2140073774292228
0.17364292480107865
0.17387498978647692
0.24089490295585594
0.2202557728525765
0.1244659899190643
0.18795648077339036
0.23927559199500956
0.20779900178907498
0.19241805883797736
0.0892116335353548
0.1747974038534743
0.15959942985275397
0.17160330487442765
0.19614420083658476
0.20059339599733936
0.17907990123350206
0.16627461745832822
0.16393485657291207
0.21972373306328516
0.16430257336629742
0.18409325455507253
0.22653171625659285
0.1698859121855569
0.1663889910059887
0.18097828887542955
0.18383092299571216
0.18838598162104297
0.08243924986683293
0.20692834565479307
0.17182349319979612
0.12541092741914162
0.18906277605960498
0.21700603327459358
0.1808341050355625
0.12980178599966227
0.167877151900089
0.194384270533471
0.08733091907493802
0.17180081055734087
0.08589564526232774
0.19147912297090186
0.13973617785613957
0.14965500904302884
0.1450758669446901
0.1737868360168215
0.14995790538241635
0.07489459203410873
0.14905826054948723
0.1836344391932502
0.1452569632480418
0.19060094674872363
0.19060094674872363
0.1688751940778701
0.17654599255294934
0.17654599255294934
0.17654599255294934
0.17654599255294934
0.16639742075215297
0.16639742075215297
0.16933569868059237
0.11877621280509822
0.1438060369599527
0.12403570430426776
0.15718383462087027
0.08139202560037592
0.15234558311318872
0.14110266526016077
0.14044522716237617
0.1376122216828932
0.13958635603979924
0.0797651000754495
0.13894942200945615
0.13894942200945615
0.14474262826391682
0.16581845154377847
0.1468877563647431
0.17998238023745006
0.14982007623115343
0.15512736395063184
0.12749703403531104
0.09821827433182084
0.1290120067994841
0.11963581112624674
0.13585894313029062
0.05639685920125553
0.1261205873963396
0.14047224965299346
0.11560522690840702
0.14608718880692034
0.06551080166937173
0.05558092240881571
0.14159527726959237
0.11976137216198651
0.12437296942920598
0.0687507352957963
0.15459593528492113
0.16591913663972127
0.060810244199565835
0.04441945464117063
0.04272623556971957
0.05762047320745771
0.0614934766527891
0.07993905307728845
0.10313475285376066
0.04415657640764332
0.1023413604977229
0.03776385870109098
0.035904225188551804
0.03398642574935811
0.034715393101731176
0.029941639983473687
0.038309397262817804
0.15470480517426483
0.07929260710161787
7.244540562338858E-4
0.0
0.0
0.0
0.0
0.3147204969433727
0.35862285608995537
0.2627493823886671
0.2701133977407683
0.13499110113217272
0.2275786334183676
0.17847325103274345
0.2581417811624438
0.23322233638077186
0.09665235347519371
0.29395384540688485
0.21201726839806495
0.2656883881274018
0.23621646875976665
0.2187653530087088
0.23871684063452486
0.23100305456075285
0.258904054318562
0.2307928366509404
0.1876221935856024
0.21960339878956414
0.08820061408343764
0.2266293001668465
0.20549035892585016
0.20314264608152205
0.09344413913893818
0.18508098786502733
0.2546527030562415
0.11887454567892355
0.15244879695682614
0.09702346877283051
0.19528186013449997
0.21730150728940817
0.21606283671302692
0.21527218617717753
0.20837191381120193
0.09798526844742109
0.11795503257628608
0.09732476629703778
0.08154806606204563
0.09381818760627361
0.10964956568191939
0.12334005683526023
0.20237761564314197
0.08965077953773008
0.08965478704489203
0.19559196698425707
0.08787323339856866
0.19161129494108128
0.11431596922444918
0.09381838506904396
0.08019670306779947
0.07189733253537012
0.1007939236570667
0.1507662732115168
0.08622009457147416
0.08798392493984164
0.22219041386482935
0.0749863667030139
0.08342342677589255
0.07998452975676133
0.06977428772086752
0.07840351977178119
0.14192962331627626
0.07892570149186895
0.16032840743154955
0.07785160883475953
0.16707718856832848
0.13173197820054958
0.07575415859910481
0.15473080842531822
0.11005805477010436
0.07663230918496952
0.034341852121152594
0.07171696362586308
0.035545740064243596
0.09225805192089706
0.04241064813132614
0.06702549951028848
0.09716962928992232
0.04033207715194333
0.06500252948131015
0.039857600381129274
0.026286117382880107
0.03804825157806023
0.11822473613594082
0.03680651430863471
0.05956429554603309
0.03459484583947377
0.02732192939056064
0.10925659124160135
0.023431145508757474
0.10969874689299135
0.011446913984448269
0.006515795631230793
0.0
0.0
0.0
0.0
0.0
0.0
0.0
0.0
0.0
0.0
0.0
0.0
0.0
0.0
0.0
0.0
0.0
0.0
0.0
0.0
0.0
0.0
0.0
0.0
0.0
0.0
0.0
0.0
0.0
0.0
0.0
0.0
0.0
0.0
0.0
0.0
0.0
0.0
0.0
0.3193210906207354
0.2903919027242643
0.3175342145282097
0.3134149051004139
0.2830885399246932
0.29983432709407337
0.27627669429775525
0.2735552145312502
0.30223263449112625
0.30762253145760327
0.30474467957736223
0.2741416751087844
0.3190552286584007
0.3220503817599712
0.32553615752728016
0.3351430134771935
0.29875556280454746
0.31197581137672326
0.2613557848760039
0.328069107044787
0.3544063562058925
0.3022768389153805
0.2705095101536925
0.2995321017200718
0.27912961050387713
0.29842779721760815
0.2568925647239992
0.24794847776613604
0.2855693125659299
0.37210084243086916
0.37210084243086916
0.28351146816825873
0.29850564542958463
0.16550493651831882
0.3203480588517753
0.3203480588517753
0.3053834489941186
0.3053834489941186
0.3053834489941186
0.3053834489941186
0.26582997991517304
0.2938555966179872
0.2938555966179872
0.2938555966179872
0.2938555966179872
0.2938555966179872
0.2938555966179872
0.2938555966179872
0.27534802357087806
0.28459266076869927
0.28459266076869927
0.2769155103120001
0.2795644502770841
0.26832556429091636
0.2717350737467525
0.2704000212095739
0.15731054169305214
0.274308056229661
0.26026659814024716
0.255429235425217
0.2708277813902722
0.29661690120799716
0.2810129142486265
0.2553824871435914
0.2581619837091315
0.2813161429128722
0.12108526446427026
0.2671919371421152
0.2715837472554987
0.26568101944572514
0.2809495508464578
0.2342499749411367
0.2714592206794951
0.15331819501048818
0.2541992578502153
0.2837592245696928
0.26679149084099896
0.2606852318234701
0.2650997619177423
0.2473461796861311
0.248426604430533
0.24001145705700733
0.2133219184767014
0.24271764534170676
0.27963260732626877
0.2518938934237601
0.2587286538073737
0.23890729005643171
0.2615972300652326
0.2540200104899942
0.26050514632474475
0.11355201514236578
0.2678510625440882
0.2756019141728062
0.1158991379031921
0.21326739276830298
0.1092885350811051
0.18588537081520318
0.2676565723381458
0.25859291949026597
0.20729935522936077
0.24192824759048046
0.24131689021903457
0.27543100090607137
0.10622810353681447
0.23379529124096698
0.09425255183212473
0.16342908108007848
0.23904202659871177
0.1586220058894929
0.14324450722546606
0.12261605455186632
0.18936927944220908
0.2105500533257047
0.17951680469012535
0.09350012739205696
0.0940925280909389
0.0918827328302127
0.180503002888488
0.12457207300211817
0.08288043630755337
0.1329439967375143
0.19130643708711845
0.13346046121079996
0.030722376446379596
0.1255480978342888
0.02794679286730635
0.03084693789210273
0.023566776277808524
0.02079962064909128
0.01074121257346713
0.007137195992525366
0.0
0.0
0.2915139081241482
0.17817079462089105
0.3602322997631443
0.2433023086082452
0.18332169829215827
0.23523663245737264
0.21107003379598535
0.23951075431910276
0.1994628668986428
0.22852858692836883
0.20425029760695035
0.15235922572033878
0.1883186946687833
0.2180086158447377
0.21606966300793107
0.17090535899013903
0.21569083898610486
0.18781764215823774
0.18320622061527572
0.10939663385450438
0.2079545805109148
0.1722127663209566
0.20710502971127362
0.14372776590804529
0.24072408565318296
0.2034961522531265
0.17183794844730227
0.15311771614678119
0.10787031531267516
0.18824052897734248
0.09670301951941647
0.16422015066841034
0.17910266251050508
0.09600232772599207
0.17845260121274126
0.09798679947121741
0.19515641078479942
0.1659043328550855
0.09107206127977727
0.08811828715555335
0.17677977638989342
0.15222670025546714
0.19722212109600756
0.09143486754663796
0.08984916918093717
0.15523115805916599
0.08377870752096887
0.09213819387230701
0.08418510257318398
0.17884841043672625
0.1649561193957999
0.08950755993003394
0.09039284986073229
0.17146792295199745
0.1586713096704647
0.08791513177751822
0.16630140250457115
0.10836040752021503
0.09377604488210094
0.11048385336475532
0.12006332879852054
0.1302982519519255
0.15505842122064378
0.11579489054435635
0.09068884162349106
0.1264126390657562
0.11829459343366358
0.0815348584546841
0.15772900041939328
0.11036554871424867
0.07273053064714077
0.12867054373033052
0.14902464569279186
0.1384389694535099
0.11392389856122798
0.10740175387467227
0.14867446415321686
0.0438606383074694
0.1723088985118163
0.14304629844917421
0.03568280591268614
0.03713206328705678
0.07219665625859953
0.11650994561832431
0.07074001305122996
0.035962383517676416
0.04269060986025189
0.039569439981661
0.039569439981661
0.1227124281499915
0.10941254800407185
0.1318597412232992
0.1251633713926229
0.06540975760366634
0.1170791561235638
0.03022970776772338
0.11552986620754507
0.0481291082556142
0.03599680409968665
0.03529346761400559
0.09319026658781086
0.03559403494485694
0.05323674544519569
0.023348901201205804
0.10176581342675307
0.052851267155642756
0.09336269883805774
0.04749557361189116
0.0375748524638179
0.03180590141103479
0.04036651770443977
0.02704740484360782
0.02533683909670915
0.03787202603992264
0.026376274965932797
0.025061024863962385
0.023514024523404863
0.02127847145089526
0.01929212461118635
0.022492965727884662
0.010921204531081197
0.019560565168792926
0.0
0.0
0.0
0.0
0.0
0.0
0.0
0.0
0.0
0.0
0.0
0.0
0.0
0.0
0.0
0.0
0.0
0.0
0.0
0.0
0.0
0.0
0.0
0.0
0.0
0.0
0.0
0.0
0.0
0.0
0.0
0.0
0.0
0.0
0.0
0.0
0.0
0.0
0.0
0.0
0.0
0.0
0.0
0.0
0.0
0.0
0.0
0.0
0.0
0.0
0.0
0.0
0.0
