0.43347093759131566
0.433668903804116
0.4340121370645439
0.43267236966063805
0.43362290801369224
0.43468830891909754
0.43297511247031883
0.43409663569382423
0.4333458721676
0.4342487536215861
0.43441685146748754
0.4342413098354928
0.4348121831482259
0.43253846707037485
0.4354630742241811
0.4335191713186328
0.4342997714463439
0.43419771952240016
0.43477318038726603
0.4362672871057138
0.43567364472972026
0.4349295439370159
0.4343710597694601
0.4334511089911947
0.4346279895720771
0.4351345271898452
0.43444351323456504
0.43443445909470574
0.43452234782944804
0.4348427839608626
0.43552302207177374
0.43510438462602324
0.43499539887494204
0.43540950087454966
0.4335646758912322
0.4348387393971857
0.4348516837637378
0.43516870498723803
0.4348846219415761
0.43452568561835025
0.4343138969044018
0.43323076668064453
0.4335282470045826
0.43469404856773514
0.43456210075313323
0.4347238415997923
0.43337840610587197
0.4350074842955183
0.4352814014624687
0.43357020610927666
0.43514333709348646
0.43451313859700236
0.4333007666210355
0.4341443072746186
0.4348563172580136
0.43372693460871475
0.433594965711707
0.43514375881143896
0.43463932238349073
0.4351202705955615
0.43457701962704665
0.4342132532664972
0.4342866459042155
0.4334766100919617
0.43400479156770777
0.4348317096426124
0.4345160345119449
0.43443924575454756
0.4350073328962442
0.4343100676636033
0.43436383537671736
0.4344669304168307
0.43424037962928447
0.4353177386618053
0.43432810204286626
0.43360595098370697
0.4342513191376837
0.4350850788651304
0.4347643720469143
0.43421619410184514
0.43480962670218043
0.43460592359079503
0.4336289805717995
0.43432632377441255
0.4352027991793474
0.43489781817952156
0.4344153884283702
0.43541653698485433
0.43465301578337845
0.43463772709878823
0.4346462200131633
0.4344723850940726
0.4347526521583805
0.43581766093694574
0.43485540652169247
0.43537789684238376
0.43461217185345313
0.4348718734956922
0.43460162538955033
0.434431160751245
0.43456436771337104
0.4346221784112696
0.4340206018581329
0.4357410478086257
0.4348094515450498
0.43466675153908946
0.4344457966391197
0.43501014890333445
0.4349208230056926
0.43446497004163326
0.4338513294650443
0.4342390026097817
0.4342973416140507
0.4356694456922001
0.434317122314414
0.43521885438674623
0.43474855676844104
0.43491498288643227
0.4352687778210319
0.4352154939558047
0.43529242707215243
0.43489549022103313
0.4348971930566667
0.4347291759071307
0.43574960251068073
0.43468789718483136
0.43494548981512304
0.43523795139959215
0.43496315143935055
0.4356485332653357
0.43549540217557087
0.43445033775817404
0.4350300872358848
0.43514513014939776
0.4348362454451442
0.43527306649397013
0.43580134038900586
0.4360617100840443
0.4340698957359557
0.4348163406724597
0.434130075217735
0.4346508024590584
0.4337786298694684
0.43555647701488653
0.43392871971870467
0.4338842464878011
0.43457610451429524
0.43462744809728454
0.43442687903232796
0.4354017579993921
0.43445114044926325
0.43445114044926325
0.4344664705407626
0.4344681575328301
0.4344681575328301
0.43476022652900587
0.4346830765618891
0.4344685259671529
0.4344685259671529
0.43446836767858504
0.43446808984355934
0.4344620879834969
0.4351805269613159
0.4344678981272266
0.4344678981272266
0.4353954291556454
0.4357487085373297
0.43509640604865624
0.43496393752260626
0.4339232505311288
0.43565770225951195
0.4356240689268133
0.4343229503484004
0.43447465924439765
0.4334243344396226
0.4348380016063016
0.434941138076992
0.4343873705508039
0.435305455098844
0.4338519442297634
0.4361414480850818
0.4346471979957124
0.43404008504144465
0.43384598058482116
0.43429665057471917
0.4341384680220811
0.43431768588265157
0.4340445359494279
0.43597447446819554
0.4337478684368045
0.43517307487044643
0.435441475126059
0.43405533535606894
0.4341394738103293
0.43403460017749257
0.43402636018260043
0.4353750262442597
0.43494755802252827
0.43433011259603854
0.43546938312209366
0.4340873703119149
0.43557235918595044
0.43404896556416955
0.43419782446851385
0.43411395094414434
0.43425288108996096
0.4341644270231521
0.4343163875568586
0.43459677205861574
0.4347154097453401
0.43429745034459627
0.4343646859596323
0.4346219973487208
0.43413755331650916
0.4356918323997698
0.43468805963878
0.4351954680651552
0.43446460593901715
0.43546835927975974
0.4356249380836889
0.4344892752651961
0.43483141514017404
0.4343821799674644
0.4348152252502136
0.43504588053172377
0.43428975239934225
0.43531300344014395
0.43471963684378223
0.43552865227608306
0.43441108366340175
0.43475950238319316
0.43445463447393623
0.4343664995288171
0.4345394342866235
0.43448109672363927
0.43557903511285356
0.43407804760304725
0.4352916912525358
0.4347263739009722
0.43446691215615946
0.43437528087179333
0.43461393466858056
0.43467040833328274
0.43543477058594343
0.4347270536683636
0.4346373544629384
0.4343433413531763
0.4346272902949001
0.43465327834116485
0.4342877728585831
0.43465038876005363
0.43475128123127627
0.4347617546274856
0.43476372848134665
0.43468316024727255
0.4344528823546366
0.43472586882689745
0.43508220673627895
0.43443972714216683
0.4347162190859106
0.43491743836873387
0.43496827769942187
0.4349209083892276
0.43491094196525104
0.4350002099012903
0.4350727488038205
0.4342857520487136
0.43512109770684354
0.43499052275584277
0.4344081851620593
0.43514402620981035
0.4344884807330973
0.4348936110434849
0.4350522237328288
0.4350076562313674
0.4354345680940932
0.4354913058995951
0.43550087571731383
0.4352679824138279
0.4354959696911273
0.4359020952690005
0.4360617100840443
0.4360617100840443
0.4360617100840443
0.4360617100840443
0.4360617100840443
0.4360617100840443
0.4360617100840443
0.4360617100840443
0.4360617100840443
0.4360617100840443
0.43388489493084487
0.4342396621431706
0.43323950267737493
0.43446752674810607
0.4331641953543911
0.43481195333860434
0.4344197233303785
0.4343985206663234
0.43479516782252925
0.4346086026379256
0.4329174507675196
0.4344980013733215
0.43374940148966135
0.43383362288219596
0.435422309055396
0.43442114380548996
0.4344581475675399
0.4343286882154825
0.43389146824768765
0.43480282589684
0.43414006410754474
0.4332422530683505
0.43303841532988663
0.43457504497644545
0.4338675409327864
0.4342880956343953
0.4345926642902549
0.4359334816006117
0.4345953438280236
0.4338965534244461
0.43412805399359694
0.4340895564524177
0.43376654065341663
0.43392667882002856
0.43389746819427927
0.43464546742460836
0.4350982567401811
0.4342431649964987
0.4336875362722661
0.43339784196218634
0.43382342308774846
0.433735873580442
0.43593341216094167
0.4336206156929688
0.43493017584106175
0.434389138417177
0.43443034069496556
0.4346086992200263
0.4337015281709802
0.4343975025469356
0.433024604799029
0.43479033527139216
0.4345717837914719
0.43457428781408425
0.4340541990973889
0.43515953407739794
0.43473353347419685
0.43416926435259
0.43414461739690174
0.43468362524978793
0.4341437117117719
0.4342154778064042
0.4341699915366219
0.43431575297700437
0.4336884357358248
0.43489146120199257
0.43397538743999714
0.43391318167271437
0.434436086657303
0.4347656484724253
0.43475044157112397
0.4348277125904042
0.43422170190924264
0.4339781434972222
0.4344198015242007
0.43396359704661275
0.43385387211412113
0.4346458850928456
0.43465841831601737
0.43471716929731163
0.43421381565935846
0.4343629150344255
0.4347908022261283
0.4341623271272306
0.4345602474561364
0.4343169108463649
0.43378369724314186
0.43447802612552977
0.43474931465213246
0.4339352130274869
0.43373004165638623
0.435383118213144
0.4347540674381018
0.43436340841438903
0.435113996126379
0.43468605492686885
0.43455094444694276
0.4349554220636716
0.4352345484359101
0.4347953084955132
0.4346093029292787
0.43489339260398874
0.43529817828692585
0.4346188904269013
0.43463746388432034
0.4347496524503651
0.43469139052217304
0.4350867042626331
0.4332437573036182
0.43531284014528654
0.4349912846361826
0.4349912846361826
0.4330895514068614
0.43495797698091143
0.43495797698091143
0.43492268565833675
0.4348677272984636
0.4349310145250187
0.43594621999205857
0.4346242902796593
0.4349089293681756
0.4347907256777484
0.4344164050550558
0.4348553645348535
0.4352984664762447
0.43493302761583796
0.434038531475374
0.434196824250507
0.43578702654416607
0.4345508243043575
0.4336035033737304
0.43499892179847927
0.43577046415465687
0.43499864100235175
0.4338836345220839
0.43543554128914275
0.43392993002274244
0.43547276583800065
0.4337749219546791
0.43551114326369944
0.4344535396375724
0.4352954169912954
0.43575544786022036
0.43481830918448244
0.4342892949776713
0.4356403554031422
0.4356779862410642
0.4363061463171775
0.4358223025206906
0.43460923876115004
0.43546942949141454
0.4339125242045815
0.4346951177645193
0.4345543142089682
0.4347986109600748
0.43523887708801207
0.4347658788328137
0.434356569759384
0.43493347132426463
0.4347620902543009
0.4346224976930977
0.4354467095673264
0.4346164443072074
0.43549616513304124
0.4351641023796565
0.434468201731985
0.43538571964981754
0.4351287402776945
0.4351287402776945
0.4351009228379369
0.4351009228379369
0.4351009228379369
0.4350786315001971
0.4350786315001971
0.4350786315001971
0.4350786315001971
0.4350786315001971
0.43442161867548484
0.43506053706110415
0.43506053706110415
0.43506053706110415
0.43506767592610035
0.4350456952210873
0.4350456952210873
0.4345765913796011
0.43501326883037816
0.4348163077766397
0.43499574420583004
0.4350146785214938
0.43562659605905507
0.4350939038289841
0.4347699594038139
0.4351183542639403
0.43498124374931413
0.43396718862213685
0.43463096006973057
0.4350822945226375
0.43476332324277256
0.4351513094113037
0.43514393133873425
0.4353915668858952
0.43505922768092353
0.43502622229893484
0.43452549925715334
0.4351368212088192
0.43521841813366613
0.43515794520168505
0.43490266610349765
0.4360617100840443
0.4360617100840443
0.4360617100840443
0.4360617100840443
0.4360617100840443
0.4360617100840443
0.4360617100840443
0.4360617100840443
0.4360617100840443
0.4360617100840443
0.4360617100840443
0.4360617100840443
0.4360617100840443
0.4360617100840443
0.4360617100840443
0.4360617100840443
0.4360617100840443
0.4360617100840443
0.4360617100840443
0.4360617100840443
0.4360617100840443
0.4360617100840443
0.4360617100840443
0.4360617100840443
0.4360617100840443
0.4360617100840443
0.4360617100840443
0.43342947869300935
0.43325380437583105
0.4330440315803118
0.43311798093767456
0.4331145372273914
0.43256281894951104
0.43310046155511556
0.4330816199737898
0.4328193456981753
0.43330525231969635
0.4337255002008019
0.4338656232509735
0.43475439257085713
0.4332094703005636
0.4330400473421016
0.43421477465758057
0.4343390591216798
0.4342609776502581
0.4333116103825426
0.43260902044097094
0.43239534611240077
0.4325503020925462
0.43243575636512
0.4330075929055601
0.43332935173108417
0.43299441022280366
0.4344683830168154
0.4329979988379541
0.433191428310126
0.43335271203657816
0.43418997040758867
0.43363747499040844
0.43379091505797107
0.43385578356584165
0.4338700524237186
0.43480373012046053
0.43444822286147294
0.43358659987578496
0.4338026105532636
0.43374145889630256
0.4338351572886487
0.43370614789943807
0.43385608255568714
0.4336628074297268
0.43368594369956126
0.43368594369956126
0.4338617280852808
0.43383971932825394
0.43465825942286396
0.43423418018527177
0.4337729451874179
0.434030000485058
0.4340871242668635
0.43413970510236544
0.43328508600879834
0.43403468683953933
0.43420278247213406
0.43420278247213406
0.434050157694184
0.43387417787707694
0.43442266392759005
0.4342071309629228
0.43469869044987025
0.4353480447722576
0.43421821330263743
0.43405322774385446
0.4344721865601949
0.43341748935137636
0.4346959215471807
0.4338533883552075
0.4339587655911032
0.4342406301134812
0.4345975404823325
0.4344080245812472
0.4343027265725857
0.4339005285388847
0.4355223769027129
0.43418411740254276
0.43438528130243287
0.43380807521039655
0.43439077336915877
0.43515564357721526
0.43439702465377444
0.4345940952409824
0.4345672585591564
0.4346064894414388
0.43461542745294246
0.4346318724465901
0.4346549936380773
0.43465814031968936
0.4340908283052434
0.43473005973450085
0.4346711767103852
0.43474182594270977
0.4347856088324182
0.4348059807777146
0.4348333328200259
0.43479959011736286
0.4347933896701197
0.4358494235640199
0.4344649608282372
0.434889209460351
0.4349331562740882
0.43494900356580907
0.43502450069431126
0.4360617100840443
0.4360617100840443
0.4360617100840443
0.4360617100840443
0.4360617100840443
0.4360617100840443
0.4332249387909387
0.4342001564270074
0.4338526048536359
0.4349575236020264
0.43262567799243956
0.43394020890224233
0.43411402474205796
0.43443926680334394
0.43319146114599333
0.43376627830255093
0.43395036477990884
0.43482025790003087
0.43474023608047807
0.43504379220217615
0.43363920859215416
0.43489824175579517
0.434463032199102
0.4339220681266811
0.4345871778140762
0.4342460600366682
0.43423204142253446
0.43374957723661195
0.43465122660682587
0.43465122660682587
0.434132781503927
0.43421282906532704
0.43470565300510905
0.4342074940971603
0.4349783490344254
0.43469769960832383
0.43434924059331464
0.4345023592909551
0.4341085092011303
0.43471829623002123
0.435049277956105
0.43508759383335316
0.4346028313878905
0.4341622347831613
0.4345247902738721
0.4338767671864134
0.4349623551360222
0.43494644313727693
0.4343196149425671
0.43450790741318374
0.4345180046272684
0.43418392537493056
0.43453359241178874
0.43477108272698595
0.4348988718696628
0.4353817318551129
0.43555478965338734
0.4354258963579605
0.4341634105894649
0.43496647146174267
0.4352608183605101
0.4356055410251754
0.43500178472190404
0.43476680641173654
0.4349179311900611
0.43481907032889083
0.43478280279427806
0.433283455844226
0.43394608884815905
0.434340700924818
0.4350516242626183
0.4342203745682018
0.4344268361484935
0.4351572858339404
0.4350376852321484
0.434375914174471
0.4338338780271888
0.43490839463959824
0.43490839463959824
0.43496487486762125
0.434238903598054
0.43461127322937687
0.4341210199664879
0.4350420434845314
0.43444055717535024
0.4343652961675641
0.4347848606345534
0.4343055248153659
0.43476407449763527
0.43485170049292704
0.43598487336686553
0.4338142006146702
0.4340595682015063
0.43386385344316253
0.4353849896220538
0.4357821531735245
0.43577499866736513
0.43402033239658994
0.4349959468689822
0.4349959468689822
0.4347738184160359
0.4341579417376546
0.4343835008509088
0.43467116100897346
0.43306642501216486
0.43485232819974806
0.43398101244314474
0.4335489371478023
0.4347573535208395
0.4344968414844514
0.43520326444155805
0.43501117676552853
0.43523154258560737
0.4345604195862332
0.4339658831008755
0.43448451362840645
0.434094916132746
0.43515523003243767
0.43404788489119095
0.4344897876611539
0.43527673022045166
0.43427520585411833
0.43527245046895713
0.43511807759006443
0.43511807759006443
0.43548206786767596
0.4352843431786514
0.43481747216323635
0.4349531432508488
0.4343805052712391
0.43426845986461
0.43563623646417426
0.4352424128394662
0.4353095783015217
0.4347498215385209
0.43536004219106766
0.4347940551543787
0.43487006033817277
0.43518131241187347
0.4343643051948429
0.43386498686057934
0.4346676801049942
0.4353010101795299
0.43503462336639354
0.43549188106944053
0.43517855119834187
0.4341198011297625
0.4351564121657395
0.4353174883814066
0.4359424510071509
0.434728084939685
0.43475923156963664
0.4345827670143088
0.43521822707785074
0.43414234753236397
0.4356029382473804
0.43507450347104915
0.43601562643971886
0.4350924539867091
0.4347960035082648
0.4354164480107011
0.43561544101784105
0.4355094416323947
0.43417305240026566
0.4351755580867817
0.43435359114442873
0.4351527442106078
0.43530106933843
0.43532162969981647
0.4345612836137995
0.43522064508933583
0.43464072872047005
0.43521494037370495
0.4345836624609823
0.4355150203450327
0.43436342282709256
0.43529641001640973
0.4344520546826048
0.43524093846438267
0.4352809924464017
0.4358630587295257
0.4351016755148737
0.43585393933625616
0.4349408810427996
0.434970095245515
0.4340365572392958
0.4343891871681203
0.43575806199523004
0.43480148581869393
0.43478239509056305
0.43521914032642284
0.4349611878600078
0.434597368896907
0.43516178525138033
0.43533324924734484
0.43533324924734484
0.4353189228394721
0.43529912837042817
0.43514024351871605
0.43516143103192706
0.4352959802664156
0.4351591989101412
0.43525021437438266
0.43521875775702845
0.4352085804483857
0.4349356284926745
0.4355884515146253
0.43560596257463513
0.4352938802838442
0.435060517630134
0.43559564637650977
0.4356955576760671
0.43568430443150613
0.43589021931668165
0.43614933609859147
0.432599151340371
0.4312477963880363
0.43242478250111727
0.4319804465135316
0.4326765788816595
0.4333293405407893
0.43493183746673864
0.4337520937066141
0.4349076097922309
0.4316621500038797
0.4319590679868509
0.43325349365690446
0.43201278559982886
0.4343856353226725
0.4322781811975395
0.4345216068411142
0.43236732081188123
0.433175913481278
0.43433616817426773
0.43245754118920327
0.4325883000438412
0.4347049470872751
0.4358119365925097
0.4327126795487351
0.43268952299146735
0.4346600220307806
0.4345175779557834
0.43273054192430854
0.43285970199765034
0.4349994452604333
0.4349653499651236
0.43314186009996714
0.4339731122710238
0.4332949969581626
0.4336772536928286
0.43359190862987784
0.43555357235670156
0.434332741553291
0.4349193657966521
0.4345539434563808
0.4342915958278211
0.4358804316759147
0.43369583209179585
0.43438354354644015
0.43462633042279664
0.4347536787658323
0.4360617100840443
0.4360617100840443
0.4360617100840443
0.4360617100840443
0.4360617100840443
0.4360617100840443
0.4360617100840443
0.4360617100840443
0.43398137341700516
0.435291473362227
0.4345284915861188
0.4340782782205768
0.43473896656076766
0.4341991849629439
0.4346077670353528
0.4349443981285564
0.4351222350846306
0.4346215626819206
0.4349547416003145
0.4348621911059769
0.43473286927127447
0.43473286927127447
0.4346875576154827
0.4346875576154827
0.4345039540388971
0.43514050304850316
0.4340409271300178
0.4337808544132521
0.4339590902588802
0.43480675338756697
0.4333236736678524
0.43258756888789796
0.4331945365632215
0.4344471729639972
0.43444012060367093
0.43464627720326376
0.4327621423943856
0.4342711722202256
0.4339739012618267
0.43387590669549386
0.4342481517115662
0.43467428733726216
0.43465697732303177
0.43458859024280566
0.4336772442308646
0.43518834182950517
0.43505527665822435
0.4360617100840443
0.4360617100840443
0.4360617100840443
0.43482362870903674
0.43430650282819827
0.4335856951273858
0.4343415320518232
0.4355955817701604
0.433462649306244
0.43347074564931753
0.43511276540547306
0.4338260950996994
0.43175795863981303
0.4332244178430627
0.43406453803815703
0.4332560158871135
0.43270767614336636
0.4331273521528809
0.4350334977224836
0.4331119481601684
0.4343377828333275
0.43368443430885706
0.4333212722540969
0.4335798698762172
0.4330659736109103
0.43352066049866456
0.43378504620469094
0.4325261172017771
0.4328621370590251
0.4339421149170028
0.4340217386221604
0.4329466649917709
0.4339294960258169
0.4336125293637528
0.43368905671932173
0.4338330556634192
0.43430149097077614
0.43372195514656836
0.43402608228867173
0.4337787427969697
0.4329343270948234
0.43441525394431874
0.4338284488818973
0.43339230152010383
0.43330133030590856
0.4331821544700029
0.4343592022779707
0.4336390739553734
0.4336054073932201
0.4328557649238861
0.4344975136934005
0.4344696570983339
0.4345306725666095
0.4333958934526015
0.43428288812931753
0.4338186792165479
0.43438447732610214
0.43433909369412443
0.43404686709595197
0.4336595084762824
0.4353579123003284
0.4335714632320014
0.43464204007898516
0.43403647776721566
0.43290678446186465
0.43338514922203186
0.4345106207184231
0.43454940976282147
0.43389253802271566
0.43389539898222357
0.4348465521419174
0.4342564632163112
0.434487045433408
0.43373712373526074
0.43434153534207504
0.43368908595225
0.43501168259939693
0.4356038980836057
0.43489481807746194
0.43493551722854745
0.43409410848228563
0.43374296077644525
0.4345939770010466
0.43541311162746965
0.4339158592107342
0.4348514723116907
0.43489342109200074
0.4339496916593815
0.43490240486269033
0.43382869653471096
0.43396131489503403
0.43451711223890843
0.4365201203015064
0.4343932726242044
0.4351246269520789
0.43411269508672834
0.4345260724989127
0.4349741547770096
0.43510545022488045
0.43354370975499973
0.4353831952058593
0.4339527937111393
0.43362698745989275
0.4345889339854301
0.43511846030280776
0.43572815517429375
0.4336410941905483
0.4350077843066301
0.43504648634651
0.4340604452050032
0.4346460079125239
0.4344147394167505
0.43408488135256024
0.43392572778754723
0.4350088346058763
0.4345738773605232
0.43465101818782736
0.4349278139081469
0.43455084801287497
0.43477402146522404
0.4335597326940866
0.43380519894747477
0.4347171209969302
0.4339616018880468
0.43479537695566145
0.4349195677512573
0.43459874028011636
0.43475186226778684
0.43496892805575565
0.43432195635726967
0.43471773532690716
0.4338616635149424
0.434166185646529
0.43495447321387
0.43422928028221097
0.4344133147923488
0.4350573098499848
0.4353235328102326
0.434655760135459
0.4352483483290692
0.4360617100840443
0.4360617100840443
0.4360617100840443
0.43409727989716923
0.43321980445842956
0.435297603282512
0.43374253799589213
0.43418680377894847
0.43509797513833937
0.4343663982087318
0.43395536878763236
0.43391787686523203
0.43288008646510245
0.4345746599818438
0.4342544583620391
0.43471976235635673
0.4344661111003509
0.4343571735671832
0.4342304026756905
0.43472562526247155
0.43417981791067917
0.434567242697119
0.43490304257144524
0.43512368471363205
0.43513110670565674
0.4347779936375106
0.434732737365155
0.4346933325166097
0.4338423141432922
0.4352482738129929
0.435166548849737
0.43490917960318587
0.4351608005502011
0.4343001316687727
0.4345209067670894
0.4351799244150325
0.435205860954245
0.4359516505958449
0.4349808611822512
0.4331081425132868
0.4356051819771203
0.43205881873153923
0.4344889352728698
0.43571864809987165
0.434370178800533
0.43360812600810045
0.43452846073270873
0.43467366234125865
0.4336980638959045
0.43398421541436505
0.43419163891978146
0.4338781942606616
0.4340059906647032
0.43295365081971054
0.4342523978478632
0.43404520669137764
0.43358108399186146
0.43479382305052056
0.4344558121650499
0.4349675488183374
0.4337077110922683
0.4339226553193839
0.4353097285942391
0.4346107052477989
0.4338478824169618
0.43453065071136004
0.43569617661156845
0.4344229108282379
0.43499600294085833
0.4344662825425907
0.43345770612702805
0.43464222087147425
0.4350233430827896
0.4350233430827896
0.4351242006687991
0.43501050973166305
0.43501050973166305
0.43501050973166305
0.4350046608783507
0.4350046608783507
0.4350046608783507
0.4349996727371113
0.434995541091072
0.43425002691950726
0.43513568663627095
0.43502472467557873
0.4339124774788824
0.43470619153880274
0.43490461217587545
0.4343627228932771
0.4344319034968916
0.43447802880160014
0.4347675538683866
0.4347848645254763
0.43459198711419417
0.4345228657639457
0.434496066123661
0.4351136474156672
0.43484028356413373
0.43489452076480484
0.4347061276189293
0.4350873470571553
0.4349637335097624
0.43500296581899434
0.43495107843884884
0.4350035974526594
0.43500209028762893
0.43510263469224186
0.43507771397090206
0.43508546426537087
0.4351152763071142
0.4351377217395928
0.4360617100840443
0.4360617100840443
0.4360617100840443
0.4360617100840443
0.4360617100840443
0.4360617100840443
0.4360617100840443
0.4360617100840443
0.4360617100840443
0.4360617100840443
0.4360617100840443
0.4360617100840443
0.4360617100840443
0.4360617100840443
0.4360617100840443
0.4360617100840443
0.4360617100840443
0.4360617100840443
0.4360617100840443
0.4360617100840443
0.4360617100840443
0.4360617100840443
0.43288353457189366
0.4322160494861411
0.43490227178829094
0.43476649355127633
0.4353677051454622
0.43318546463810886
0.4334745946685035
0.43344963042021395
0.4338112231747326
0.43380193526052013
0.43455360074798327
0.43431296653972945
0.43479602497749614
0.4350740082725652
0.435086507743324
0.4351079081161235
0.4351302170925119
0.43517861341491754
0.4360617100840443
0.4360617100840443
0.4360617100840443
0.4360617100840443
0.4360617100840443
0.4360617100840443
0.4360617100840443
0.4360617100840443
0.4360617100840443
0.4360617100840443
0.4360617100840443
0.4360617100840443
0.4360617100840443
0.4360617100840443
0.4360617100840443
0.4360617100840443
0.4360617100840443
0.4360617100840443
0.4360617100840443
0.4360617100840443
0.4360617100840443
0.4360617100840443
0.4360617100840443
0.4360617100840443
0.4360617100840443
0.4360617100840443
0.4360617100840443
0.4360617100840443
0.4360617100840443
0.4360617100840443
0.4360617100840443
0.4360617100840443
0.4360617100840443
0.4360617100840443
0.4360617100840443
0.4360617100840443
0.4360617100840443
0.4360617100840443
0.4360617100840443
0.4360617100840443
0.4360617100840443
0.4360617100840443
0.4360617100840443
0.4360617100840443
0.4360617100840443
0.4360617100840443
0.4360617100840443
0.4360617100840443
0.4360617100840443
0.4360617100840443
0.4360617100840443
0.4360617100840443
0.4360617100840443
0.4360617100840443
0.4360617100840443
0.4360617100840443
0.4360617100840443
0.4360617100840443
0.4360617100840443
0.4360617100840443
0.4360617100840443
0.4360617100840443
0.4360617100840443
0.4360617100840443
0.4360617100840443
0.4360617100840443
0.4333651123242022
0.4352123527055998
0.4336491279587546
0.43429461814974046
0.43232898353711324
0.4347975231081766
0.4347403877322178
0.4347949453607586
0.43241321101463776
0.43381049604363203
0.4336165663880367
0.43292267758597175
0.43278027610553405
0.4343024685877682
0.4339277083190664
0.4322789514264558
0.43431949228919015
0.4323924762433689
0.4340709613128377
0.43309628771521735
0.4349047271900343
0.43357041579192
0.43410682067210776
0.43207979052312484
0.4329814702260039
0.43499772061357106
0.4349579380252825
0.433616460120036
0.4349265669791332
0.4349265669791332
0.4349265669791332
0.43254246902869625
0.43490147080098385
0.43488118778936136
0.4334462503058275
0.43485120360295937
0.4335878276752261
0.43393943372783855
0.4339861202726434
0.433887267977011
0.43370239186734977
0.43399373771196065
0.433963766949807
0.4357792801168264
0.4340466272178353
0.4334163572887139
0.4340299832412942
0.43554227671368645
0.43403416822943797
0.4343581500673553
0.43356853610216606
0.4332856108755423
0.4341027174025941
0.4341315156696433
0.43326794268188396
0.4337550715498278
0.4337017685877528
0.43380153035862656
0.4360617100840443
0.4360617100840443
0.4360617100840443
0.4360617100840443
0.4360617100840443
0.4360617100840443
0.4360617100840443
0.4360617100840443
0.4360617100840443
0.4360617100840443
0.4360617100840443
0.4360617100840443
0.4360617100840443
0.4360617100840443
0.4360617100840443
0.4360617100840443
0.4360617100840443
0.4360617100840443
0.4360617100840443
0.4360617100840443
0.4360617100840443
0.4360617100840443
0.4360617100840443
0.43457714047135737
0.4353030015390384
0.4342151525846268
0.43461877439530494
0.4352163277721979
0.4346746065793824
0.4346746065793824
0.43467556275229685
0.43467556275229685
0.43467556275229685
0.43467556275229685
0.43467556275229685
0.4348183131406079
0.4346712802178654
0.4346712802178654
0.4346712802178654
0.43484997377216367
0.43503849623632534
0.4335680501343591
0.4346647998681308
0.4346647998681308
0.4346575664068488
0.4346575664068488
0.43465028751521184
0.4350347680537466
0.43482522765315446
0.43334210513153654
0.43408254492711545
0.43463075153840813
0.43462511301950807
0.43463075153840813
0.4351583542762471
0.43460419109497755
0.4334944220096373
0.4349127348344208
0.4355939788636663
0.4352881059317253
0.4353511359396658
0.4342352022977868
0.4337792853989377
0.4340898548933118
0.43393872258741856
0.4339371402574006
0.43394761058262177
0.4338435330801204
0.4341948250311241
0.4352189668835367
0.43394427268469354
0.434324507064806
0.43389138904017777
0.43405305988854415
0.43549198996210886
0.4340511734387108
0.43391781767154136
0.43436755100550195
0.4341216760809021
0.433922739543824
0.43415298520199824
0.4341648728264394
0.43418990446030375
0.43420240868353377
0.43418644159432795
0.43399547172164926
0.43443658094142934
0.4342326416399293
0.43431595907162024
0.43437684954808875
0.43442523859056414
0.4344376323054591
0.4329926236361266
0.4344204293238775
0.4344518365285385
0.4344391618708151
0.43447134802209697
0.4345104999445053
0.43448729651292484
0.43448770163603384
0.4345089310577099
0.4345057635979554
0.43355767794458727
0.43452065541692764
0.43453081339419
0.4345359536121229
0.4346960306752696
0.4346960306752696
0.43409704371614116
0.4347235567976954
0.4347235567976954
0.433760548897689
0.43457572274002554
0.43365464983276447
0.4336202849598102
0.43435663960195486
0.4343869191742616
0.4346613498450853
0.43471604239758804
0.43466689575696493
0.4339297596470714
0.43472631018497043
0.43473839032478884
0.43476675182899893
0.43554257161167875
0.43487447260781054
0.4355587320939113
0.4360617100840443
0.4360617100840443
0.4360617100840443
0.4360617100840443
0.4360617100840443
0.4360617100840443
0.4360617100840443
0.4360617100840443
0.4360617100840443
0.4360617100840443
0.4360617100840443
0.4360617100840443
0.4360617100840443
0.4360617100840443
0.4360617100840443
0.4360617100840443
0.4360617100840443
0.4360617100840443
0.4360617100840443
0.4360617100840443
0.4360617100840443
0.4360617100840443
0.4360617100840443
0.4360617100840443
0.4360617100840443
0.4360617100840443
0.4360617100840443
0.4360617100840443
0.4360617100840443
0.43387307372142175
0.43435366469998965
0.43381319863072604
0.43386182776113036
0.43405963508161627
0.4352389126799219
0.4336058028142134
0.4349213723877387
0.4346488978911174
0.4354777252639914
0.43234466764086255
0.43507494984963674
0.43507494984963674
0.43507494984963674
0.43556090198277897
0.4347412066197252
0.43501591178120913
0.43501591178120913
0.4353375395451741
0.43496633287967706
0.43496633287967706
0.43496633287967706
0.4349244584139625
0.4349244584139625
0.43488884697613606
0.43296046296987667
0.43485835789152627
0.4334908808051802
0.435525993702193
0.4324449859112706
0.43338601644109853
0.43303947170087637
0.43612023279863743
0.43527003672621045
0.4347290045637857
0.43461724060876694
0.43438014657649854
0.43591442309344536
0.43263142866988397
0.433405385404569
0.4327485670095055
0.4332958688380522
0.43485501775893204
0.4352348526180926
0.4334680913841266
0.4357477964779167
0.4356233073873811
0.4336563018378153
0.4350886423081234
0.43379080239686835
0.4339681059299893
0.43374050302343026
0.43373563183811825
0.43512628137477755
0.43380717603928703
0.433963718573404
0.43407897621494657
0.4338396672040238
0.43365506622763006
0.43463021568166144
0.43422475225073565
0.4342924733595822
0.43346620443731704
0.4342653298943582
0.43425382953062
0.4352375052496974
0.4339707937203823
0.43410595066275315
0.43410970362101386
0.4343610657587342
0.4344196544409752
0.43412505206774954
0.4344574306906102
0.43419805089976793
0.43451377941111097
0.4345694384175439
0.43454775629678716
0.4330563942824011
0.4346917831067772
0.4342683262235911
0.43370546319500053
0.4336892914166379
0.4343634177423465
0.4340395437288915
0.43410729088282585
0.43413419792456825
0.43450345345705327
0.43418002964170505
0.43328483926240763
0.43468442790155737
0.435007525577032
0.4337013899038293
0.43531909715130523
0.43567214858387787
0.435093861702223
0.4351502100425826
0.4353191661413114
0.43531796264501216
0.4360617100840443
0.4360617100840443
0.4360617100840443
0.4360617100840443
0.4360617100840443
0.4360617100840443
0.4360617100840443
0.4360617100840443
0.4360617100840443
0.4360617100840443
0.4360617100840443
0.4360617100840443
0.4360617100840443
0.4360617100840443
0.4360617100840443
0.4360617100840443
0.4360617100840443
0.4360617100840443
0.4360617100840443
0.4360617100840443
0.4360617100840443
0.4360617100840443
0.4360617100840443
0.4360617100840443
0.4360617100840443
0.4360617100840443
0.4360617100840443
0.4360617100840443
0.4360617100840443
0.4360617100840443
0.4360617100840443
0.4360617100840443
0.4360617100840443
0.4360617100840443
0.4360617100840443
0.4360617100840443
0.4339918261407859
0.4343398220813619
0.4345329582222119
0.4344936290342894
0.434461832790106
0.433218447662253
0.4352982659214155
0.43446105899317866
0.4345299877550905
0.43331328107636496
0.4341359905468748
0.4335682417287343
0.4342624415617212
0.4349753491253233
0.4343288842711737
0.4340837354387232
0.43386317511317696
0.4343200964133017
0.433333472283349
0.43509735609375577
0.43457801198620516
0.43382093518667963
0.4348088607175869
0.4346764343356854
0.43544398156500597
0.434735032775942
0.434735032775942
0.434735032775942
0.434735032775942
0.43393824502960887
0.43468180466709017
0.43468180466709017
0.43468180466709017
0.43468180466709017
0.43468180466709017
0.43468180466709017
0.43468180466709017
0.43468180466709017
0.43468180466709017
0.43468180466709017
0.43468180466709017
0.43464147541524245
0.43464147541524245
0.43464147541524245
0.43464147541524245
0.43464147541524245
0.43464147541524245
0.43464147541524245
0.43364947449281505
0.434609950584362
0.434609950584362
0.434609950584362
0.434609950584362
0.434609950584362
0.434609950584362
0.4327182904885439
0.43458475657168677
0.43458475657168677
0.43458475657168677
0.43458475657168677
0.43458475657168677
0.43458475657168677
0.4345642923892585
0.4345642923892585
0.4345642923892585
0.4345642923892585
0.43473318637898234
0.43355092901757025
0.43454746152598384
0.4345428375390637
0.4340572238985735
0.4352751362448434
0.434533479621051
0.43585936984964735
0.43390560664191297
0.4353293636625658
0.43452177995390706
0.43452177995390706
0.43455659155750104
0.43501568805697904
0.4332757635631892
0.4345036182913445
0.43449657324355767
0.4352095926469472
0.4338409597591143
0.4353397122340704
0.4347337060381211
0.436470776127935
0.43497999321383723
0.43528275407441597
0.4349725228974585
0.4359905893876411
0.4343499367737158
0.4351983426963659
0.43332060421227436
0.4334025650705527
0.4346774734049084
0.4356770430582371
0.434711648102376
0.4352744562899496
0.4335555828131976
0.4345591607627502
0.4336250461955873
0.4334073272735556
0.435022047649995
0.4341484309148564
0.4339653473609858
0.43511191524089826
0.43433227471391234
0.4351092521300674
0.43536721333031186
0.43555471172236454
0.43304041310000935
0.43458060330516185
0.4339841764554139
0.43405993741941007
0.43421169044223484
0.4349306507513044
0.4349306507513044
0.4349306507513044
0.43496773171007536
0.43496773171007536
0.43487767502451363
0.4345130960545667
0.4349126022262502
0.43405646218523336
0.43483953724612445
0.4348727808165244
0.4348727808165244
0.4348727808165244
0.4348107966041489
0.4347988752461753
0.43433566901421955
0.4348426852140692
0.4348426852140692
0.4352972491874524
0.4347885128913009
0.43460340028217337
0.43477089745480707
0.4350109345201778
0.4348007318936278
0.4344380134248916
0.43562093614807307
0.4352189415888013
0.43356166837090654
0.4346747784903762
0.4341769242834473
0.43418918579262994
0.43363235042491166
0.43556084458867345
0.4346834870678256
0.43544797238485233
0.4343735652512324
0.433984764004644
0.43417505477259355
0.43395630320278666
0.4342318042244496
0.4361027587026059
0.43347237190529914
0.4342975045893856
0.43412412058551725
0.43492164665036415
0.43497604822659297
0.43466164573511734
0.4346177848229521
0.434623131747812
0.4344085199695677
0.4344039627131838
0.43440963141818684
0.43418775389789666
0.4335552190515032
0.4345276413773945
0.43456428209492554
0.43446506221752335
0.4344829454948829
0.4350543285362395
0.43573241227191384
0.4339292779574004
0.4349700271924668
0.4344801035501937
0.43462433056605143
0.43505401190123444
0.43410192381856677
0.43542410596364695
0.4348566365217664
0.4351264069264324
0.4350202205906516
0.43430913778288743
0.4345717782890835
0.4355297401159229
0.43444467768349576
0.43468168193760365
0.4343748564854473
0.434584187459477
0.4350559583988345
0.4345193566351329
0.4346411007027981
0.4347820608143804
0.435304686792114
0.43532454096258927
0.4353112558503554
0.43463829844479174
0.43456991158387653
0.4357612120579918
0.4348290596589103
0.43441109061426353
0.43579759102838866
0.4360617100840443
0.4360617100840443
0.4360617100840443
0.4360617100840443
0.4360617100840443
0.4360617100840443
0.4360617100840443
0.4360617100840443
0.4345454021949289
0.43530008537714154
0.4343477205831549
0.4336189371412286
0.4334293323470901
0.43283156589190586
0.43269499998844463
0.4356965036004063
0.43413466736186035
0.43385970315610284
0.43516773290363486
0.43332518275256976
0.4339888940291236
0.4343105763196685
0.43433953609637077
0.43459405447570115
0.4341526677160256
0.4345986533000298
0.4345986533000298
0.4352846726316843
0.43458660087831125
0.4329598719197065
0.4348293069454691
0.4345777166431034
0.43346729717694843
0.43441979806488645
0.43456032599934197
0.43384012651703613
0.43609057361978076
0.43455252013069606
0.43423788867508156
0.43426071828337703
0.43374377148889703
0.43313760192419354
0.434237595980716
0.43382513147993185
0.43338066867710207
0.433260326555957
0.43337872236914443
0.4344810295256738
0.4347263959285062
0.4340395514167797
0.43348266486957365
0.4347134060222613
0.43417690725518815
0.4335520730527496
0.4328024639116659
0.4347380172190574
0.43364508468754237
0.4346767420316825
0.43474877756640123
0.43474877756640123
0.43474877756640123
0.43474877756640123
0.43474877756640123
0.43474628149753447
0.43296278340626443
0.4336333929054412
0.43321088338013625
0.43321804359142013
0.43419185449043596
0.4347271773235177
0.4347271773235177
0.4341087516935192
0.4348731636295862
0.43341744484538147
0.43468524551933224
0.43334883666343677
0.43495691807517906
0.4354776688316294
0.4336959175528972
0.4345350788669917
0.4340890937190319
0.4348613544529355
0.43492482464234805
0.43414571934952384
0.43414230650916713
0.43407155386851465
0.4344137481567285
0.4345118740915589
0.4360617100840443
0.4360617100840443
0.4360617100840443
0.4360617100840443
0.4360617100840443
0.4360617100840443
0.4360617100840443
0.4360617100840443
0.4360617100840443
0.4360617100840443
0.4360617100840443
0.4360617100840443
0.4360617100840443
0.4360617100840443
0.4360617100840443
0.4360617100840443
0.4360617100840443
0.4360617100840443
0.4360617100840443
0.4360617100840443
0.4360617100840443
0.4360617100840443
0.4360617100840443
0.4360617100840443
0.4360617100840443
0.4360617100840443
0.4360617100840443
0.4360617100840443
0.4360617100840443
0.4360617100840443
0.4360617100840443
0.4360617100840443
0.43292614624570336
0.43412519509672487
0.43415588844333963
0.43439492854693046
0.43378114844199506
0.4340298238385322
0.4343841664201694
0.4339945695075337
0.43629304688356013
0.434565182731755
0.4346313529454197
0.43462046715126407
0.43391322103753377
0.434492761819502
0.4344185894970525
0.4340877012188204
0.4349066128054068
0.43460256514741774
0.4346232019072072
0.4346702180793438
0.43335150769500613
0.43461511916263507
0.43553481029448365
0.43419902695831913
0.43505590665729227
0.4337878879171014
0.4342647862424282
0.43471787142661583
0.4342554264943648
0.43457109392613347
0.4329643216699018
0.4342856029612071
0.43526013105417877
0.4346400337105161
0.4341272390107087
0.4348973341159834
0.43421788923919624
0.43370793730741325
0.4355369588835324
0.4350593357431533
0.43390132272237447
0.43462935715536544
0.43566313822920394
0.4349916453860493
0.43459599432886176
0.43336251521833763
0.4343032396306953
0.4341138381642463
0.4343430018042948
0.43498692326306343
0.4350792957597166
0.43464089266406514
0.43442761968294896
0.43437632331102055
0.43570432626160044
0.4343104056020825
0.43472264088015533
0.43563714104169854
0.43468773018869394
0.43457937865473023
0.43486770238472544
0.43492607041645254
0.43512494572359506
0.433560401288852
0.4355675948277873
0.4348669268051402
0.4336832183330473
0.43536256898826686
0.4358256448041029
0.4346453652261224
0.43396136583728584
0.4348123975249276
0.4353386762045395
0.4339576112106323
0.4343111153675026
0.43387497835137234
0.435328484238748
0.4342991508803982
0.4344149280279323
0.4341514995696802
0.43541332021646695
0.43476480430985054
0.43366002720781954
0.43479866060364375
0.43517619538839647
0.4347628209341487
0.43489278862480996
0.43489278862480996
0.4348781715590084
0.43491395273560496
0.43491395273560496
0.43491395273560496
0.43491395273560496
0.43492238849780496
0.43492238849780496
0.43528290405417197
0.43440428453270197
0.43487125174304725
0.43451747111950056
0.43515289820059394
0.433995492663201
0.43492503806334853
0.43487538518066426
0.43452737522986423
0.43481082224019996
0.43490093419385767
0.4342866628278289
0.4349203149344907
0.4349203149344907
0.43503870431882435
0.43544194834053934
0.43505052184404447
0.43572253965171565
0.4348718372298855
0.43528116275013673
0.43491488984035664
0.4347049584115907
0.4348801554990899
0.43470634212542647
0.4347131275934145
0.4338764450818711
0.43489461232029547
0.4348075501580064
0.4349105113920072
0.43536978177931146
0.43426202174356027
0.4342141336014918
0.43569192556456926
0.43509635798923146
0.43515025309667466
0.4345183501167467
0.4358168718870225
0.4362992068746997
0.43456089487028543
0.4344130295268086
0.43437819530470323
0.4341889901098089
0.43447915864560127
0.4346695198336347
0.4351455607464374
0.4342512033603373
0.43532979813390815
0.4347304923209007
0.4347293721100295
0.4347048066024613
0.4347492081864709
0.4348014466943799
0.4347557302132124
0.4349338636063547
0.43518097170420167
0.43431724724380744
0.4360617100840443
0.4360617100840443
0.4360617100840443
0.4360617100840443
0.4336700019775586
0.43503045866922097
0.4339247960093403
0.4341106481945999
0.4334299366627263
0.4336864942607781
0.43315957736985594
0.4342521257432485
0.4343651403183512
0.4327402257518929
0.4343348938551755
0.4340929706456214
0.43441936294502853
0.4346130443683577
0.4343511491185923
0.4344613361208209
0.43459740977140726
0.43517248574089945
0.43446487416775653
0.4340312818401751
0.4344638838543241
0.43283368950516515
0.4349981270331034
0.43425414581045807
0.4342717118725316
0.4333284642608935
0.43362608404233793
0.4354236550067898
0.4337422150956056
0.4334065033983293
0.4334991978406229
0.43445687118688553
0.43476525761491136
0.43472628167528815
0.4343306697935837
0.43487369310657914
0.4338683173015649
0.4343200981038905
0.43393765984389415
0.4334008120155943
0.43389117771008495
0.43397459950756456
0.4343488362602866
0.4345988186039732
0.4339956775240405
0.43401694490702325
0.4340141030384994
0.434097473630491
0.43501610313713146
0.43466182140794357
0.43438440262992145
0.43421448154791553
0.4340101721259522
0.43457158051473654
0.43475380104137057
0.43447360409786095
0.43454444519025753
0.4360803262450316
0.4346978989090871
0.43459230536783466
0.43454920405951025
0.4344909275122895
0.43460565857365163
0.434963948910815
0.434682279276289
0.43471232741680393
0.4346683680321441
0.43525522929997745
0.434789474928546
0.43472113331286516
0.4349973819193268
0.4346501629530265
0.4348171631482021
0.43425020014468413
0.4348740528348105
0.4344808451336908
0.4344118579445471
0.43474218657752733
0.43493081585628157
0.4349453093660314
0.4348295059033708
0.4349087112592382
0.4348383854117989
0.43444859909041755
0.4349218474345171
0.43566234414074856
0.4349692371433361
0.43499037274334856
0.4349684839053202
0.4349636107087884
0.43582401771429174
0.4349265352844339
0.435864309757616
0.4350333601382289
0.4350517541588811
0.4360617100840443
0.4360617100840443
0.4360617100840443
0.4360617100840443
0.4360617100840443
0.4360617100840443
0.4360617100840443
0.4360617100840443
0.4360617100840443
0.4360617100840443
0.4360617100840443
0.4360617100840443
0.4360617100840443
0.4360617100840443
0.4360617100840443
0.4360617100840443
0.4360617100840443
0.4360617100840443
0.4360617100840443
0.4360617100840443
0.4360617100840443
0.4360617100840443
0.4360617100840443
0.4360617100840443
0.4360617100840443
0.4360617100840443
0.4360617100840443
0.4360617100840443
0.4360617100840443
0.4360617100840443
0.4360617100840443
0.4360617100840443
0.4360617100840443
0.4360617100840443
0.4360617100840443
0.4360617100840443
0.4360617100840443
0.4360617100840443
0.4360617100840443
0.4331582013667373
0.4333789156322622
0.434445789967573
0.4347298144345409
0.43342071684021466
0.4338929617276858
0.433601870786496
0.4335185412148294
0.43425874302848677
0.43502490605152333
0.4346460880963681
0.43379835796360483
0.43474712899703666
0.43485765605179166
0.434969123262481
0.43546974764417756
0.43438131140268404
0.4346540210048918
0.4337406761953622
0.4351388500519562
0.43573345583871953
0.43472591396011817
0.4342966891748215
0.4348959868051501
0.43448458104435966
0.43488624958672545
0.43403495044149815
0.43394590100065056
0.4348158227272737
0.4349863412422689
0.4349863412422689
0.4348609495835698
0.43517634493006907
0.4341480096305751
0.4348469343356345
0.4348469343356345
0.43480018942899407
0.43480018942899407
0.43480018942899407
0.43480018942899407
0.43455483062323325
0.4347626657139458
0.4347626657139458
0.4347626657139458
0.4347626657139458
0.4347626657139458
0.4347626657139458
0.4347626657139458
0.4348111504060998
0.43473194631140355
0.43473194631140355
0.4347064026358276
0.43505365679708535
0.43476423952827387
0.43467983436149404
0.4346848897869078
0.4339728363739317
0.43494062412780093
0.4347910486977478
0.43463726216669446
0.43505026605047975
0.43559629160447466
0.4353757284075767
0.43452644652332506
0.4347496842895292
0.43540338835239756
0.4333515185582287
0.43506895718400107
0.43520274718811014
0.43504947971585856
0.4353815233640869
0.4343787767229245
0.43526182698573573
0.43427587355524955
0.43505803578329566
0.43573311455187075
0.43530161474905615
0.43531024162668425
0.4354327036397981
0.43503223561294935
0.4350843708153776
0.43484433460755517
0.434187544452816
0.4349218987241487
0.43580198369929213
0.43514797234447355
0.4354038052321331
0.4348821270547554
0.43553191871772573
0.43541321887329054
0.43554750528122405
0.43368485629599374
0.4357068154317992
0.4358742846804396
0.4339041313337168
0.4345836173198106
0.434016099058382
0.4340888272934089
0.4359766026917181
0.43540368664511564
0.4345911784096236
0.4354756415537168
0.43553008812198296
0.43628029346066693
0.4341876185162162
0.43555473754272456
0.4339400493432691
0.43364400754569915
0.4358068719213354
0.43401281362953587
0.43358184093986235
0.4346783919397582
0.4348017141417232
0.4355180564998154
0.4349079538851928
0.4346086772067875
0.43466227560142323
0.4346480415199108
0.4350982475406389
0.43349701062313456
0.4347537405243132
0.4341039716337804
0.4342012542004917
0.4343858757517858
0.43395494471531976
0.4345805417305535
0.434194542023075
0.43485121650869524
0.43494024903107936
0.43492886137248105
0.43499541624198207
0.4350967677024663
0.4360617100840443
0.4360617100840443
0.4336328077186423
0.4322358676741097
0.4354301606567348
0.4338770878219094
0.4315885843026023
0.4334937442195762
0.4332325681664814
0.4340848368647733
0.43184080347478454
0.43407574099439294
0.4330721580069411
0.43394016562079374
0.4327879278280945
0.43335572850457554
0.43401088500133667
0.4331334500118217
0.43509286522227353
0.4338896522001706
0.43418593548428
0.43374502453971314
0.4349509344889358
0.43414760018724
0.4346684661271708
0.43311785118700197
0.4339669010625541
0.4342033621445717
0.43412292508792905
0.43362368120470657
0.43394982476351623
0.43438728112076896
0.4336603146175114
0.4343415610966439
0.43415346805274146
0.43382994022548194
0.4347618456398044
0.4338994599363856
0.4343884884512199
0.4341039850714092
0.43390751935549343
0.4337002166210722
0.4348056188202203
0.4342223052818965
0.4346890652272214
0.43402123949179555
0.43415062537717974
0.4347288277602778
0.43407498636339964
0.4344063668554018
0.43414557069017995
0.4352472789563826
0.435066459586459
0.43443339653295726
0.4344515380275769
0.43436737825440286
0.43406284458952415
0.4345042370067609
0.4343520537123171
0.4334123749148678
0.43316211997510673
0.43362201205695816
0.4337666169763269
0.4340804073449817
0.43418022595103395
0.43380001528246775
0.43355430217980473
0.43411807569146404
0.4339764260999492
0.4346041613981841
0.4346255289382215
0.43380737022790344
0.4344466566355254
0.4344685428487441
0.4351517541136703
0.43454908724852254
0.4343574848057435
0.4341401064363559
0.4338742455126326
0.4337735132762855
0.43572821316339083
0.4340383623199512
0.4338234752445867
0.4338634282514001
0.43471785336579377
0.43468924770846673
0.4347331273938399
0.43393174403908635
0.4340701377403574
0.43409207645026343
0.43409207645026343
0.4350989180402635
0.43481680350752017
0.43462121005141935
0.43521865267791554
0.4347918690652299
0.4350910794135284
0.43416529175463336
0.43509075935490066
0.4344937863718629
0.4344194833924108
0.4344585367076262
0.4348606074768548
0.434533904631845
0.4346305940877694
0.43434655650405973
0.4352029041820892
0.43486112137463917
0.43516036230393124
0.4348100502873074
0.4348772830967282
0.4348688240281134
0.43491484741127395
0.4349255374884364
0.434902201701233
0.4349302634212009
0.43497139720376476
0.4349468892301196
0.43480280909402585
0.4349993272770527
0.4350702448501014
0.4351362168730311
0.4350825697495069
0.43514797848337766
0.4360617100840443
0.4360617100840443
0.4360617100840443
0.4360617100840443
0.4360617100840443
0.4360617100840443
0.4360617100840443
0.4360617100840443
0.4360617100840443
0.4360617100840443
0.4360617100840443
0.4360617100840443
0.4360617100840443
0.4360617100840443
0.4360617100840443
0.4360617100840443
0.4360617100840443
0.4360617100840443
0.4360617100840443
0.4360617100840443
0.4360617100840443
0.4360617100840443
0.4360617100840443
0.4360617100840443
0.4360617100840443
0.4360617100840443
0.4360617100840443
0.4360617100840443
0.4360617100840443
0.4360617100840443
0.4360617100840443
0.4360617100840443
0.4360617100840443
0.4360617100840443
0.4360617100840443
0.4360617100840443
0.4360617100840443
0.4360617100840443
0.4360617100840443
0.4360617100840443
0.4360617100840443
0.4360617100840443
0.4360617100840443
0.4360617100840443
0.4360617100840443
0.4360617100840443
0.4360617100840443
0.4360617100840443
0.4360617100840443
0.4360617100840443
0.4360617100840443
0.4360617100840443
0.4360617100840443
