2.440354824066162
1.4885822534561157
-0.23272375762462616
2.6668262481689453
0.29182881116867065
-0.5607339143753052
-1.3528062105178833
-1.6087067127227783
0.24793611466884613
0.6478361487388611
0.344069242477417
0.27929121255874634
-1.365309238433838
-1.4553669691085815
1.9663338661193848
-0.21088410913944244
-0.24345043301582336
1.4890189170837402
1.3021976947784424
1.918493390083313
4.868871212005615
0.9558930397033691
1.8421134948730469
-0.1687200516462326
1.7050719261169434
0.5827779769897461
-1.284597635269165
-0.3464109003543854
0.48610222339630127
1.327999472618103
-0.08237088471651077
-2.1968533992767334
0.029318304732441902
0.567829966545105
0.8193845748901367
1.124866008758545
0.16247336566448212
-1.1208839416503906
2.2143442630767822
0.07481786608695984
0.32732874155044556
-0.781767725944519
-1.7127052545547485
2.2633163928985596
-2.107478380203247
-0.07026287913322449
-2.054046869277954
0.6415534019470215
-2.0600523948669434
-0.9810066223144531
-0.5979028940200806
0.385822057723999
-1.404449224472046
-1.1917743682861328
0.3806891143321991
-1.7906293869018555
-1.2428958415985107
-0.010801455937325954
0.30327272415161133
-0.9759972095489502
-2.333561897277832
-1.1337426900863647
-0.8900665044784546
-1.5919873714447021
-0.38141676783561707
-0.8118754029273987
0.290755033493042
-0.5864351987838745
-1.2723288536071777
-1.054624319076538
-1.202587604522705
-0.8443421125411987
-1.0474624633789062
1.1389797925949097
-0.2624705135822296
-1.9630457162857056
-0.986549973487854
-2.4550907611846924
-0.19877706468105316
-0.5103645324707031
0.4580848515033722
-1.374422550201416
-1.603905200958252
-1.8889491558074951
0.2669956088066101
-1.7918559312820435
0.3833584785461426
-0.7220824360847473
-0.7400884628295898
-2.009178876876831
-2.4671666622161865
-0.9292417764663696
0.47569704055786133
-0.13668279349803925
-0.5478857159614563
-0.6001444458961487
-0.7100636959075928
-0.4787861704826355
-1.7239974737167358
-0.8630669116973877
-2.4730005264282227
-1.9577912092208862
-1.5735477209091187
0.9575912952423096
-0.4235692024230957
-1.5843160152435303
-1.3822004795074463
-0.5690933465957642
0.14863312244415283
-1.295067310333252
-1.7264426946640015
-0.9009549021720886
-1.6455683708190918
0.016826972365379333
-1.6651506423950195
-1.3097810745239258
-0.7694791555404663
-1.0616822242736816
-0.8699008822441101
-1.7934823036193848
-0.3595302402973175
-2.3998258113861084
-1.1058496236801147
-2.2770912647247314
0.8539195656776428
0.03338546305894852
1.9550586938858032
0.4750520884990692
-1.5280038118362427
-0.5198371410369873
-0.5547823905944824
-2.6894941329956055
1.7622946500778198
-0.5666170716285706
-1.2304927110671997
-0.9383239150047302
-1.7670258283615112
-1.6353002786636353
1.6057231426239014
1.5549466609954834
4.07501220703125
1.6965532302856445
2.168376922607422
2.8217504024505615
1.128620982170105
1.5481036901474
0.528804361820221
1.9396519660949707
1.683262825012207
2.392765522003174
2.371636390686035
2.371636390686035
0.8049493432044983
0.9830951690673828
0.9830951690673828
0.14745447039604187
0.3823104798793793
1.880218744277954
1.880218744277954
2.510582447052002
0.32557910680770874
0.01038017962127924
2.9683780670166016
1.6671929359436035
1.6671929359436035
2.935720443725586
3.249175548553467
0.6967335939407349
-0.3389371335506439
1.0440967082977295
2.75006103515625
2.9439172744750977
-0.18145616352558136
-0.12379108369350433
-1.0901639461517334
0.35368359088897705
1.1061445474624634
-2.759561538696289
3.136298418045044
-1.2820872068405151
1.5905125141143799
-1.4723477363586426
-1.0345826148986816
-0.8796196579933167
-1.7865146398544312
-0.5244007706642151
-0.6419199109077454
-0.7571906447410583
0.8269849419593811
-1.7628461122512817
-1.6271030902862549
0.247361421585083
-0.5270532965660095
-0.8944869637489319
-1.192227840423584
-1.4272713661193848
0.6404409408569336
2.3708479404449463
-1.2163589000701904
1.893025517463684
-0.3600153625011444
1.928073763847351
-0.05667898431420326
-1.8836299180984497
-1.2258758544921875
-0.4719208776950836
-1.2164462804794312
-0.5227582454681396
-0.1746756136417389
-0.9538210034370422
-1.0058461427688599
-0.869614839553833
0.6592684388160706
-0.6489483714103699
1.8706289529800415
-0.2500026226043701
1.1242135763168335
-0.5961732864379883
1.4121201038360596
1.5619678497314453
0.3296557366847992
-0.6723371148109436
0.7246688604354858
0.20374269783496857
1.1608130931854248
-0.13860702514648438
1.8523739576339722
-1.7899434566497803
2.67232084274292
0.5064093470573425
-0.4976451098918915
-0.12663383781909943
-0.07050836086273193
0.010560637339949608
-1.1010050773620605
2.160402774810791
-1.8582936525344849
1.230219841003418
-0.29436826705932617
-0.5364744663238525
-0.721244215965271
0.17830871045589447
-1.178892970085144
0.7167465090751648
-0.20254641771316528
-0.10185698419809341
-0.01252865418791771
-0.3579375445842743
-0.47006121277809143
-0.6295066475868225
-2.5822196006774902
-1.8543587923049927
-2.145765781402588
-2.161109685897827
-2.5981624126434326
-1.1020889282226562
-0.9794502258300781
-1.9221675395965576
-1.1076395511627197
-2.3208224773406982
-2.1466751098632812
-2.489499807357788
-3.047375202178955
-2.4897334575653076
-2.52964448928833
-0.6465229988098145
-1.3152406215667725
0.5087502598762512
-1.87191903591156
-1.9560534954071045
-0.32406163215637207
-2.0100207328796387
-2.1972262859344482
-2.2712953090667725
-2.2991456985473633
-2.410790205001831
-1.4914408922195435
-1.4474960565567017
-1.984277367591858
-1.6353002786636353
-1.6174708604812622
-1.6353002786636353
-1.6353002786636353
-1.6353002786636353
-1.6353002786636353
-1.6353002786636353
-1.6353002786636353
-1.6353002786636353
-1.6353002786636353
-1.6353002786636353
-1.6353002786636353
1.8212096691131592
2.9589316844940186
1.8602606058120728
2.840465545654297
3.4656083583831787
2.3275275230407715
0.26322853565216064
0.8842166662216187
1.519357681274414
-0.442974328994751
-0.0692104771733284
-0.5357254147529602
1.23440682888031
-0.4474348723888397
1.854696273803711
0.20269352197647095
0.207795187830925
1.6668146848678589
1.2876430749893188
0.8046937584877014
1.1775188446044922
4.241941452026367
-1.15670907497406
0.38801008462905884
0.9855083227157593
0.6521412134170532
-0.07792472094297409
2.9121735095977783
1.2354551553726196
-0.43213528394699097
0.33123624324798584
-0.43794599175453186
-0.6956379413604736
-1.0696138143539429
1.513156533241272
-0.9832823872566223
0.7819654941558838
-1.0489414930343628
-0.5157614350318909
-0.7973852157592773
0.04790356755256653
-1.5036109685897827
2.275839328765869
-1.209852933883667
0.24519497156143188
-0.3145160675048828
1.485534429550171
0.7220377922058105
-0.2460527867078781
-3.1586616039276123
-1.1558786630630493
-0.20202621817588806
0.9082919955253601
-0.4223722219467163
-1.0619810819625854
1.8057665824890137
1.0687739849090576
-0.9579586386680603
-3.008146286010742
-0.043341975659132004
-0.5348783135414124
-2.715007781982422
-1.2800840139389038
-3.095487117767334
0.2364232987165451
-1.2324403524398804
-0.15399636328220367
0.9037197232246399
-2.6879076957702637
0.32994818687438965
-0.21834345161914825
0.10559988021850586
-0.32624033093452454
-0.07843081653118134
-1.333182692527771
-0.1238006204366684
-0.3268582820892334
0.539120078086853
-0.7860090136528015
0.018032092601060867
-1.3062500953674316
-0.628189742565155
2.4077236652374268
-0.5498976111412048
0.7980166077613831
-1.3857237100601196
-1.0555412769317627
0.6798441410064697
1.0455483198165894
-0.7885406017303467
-0.7400084137916565
-2.0389041900634766
-0.4274716377258301
0.33817875385284424
0.9808517098426819
-0.508459746837616
0.015955669805407524
1.2046394348144531
1.3017091751098633
0.08090734481811523
-0.7237144708633423
1.4644007682800293
0.048371054232120514
-0.7888246178627014
0.6424517631530762
0.4370124638080597
0.42201775312423706
1.2192481756210327
-0.9456119537353516
1.0531679391860962
1.2230843305587769
1.2230843305587769
-1.217139720916748
1.6175880432128906
1.6175880432128906
-2.3136560916900635
-0.8533833622932434
1.131490707397461
3.583965301513672
-1.1590118408203125
1.5885834693908691
-0.1983465552330017
0.11780132353305817
0.139076828956604
0.6631616950035095
0.5566691756248474
-0.35031262040138245
-0.601415753364563
2.375483751296997
-0.7387236952781677
-0.5640450716018677
-1.0152301788330078
1.3309677839279175
-0.07383563369512558
0.038682930171489716
0.5501689910888672
-0.7680211663246155
0.15791282057762146
-0.6809990406036377
0.4498251974582672
0.06331761181354523
-0.04392305016517639
1.2051564455032349
-0.5013265013694763
-0.8813598155975342
0.990020751953125
0.38282766938209534
0.695675253868103
1.0123368501663208
-0.8129387497901917
-0.188491553068161
0.11907251179218292
-0.6407946348190308
-1.7967321872711182
-0.9258987307548523
-0.7505326271057129
-1.3128687143325806
-1.7145960330963135
0.11641798913478851
-2.6009557247161865
-0.10791564732789993
1.5417327880859375
-0.9401972889900208
1.4792375564575195
2.1325526237487793
0.792527437210083
0.9232410788536072
1.004854440689087
1.004854440689087
0.8717635273933411
0.8717635273933411
0.8717635273933411
0.5932863354682922
0.5932863354682922
0.5932863354682922
0.5932863354682922
0.5932863354682922
-0.9411096572875977
0.6944414973258972
0.6944414973258972
0.6944414973258972
-1.3269351720809937
0.4253672957420349
0.4253672957420349
-1.2038880586624146
0.5328646302223206
-2.9792227745056152
1.4862476587295532
1.2257413864135742
1.3193387985229492
-0.5970385670661926
-0.918799638748169
0.15339171886444092
-1.4395194053649902
-2.1681392192840576
-0.8771385550498962
-1.8890165090560913
-1.453660488128662
0.4620998501777649
-0.11538851261138916
1.2461570501327515
1.3828930854797363
-1.0231990814208984
-1.6212878227233887
-1.1899701356887817
-0.621796190738678
-0.8936151266098022
-1.1684935092926025
-1.6353002786636353
-1.6353002786636353
-1.6353002786636353
-1.6353002786636353
-1.6353002786636353
-1.6353002786636353
-1.6353002786636353
-1.6353002786636353
-1.6353002786636353
-1.6353002786636353
-1.6353002786636353
-1.6353002786636353
-1.6353002786636353
-1.6353002786636353
-1.6353002786636353
-1.6353002786636353
-1.6353002786636353
-1.6353002786636353
-1.6353002786636353
-1.6353002786636353
-1.6353002786636353
-1.6353002786636353
-1.6353002786636353
-1.6353002786636353
-1.6353002786636353
-1.6353002786636353
-1.6353002786636353
2.5593180656433105
1.9007233381271362
1.9181522130966187
1.0966603755950928
-1.1669200658798218
-0.25273844599723816
1.2088290452957153
-0.22214125096797943
-1.3379970788955688
-0.6179507374763489
2.232337236404419
0.7919701337814331
0.3493116497993469
-1.3699852228164673
-1.7713382244110107
-0.161997988820076
-0.06760869920253754
0.02764214761555195
-1.0840071439743042
-0.8624395132064819
-0.005156135652214289
-1.210662603378296
-0.4564667344093323
-0.7364223599433899
-0.7428946495056152
-2.1409292221069336
-0.4426424205303192
-3.255491256713867
-2.4188311100006104
-2.7378602027893066
1.2473195791244507
-1.6992855072021484
-1.672827124595642
-1.5025522708892822
-0.5788038969039917
1.2761949300765991
-0.3377368152141571
-2.3166708946228027
-2.757014036178589
-3.0342111587524414
-2.3046648502349854
-2.317309617996216
-1.6870964765548706
-2.5216634273529053
-0.283702552318573
-0.283702552318573
-0.7545343637466431
-0.7439824938774109
-0.8992618322372437
-0.36905956268310547
-1.5090359449386597
-0.5659179091453552
-1.253429889678955
-0.7846474051475525
-1.6842833757400513
0.12892888486385345
-2.078195810317993
-2.078195810317993
-2.2456891536712646
-2.0517284870147705
-2.3940908908843994
-1.8814640045166016
-0.8284986019134521
-0.45118576288223267
-2.1288301944732666
-1.6067612171173096
-1.4614033699035645
-2.374408483505249
-1.2421486377716064
-1.711565613746643
-2.1791465282440186
-2.0571775436401367
-1.2042465209960938
-2.13031268119812
-0.8754904270172119
-2.998077392578125
-0.2769153416156769
-2.2886228561401367
-1.7370954751968384
-0.7956249713897705
-1.402442455291748
-0.8518940806388855
-1.534104347229004
-2.038390636444092
-1.9384369850158691
-1.8012712001800537
-1.9384369850158691
-1.8963711261749268
-1.7783098220825195
-1.7783098220825195
-2.025834560394287
-2.0230324268341064
-1.074806571006775
-2.145040512084961
-2.6654410362243652
-2.6654410362243652
-2.6654410362243652
-2.6654410362243652
-1.920656442642212
0.07770375907421112
-1.7586679458618164
-3.314697504043579
-3.314697504043579
-1.5682843923568726
-1.043534755706787
-1.6353002786636353
-1.6353002786636353
-1.6353002786636353
-1.6353002786636353
-1.6353002786636353
-1.6353002786636353
0.20550206303596497
2.555821180343628
1.8953816890716553
1.7947602272033691
-0.09567992389202118
0.9091364741325378
0.6515931487083435
0.2584543228149414
1.2160935401916504
-0.833079993724823
-0.2655978798866272
0.9110168218612671
-1.189170479774475
-1.210863471031189
0.0730101615190506
-0.6288725733757019
-2.1178011894226074
-2.150038719177246
-0.7199279069900513
-1.5317883491516113
-1.596491813659668
-0.6768383383750916
1.976628303527832
1.976628303527832
-1.6395889520645142
0.11173467338085175
-2.1870882511138916
-0.907549262046814
-1.4753689765930176
-1.6394133567810059
-1.3051578998565674
-2.3637521266937256
-1.3836439847946167
-3.218143939971924
-1.8852187395095825
0.6802937388420105
-1.8205517530441284
-2.045963764190674
-1.1737210750579834
-2.1566874980926514
-1.3298885822296143
-1.956730842590332
-0.04607847332954407
-1.3593932390213013
-2.0380470752716064
-3.8792216777801514
-2.7652227878570557
-1.4017841815948486
-1.2731177806854248
-1.1748180389404297
-1.2605234384536743
-0.698718786239624
-3.0255706310272217
-2.3508951663970947
-2.202472448348999
-1.171492576599121
2.897024154663086
3.760172128677368
1.1976852416992188
2.0276215076446533
2.2274272441864014
0.8776599764823914
2.339437961578369
4.610544204711914
2.733485460281372
1.8302093744277954
2.9392776489257812
0.2227964550256729
3.126375675201416
2.0936412811279297
1.075499176979065
0.09506262093782425
0.09506262093782425
2.4638876914978027
3.221048355102539
0.4580569565296173
1.2366580963134766
-0.769517183303833
-1.0801717042922974
-2.154623508453369
-0.6700154542922974
-1.2372193336486816
0.5594790577888489
-1.2435392141342163
0.3445887267589569
-1.755382776260376
-1.9184170961380005
-2.2642130851745605
3.691577196121216
0.9936472773551941
1.4173908233642578
-0.034387778490781784
-0.05726061761379242
-0.05726061761379242
-1.4445562362670898
0.10700856149196625
-0.4061985909938812
0.43735471367836
-0.363228976726532
-0.6214879155158997
-0.8920904397964478
0.8523644208908081
-1.9677321910858154
1.1323782205581665
0.43955105543136597
-0.19952335953712463
-0.9610798954963684
1.2744063138961792
-0.9691019654273987
-0.10098668932914734
-0.7067952752113342
-0.6754447817802429
-1.3321565389633179
-0.4418775141239166
0.6570762991905212
-1.4242693185806274
1.0665878057479858
0.7008423209190369
0.7008423209190369
-0.22347182035446167
-0.4417371451854706
-0.4173649549484253
-0.09574564546346664
-1.3263094425201416
-0.8735930323600769
-0.36928388476371765
-0.1749456226825714
0.28289127349853516
-0.28957220911979675
1.7544394731521606
-0.27003374695777893
-1.1714857816696167
0.3611759543418884
0.6243498921394348
-0.21343910694122314
-2.3930575847625732
-1.484474778175354
1.396020531654358
0.008424526080489159
2.116335868835449
-1.715733528137207
-0.6342145800590515
0.7700755000114441
1.1994353532791138
0.06051323190331459
-2.1668171882629395
-0.6266600489616394
-0.5192565321922302
-1.173893928527832
0.526942253112793
-0.09620893001556396
0.6486348509788513
-1.048691749572754
-0.21406008303165436
-0.2399446964263916
0.4323344826698303
1.1546872854232788
-0.2317308485507965
0.32050395011901855
-1.0454180240631104
0.20980679988861084
1.101174235343933
0.062433015555143356
0.16517238318920135
-0.9388265013694763
1.4750784635543823
-0.7330598831176758
-0.8778998255729675
-0.3149251639842987
-0.19050736725330353
-1.3769336938858032
-0.7157877087593079
1.7134160995483398
-0.5049586296081543
1.8957819938659668
-0.8846951127052307
0.2503114342689514
-0.4122605323791504
0.3132922351360321
-1.186254620552063
-0.5834609270095825
0.24259468913078308
-1.343764305114746
-0.8122654557228088
-1.3859190940856934
-1.4171468019485474
-0.9901368618011475
-0.2950533926486969
-1.1234484910964966
-1.1234484910964966
-1.0650047063827515
-1.2957230806350708
-2.205770254135132
0.5287891626358032
-0.7894623279571533
-1.2791657447814941
-3.2488362789154053
-1.7291080951690674
-1.8176289796829224
-0.12184762954711914
-1.7485525608062744
-0.8553992509841919
-2.2225067615509033
-1.9736626148223877
0.7939701080322266
0.768726646900177
0.7939010858535767
-2.269273519515991
-1.0768177509307861
-1.2030067443847656
0.2599466145038605
-1.804677963256836
-0.9072111248970032
-0.8760904669761658
0.5235705375671387
3.4976744651794434
0.4377634525299072
0.7111751437187195
-4.3594818115234375
-2.167466640472412
-1.048945426940918
-3.302821636199951
0.7487132549285889
-2.5809578895568848
0.14308927953243256
-2.2430975437164307
-1.6122164726257324
-1.0114881992340088
-1.3890656232833862
-0.9797672629356384
-0.10290519893169403
-0.3237016201019287
-1.6380376815795898
-1.6629679203033447
-0.2026761919260025
-2.193087577819824
-1.6683167219161987
-2.298556327819824
-0.6248717308044434
-1.6238372325897217
-1.8000495433807373
-1.5279535055160522
-1.3620630502700806
-1.239379644393921
-0.5077769756317139
1.198559284210205
-0.8833940625190735
-0.9445633292198181
-2.1261048316955566
-1.3892409801483154
-0.7536553740501404
-2.2810957431793213
-1.8673882484436035
-0.7216182947158813
-1.2202731370925903
-1.6353002786636353
-1.6353002786636353
-1.6353002786636353
-1.6353002786636353
-1.6353002786636353
-1.6353002786636353
-1.6353002786636353
-1.6353002786636353
2.0086984634399414
1.7571005821228027
2.816131353378296
2.667982339859009
3.3558690547943115
3.522092819213867
0.021532351151108742
3.5204553604125977
2.571652412414551
0.39732083678245544
2.344905138015747
2.7129924297332764
0.8728640675544739
0.8728640675544739
2.294032573699951
2.294032573699951
1.7073302268981934
2.261584520339966
-0.19224120676517487
0.0959390178322792
-0.759907603263855
-1.6077382564544678
-0.6277432441711426
-2.7292869091033936
-0.7770541906356812
-0.42469584941864014
2.5440170764923096
-1.0506888628005981
-1.004618763923645
-0.5240037441253662
-1.717705488204956
-0.7898795008659363
-1.0442956686019897
0.6464895606040955
-1.3455394506454468
-1.5853066444396973
-2.253697156906128
0.7577615976333618
-1.4615031480789185
-1.6353002786636353
-1.6353002786636353
-1.6353002786636353
-1.1113134622573853
-0.9659181833267212
2.2343313694000244
0.4480423927307129
3.2012407779693604
-0.3340432643890381
0.8854039311408997
0.04319697245955467
-0.5018818974494934
-1.7149945497512817
-1.9569905996322632
1.1627390384674072
-1.79915452003479
-2.3815701007843018
-2.189094066619873
2.170991897583008
0.3097705841064453
0.6824669241905212
-0.3240951895713806
-2.223371982574463
-1.5975656509399414
-1.1084405183792114
-1.5970110893249512
0.27570590376853943
-1.7684731483459473
-3.8067495822906494
-0.875697135925293
-2.2032036781311035
-2.4325101375579834
-0.3461805284023285
-2.9428043365478516
-1.3381298780441284
-1.474130392074585
0.6553620100021362
-0.9465226531028748
0.5553764700889587
0.6807383298873901
-0.8235180377960205
-1.1792973279953003
-0.6458861827850342
0.9192672967910767
-1.9670354127883911
-1.5234631299972534
-0.8071765303611755
-0.45432907342910767
-1.544738531112671
-1.7256277799606323
0.8068666458129883
0.7989633679389954
1.0642801523208618
-1.283599853515625
0.17541931569576263
-0.5500598549842834
-0.898781418800354
1.0609161853790283
-1.8843023777008057
-2.3807497024536133
0.7465090751647949
-1.6208523511886597
-2.8303606510162354
-0.822081983089447
-1.4011510610580444
-1.7425155639648438
0.4317779541015625
-0.1702769696712494
-1.618606448173523
0.19926998019218445
0.23274581134319305
-0.23414230346679688
-0.7939916849136353
-0.12120478600263596
-0.7697999477386475
-1.2278398275375366
-2.4410033226013184
1.9678903818130493
0.2680964469909668
0.837598443031311
-0.7825009226799011
-2.122150421142578
-1.5555421113967896
1.4964231252670288
-1.4484856128692627
1.5698559284210205
-1.2634915113449097
-1.9734303951263428
0.21886658668518066
-1.3226161003112793
-1.3140767812728882
1.0213863849639893
3.580967664718628
-0.47741883993148804
-0.798568069934845
-1.8682218790054321
-2.0864598751068115
-0.8941327333450317
0.5184803605079651
-1.7370434999465942
0.6837441325187683
-0.9159674048423767
-1.5856722593307495
-1.1965378522872925
0.3439878821372986
0.8472447395324707
-0.563862681388855
0.8536315560340881
-0.6964549422264099
-1.5593783855438232
-1.6653178930282593
-2.105109691619873
-1.330030918121338
-1.8026535511016846
1.1766034364700317
-1.6998679637908936
-0.9256539344787598
-0.05436815321445465
-2.1825013160705566
0.8528781533241272
-1.7265098094940186
-2.347654104232788
-1.5777757167816162
-2.322831869125366
-1.504960536956787
0.18690329790115356
-1.1873494386672974
-1.1012380123138428
-1.6377626657485962
-1.5338672399520874
-0.9639719128608704
-2.0241079330444336
-2.650108814239502
-2.3058297634124756
-3.55802845954895
-2.47487735748291
-1.5987906455993652
-0.02394673600792885
-1.2201179265975952
-2.1734538078308105
-1.6353002786636353
-1.6353002786636353
-1.6353002786636353
0.48082587122917175
-0.5593273639678955
0.8651571869850159
1.80552077293396
-1.554331660270691
-2.0668201446533203
-0.4375994801521301
-1.4792836904525757
-1.3596895933151245
-1.031961441040039
0.438923180103302
-0.11323503404855728
-0.4384864270687103
-0.17257378995418549
0.31444934010505676
-2.003337860107422
-2.0533974170684814
-0.2708728611469269
0.06170641630887985
1.5302459001541138
1.5235673189163208
2.349639654159546
-0.7719452977180481
1.0778752565383911
0.009852210059762001
-2.368286371231079
0.5877132415771484
0.8629482984542847
-2.444579601287842
0.8034734725952148
-0.5350272059440613
-0.6658535003662109
-0.5315495133399963
-1.6715105772018433
-1.1178516149520874
2.6933743953704834
0.316110223531723
2.3686158657073975
-0.026118701323866844
-1.4852261543273926
-1.0709490776062012
2.6481966972351074
-1.4339951276779175
-1.5596339702606201
0.4418027997016907
-0.5871321558952332
-0.12085557729005814
-3.4187028408050537
-1.3591314554214478
-0.7561714053153992
-0.9620234370231628
-0.5722414255142212
-1.0051320791244507
-1.113830327987671
-1.7162635326385498
-2.3793087005615234
-1.233808159828186
-1.2317299842834473
-1.8463292121887207
-0.40697771310806274
-1.1944646835327148
-0.9467974901199341
-0.9927471280097961
-0.6169283986091614
-1.7198339700698853
-1.2274847030639648
-0.053289949893951416
-1.3827584981918335
-2.1268410682678223
-0.2264760285615921
-0.2264760285615921
-0.6246713399887085
-0.522818922996521
-0.522818922996521
-0.522818922996521
0.17022734880447388
0.17022734880447388
0.17022734880447388
-0.2273731231689453
0.21270184218883514
-1.3052698373794556
-1.7246935367584229
0.7021830081939697
-3.013690233230591
-0.8190029859542847
-0.3432633876800537
-1.6029540300369263
-2.1911661624908447
-1.286745548248291
-2.14704966545105
-1.6334209442138672
-2.8624441623687744
-2.3129920959472656
-2.087688446044922
-0.20194916427135468
-1.2981635332107544
-1.6119273900985718
-2.4263501167297363
-0.03913413733243942
-1.87168550491333
-1.6217831373214722
-1.6443181037902832
-1.6443181037902832
-1.6443181037902832
-1.9508558511734009
-2.1326425075531006
-2.1326425075531006
-2.1326425075531006
-1.4598922729492188
-1.6353002786636353
-1.6353002786636353
-1.6353002786636353
-1.6353002786636353
-1.6353002786636353
-1.6353002786636353
-1.6353002786636353
-1.6353002786636353
-1.6353002786636353
-1.6353002786636353
-1.6353002786636353
-1.6353002786636353
-1.6353002786636353
-1.6353002786636353
-1.6353002786636353
-1.6353002786636353
-1.6353002786636353
-1.6353002786636353
-1.6353002786636353
-1.6353002786636353
-1.6353002786636353
-1.6353002786636353
1.6666581630706787
0.5977609753608704
1.0627636909484863
1.105388879776001
1.4885728359222412
-1.8873125314712524
-3.7230567932128906
-0.6583625674247742
-1.8395651578903198
-2.558168411254883
-1.0076971054077148
-0.4867018163204193
-2.174072027206421
-1.5235518217086792
-1.5235518217086792
-1.9858105182647705
-1.8199673891067505
-1.8199673891067505
-1.6353002786636353
-1.6353002786636353
-1.6353002786636353
-1.6353002786636353
-1.6353002786636353
-1.6353002786636353
-1.6353002786636353
-1.6353002786636353
-1.6353002786636353
-1.6353002786636353
-1.6353002786636353
-1.6353002786636353
-1.6353002786636353
-1.6353002786636353
-1.6353002786636353
-1.6353002786636353
-1.6353002786636353
-1.6353002786636353
-1.6353002786636353
-1.6353002786636353
-1.6353002786636353
-1.6353002786636353
-1.6353002786636353
-1.6353002786636353
-1.6353002786636353
-1.6353002786636353
-1.6353002786636353
-1.6353002786636353
-1.6353002786636353
-1.6353002786636353
-1.6353002786636353
-1.6353002786636353
-1.6353002786636353
-1.6353002786636353
-1.6353002786636353
-1.6353002786636353
-1.6353002786636353
-1.6353002786636353
-1.6353002786636353
-1.6353002786636353
-1.6353002786636353
-1.6353002786636353
-1.6353002786636353
-1.6353002786636353
-1.6353002786636353
-1.6353002786636353
-1.6353002786636353
-1.6353002786636353
-1.6353002786636353
-1.6353002786636353
-1.6353002786636353
-1.6353002786636353
-1.6353002786636353
-1.6353002786636353
-1.6353002786636353
-1.6353002786636353
-1.6353002786636353
-1.6353002786636353
-1.6353002786636353
-1.6353002786636353
-1.6353002786636353
-1.6353002786636353
-1.6353002786636353
-1.6353002786636353
-1.6353002786636353
-1.6353002786636353
2.7347710132598877
1.5241546630859375
0.6667938232421875
2.282273292541504
1.6901267766952515
0.9082686901092529
1.1954336166381836
0.3412819504737854
0.37646597623825073
0.6091338992118835
-0.22683890163898468
0.07097208499908447
-0.8996483683586121
3.7484536170959473
-1.3699872493743896
2.267644166946411
0.608814001083374
0.9375393390655518
-0.282437264919281
1.3576520681381226
-0.7814236879348755
-0.6759648323059082
-4.497735500335693
-0.09699546545743942
0.062371138483285904
0.6195248961448669
3.129565954208374
-1.0151559114456177
3.608711004257202
3.608711004257202
3.608711004257202
-0.5354812145233154
2.12166428565979
3.2535927295684814
0.8317629098892212
2.6959149837493896
-1.4456877708435059
0.9087824821472168
0.7977639436721802
-0.5561255216598511
-1.6531031131744385
-1.9633640050888062
-2.401887893676758
0.9286941885948181
-0.7890982627868652
-1.0678520202636719
0.15996359288692474
1.291646122932434
-0.4977702796459198
2.0569355487823486
-1.6874122619628906
-1.909523606300354
-1.212159276008606
-1.7211029529571533
-2.1591126918792725
-2.30004620552063
-1.762802243232727
-0.4354265034198761
-1.6353002786636353
-1.6353002786636353
-1.6353002786636353
-1.6353002786636353
-1.6353002786636353
-1.6353002786636353
-1.6353002786636353
-1.6353002786636353
-1.6353002786636353
-1.6353002786636353
-1.6353002786636353
-1.6353002786636353
-1.6353002786636353
-1.6353002786636353
-1.6353002786636353
-1.6353002786636353
-1.6353002786636353
-1.6353002786636353
-1.6353002786636353
-1.6353002786636353
-1.6353002786636353
-1.6353002786636353
-1.6353002786636353
1.1355724334716797
0.323501318693161
3.2129392623901367
-0.5429339408874512
1.9010024070739746
-0.08230908215045929
-0.08230908215045929
-1.750208854675293
-1.750208854675293
-1.750208854675293
-1.750208854675293
-1.750208854675293
-1.404708743095398
-1.5174320936203003
-1.5174320936203003
-1.5174320936203003
-1.190627932548523
0.31708672642707825
-1.8662222623825073
-0.5690200328826904
-0.5690200328826904
0.07119907438755035
0.07119907438755035
0.3150682747364044
-1.1322228908538818
-2.0403952598571777
0.1611926555633545
-1.2670671939849854
-0.7317619919776917
-0.7317619919776917
-0.7317619919776917
-1.3988748788833618
-1.7171008586883545
-1.5779635906219482
-1.6563372611999512
0.785671055316925
-1.8135305643081665
-2.6924502849578857
-3.391942262649536
-0.5689998865127563
-2.3287627696990967
-1.2356846332550049
-1.9854826927185059
-2.0168724060058594
-1.4183151721954346
-0.5633488297462463
-1.744690179824829
-2.128176689147949
1.858604073524475
-1.0070276260375977
-1.9909698963165283
-2.133543014526367
-1.9909698963165283
-0.5533044338226318
-2.5348992347717285
-1.7660455703735352
0.16641898453235626
-0.8115209937095642
-0.8195055723190308
-1.5323868989944458
-1.5195269584655762
-1.6150261163711548
-0.9779835939407349
-2.7547476291656494
-1.5715864896774292
-1.5761669874191284
-2.080852508544922
-2.6526126861572266
-2.643256187438965
-1.3289047479629517
-2.6963939666748047
-2.7274866104125977
-3.0742266178131104
-2.741696357727051
-2.6574630737304688
-2.6659300327301025
-2.967639684677124
-2.185025215148926
-2.185025215148926
-0.8170889019966125
-1.2850747108459473
-2.185025215148926
-2.145779848098755
-2.849778175354004
-2.849778175354004
-0.9245670437812805
-1.2503186464309692
-1.2503186464309692
-2.6796083450317383
-2.469163417816162
-1.6015397310256958
-1.5637372732162476
-2.252596139907837
-1.362138271331787
-2.392430305480957
-1.801279067993164
-1.6338728666305542
-2.7670235633850098
-2.651654005050659
-2.651654005050659
-1.1496217250823975
-2.135655403137207
-1.5899934768676758
-0.8727309703826904
-1.6353002786636353
-1.6353002786636353
-1.6353002786636353
-1.6353002786636353
-1.6353002786636353
-1.6353002786636353
-1.6353002786636353
-1.6353002786636353
-1.6353002786636353
-1.6353002786636353
-1.6353002786636353
-1.6353002786636353
-1.6353002786636353
-1.6353002786636353
-1.6353002786636353
-1.6353002786636353
-1.6353002786636353
-1.6353002786636353
-1.6353002786636353
-1.6353002786636353
-1.6353002786636353
-1.6353002786636353
-1.6353002786636353
-1.6353002786636353
-1.6353002786636353
-1.6353002786636353
-1.6353002786636353
-1.6353002786636353
-1.6353002786636353
3.2356932163238525
0.9958752989768982
2.6587769985198975
1.9229888916015625
2.6375465393066406
2.4861066341400146
3.5325543880462646
0.8109776377677917
1.881582498550415
1.5331637859344482
-1.84774911403656
0.6569313406944275
0.6569313406944275
0.6569313406944275
1.6203489303588867
1.9102659225463867
1.330737590789795
1.330737590789795
1.1772630214691162
2.284409761428833
2.284409761428833
2.284409761428833
1.674729824066162
1.674729824066162
1.925842523574829
-0.9578679800033569
1.8818836212158203
-0.5292966961860657
2.3396360874176025
-0.384562611579895
-0.8564690351486206
-0.9503514766693115
-0.05945279076695442
0.6760752201080322
1.95133376121521
1.0766398906707764
-0.04969725385308266
0.32047027349472046
-0.5015837550163269
-1.2979007959365845
-2.8123931884765625
-1.6342825889587402
-0.5113062262535095
0.5944159030914307
-1.8857840299606323
-0.6320993900299072
-0.20550034940242767
-1.9987605810165405
-0.49869903922080994
-2.105771541595459
-2.5871083736419678
-0.5755084156990051
-1.8313013315200806
1.7926417589187622
-0.8931717872619629
-1.2729852199554443
-1.4548271894454956
-0.9454669952392578
-0.5841447114944458
-1.9231877326965332
-1.1561874151229858
-1.7706304788589478
-1.825821042060852
-1.7379454374313354
-1.824576497077942
-2.1738908290863037
-2.9773082733154297
-2.236603021621704
-2.2170660495758057
-2.641592025756836
-2.292473554611206
-3.124966621398926
-2.444819927215576
-1.8229966163635254
-2.6836063861846924
-2.5160279273986816
-2.375945806503296
-2.004237413406372
-2.3509793281555176
-1.6794577836990356
-2.89998197555542
-3.060671806335449
-2.2456233501434326
-2.795243263244629
-2.8514928817749023
-3.166292667388916
-2.2965378761291504
-2.588646173477173
-3.2929699420928955
-2.089317798614502
-2.2855899333953857
-2.554309844970703
-2.020869731903076
-1.2592973709106445
-1.3110666275024414
-2.3034753799438477
-1.9271469116210938
-1.9380779266357422
-1.6353002786636353
-1.6353002786636353
-1.6353002786636353
-1.6353002786636353
-1.6353002786636353
-1.6353002786636353
-1.6353002786636353
-1.6353002786636353
-1.6353002786636353
-1.6353002786636353
-1.6353002786636353
-1.6353002786636353
-1.6353002786636353
-1.6353002786636353
-1.6353002786636353
-1.6353002786636353
-1.6353002786636353
-1.6353002786636353
-1.6353002786636353
-1.6353002786636353
-1.6353002786636353
-1.6353002786636353
-1.6353002786636353
-1.6353002786636353
-1.6353002786636353
-1.6353002786636353
-1.6353002786636353
-1.6353002786636353
-1.6353002786636353
-1.6353002786636353
-1.6353002786636353
-1.6353002786636353
-1.6353002786636353
-1.6353002786636353
-1.6353002786636353
-1.6353002786636353
-2.162407398223877
-0.8773008584976196
2.8361542224884033
1.8235018253326416
0.9759186506271362
-0.24004203081130981
2.0630459785461426
0.44888633489608765
2.3266496658325195
0.17710864543914795
1.0821272134780884
0.17027547955513
0.42241808772087097
1.3237249851226807
0.8765646815299988
0.012461869046092033
0.5586790442466736
1.145097017288208
1.3589104413986206
3.2465243339538574
0.9264542460441589
-0.8238852024078369
0.14427658915519714
0.18481187522411346
2.1381328105926514
0.7038273811340332
0.7038273811340332
0.7038273811340332
0.7038273811340332
3.7669036388397217
0.8326210379600525
0.8326210379600525
0.8326210379600525
0.8326210379600525
0.8326210379600525
0.8326210379600525
0.8326210379600525
0.8326210379600525
0.8326210379600525
0.8326210379600525
0.8326210379600525
0.14199703931808472
0.14199703931808472
0.14199703931808472
0.14199703931808472
0.14199703931808472
0.14199703931808472
0.14199703931808472
0.7881130576133728
1.0870730876922607
1.0870730876922607
1.0870730876922607
1.0870730876922607
1.0870730876922607
1.0870730876922607
0.5183953642845154
0.8078045845031738
0.8078045845031738
0.8078045845031738
0.8078045845031738
0.8078045845031738
0.8078045845031738
1.273328185081482
1.273328185081482
1.273328185081482
1.273328185081482
2.1177585124969482
-1.176528811454773
0.7357068061828613
0.8755507469177246
-0.07339001446962357
2.0891823768615723
-0.788581371307373
3.1321377754211426
-0.5233777165412903
2.9545674324035645
-0.22806081175804138
-0.22806081175804138
-0.5045848488807678
1.3524640798568726
1.566556692123413
-0.21628427505493164
-0.5684769749641418
1.3630377054214478
-0.3148324191570282
2.3043746948242188
1.3234713077545166
4.925203323364258
1.862356185913086
0.8807449340820312
-0.0296130683273077
3.6974899768829346
-2.3421571254730225
0.6705995202064514
-2.439085006713867
-1.5535551309585571
-0.420940637588501
3.8847696781158447
-0.8018797039985657
1.3327840566635132
-0.31609854102134705
0.6655248999595642
-1.0650278329849243
-0.46467193961143494
-0.24227383732795715
1.3674143552780151
-0.21708349883556366
2.5767436027526855
0.9712632298469543
2.19387149810791
1.9270403385162354
0.6778428554534912
-3.191153049468994
-0.8667524456977844
-1.2685097455978394
-0.11124490946531296
-1.1950459480285645
0.3118487000465393
0.3118487000465393
0.3118487000465393
-0.7232058644294739
-0.7232058644294739
-0.7371617555618286
-0.1825432926416397
-0.7993330955505371
-1.2605648040771484
0.7425298094749451
0.26477187871932983
0.26477187871932983
0.26477187871932983
2.0598442554473877
1.1643602848052979
-1.3672213554382324
1.3629616498947144
1.3629616498947144
2.0306811332702637
-0.391733855009079
-0.7676780819892883
-0.11180685460567474
1.3432477712631226
-0.7003995776176453
-0.39053964614868164
3.289407968521118
1.9908989667892456
-0.6323697566986084
-0.3171113133430481
-0.03789687156677246
-0.2989051342010498
-0.8658086061477661
2.948549509048462
-0.477639377117157
-0.5506354570388794
-1.9894790649414062
-0.8465775847434998
0.5788392424583435
-0.9108223915100098
0.7300933599472046
2.8595147132873535
-0.801949679851532
0.3439388573169708
-0.7000939249992371
1.5221887826919556
1.335935354232788
0.5638546943664551
0.8880598545074463
-1.0045413970947266
-0.8330639004707336
-2.6285312175750732
-0.12795378267765045
-1.5327527523040771
-1.615992784500122
-0.5092970728874207
-0.05127546936273575
-0.5309692025184631
0.8403844833374023
-0.8713237643241882
3.287590265274048
-0.9776197075843811
-0.16356885433197021
-0.2522178292274475
-0.3967134654521942
-0.11492247879505157
-0.5259750485420227
2.1467318534851074
-1.687048316001892
0.6482734084129333
-0.4241066575050354
-1.08042311668396
-0.22876255214214325
-0.04455679655075073
-0.650958240032196
-1.5828362703323364
-1.3770875930786133
-1.0307071208953857
0.6567424535751343
-1.9065479040145874
0.3691408336162567
-1.451776385307312
-0.27563631534576416
-0.3341144621372223
-0.45845258235931396
-0.1763220876455307
-0.34848320484161377
-0.1323791891336441
-1.2107774019241333
-1.378280758857727
-1.2050244808197021
-1.6353002786636353
-1.6353002786636353
-1.6353002786636353
-1.6353002786636353
-1.6353002786636353
-1.6353002786636353
-1.6353002786636353
-1.6353002786636353
3.0343785285949707
2.782407522201538
3.1643874645233154
3.575404644012451
2.327725410461426
0.5387800335884094
-0.8363305926322937
2.244927406311035
-0.0840134248137474
-1.7397980690002441
2.0186524391174316
-1.2616902589797974
-2.095081329345703
0.29417118430137634
-1.203027367591858
1.4862157106399536
-3.28680157661438
1.2846126556396484
1.2846126556396484
-0.5107459425926208
-1.0417754650115967
-1.1525670289993286
-1.2819100618362427
-1.2747591733932495
-1.6596800088882446
-0.0880020260810852
-0.4628196358680725
-1.2139604091644287
0.5252023935317993
-0.7957807183265686
-3.0922555923461914
-0.5994457006454468
-0.15754586458206177
-0.22887372970581055
-0.6828076243400574
1.6439090967178345
-0.5687013268470764
-0.1925612837076187
0.04320089519023895
-0.2314898818731308
0.1310446709394455
-1.1330530643463135
-1.0850809812545776
-1.1552927494049072
0.8059589266777039
-0.584104597568512
-2.1227524280548096
-0.42611896991729736
-0.21168003976345062
-1.1289979219436646
0.5080760717391968
0.5080760717391968
0.5080760717391968
0.5080760717391968
0.5080760717391968
-1.0080760717391968
-1.4985774755477905
-0.9139615893363953
0.5006763935089111
-0.8715127110481262
-0.3876982629299164
-1.1933903694152832
-1.1933903694152832
0.1932748407125473
3.3906872272491455
-0.038801684975624084
1.4610215425491333
0.043514251708984375
1.9983407258987427
-0.535308301448822
-1.5747665166854858
0.012254783883690834
-1.7624776363372803
-0.4103452265262604
1.2655309438705444
-1.1199020147323608
-0.7820302844047546
-1.9249180555343628
-2.1022746562957764
-0.0537882000207901
-1.6353002786636353
-1.6353002786636353
-1.6353002786636353
-1.6353002786636353
-1.6353002786636353
-1.6353002786636353
-1.6353002786636353
-1.6353002786636353
-1.6353002786636353
-1.6353002786636353
-1.6353002786636353
-1.6353002786636353
-1.6353002786636353
-1.6353002786636353
-1.6353002786636353
-1.6353002786636353
-1.6353002786636353
-1.6353002786636353
-1.6353002786636353
-1.6353002786636353
-1.6353002786636353
-1.6353002786636353
-1.6353002786636353
-1.6353002786636353
-1.6353002786636353
-1.6353002786636353
-1.6353002786636353
-1.6353002786636353
-1.6353002786636353
-1.6353002786636353
-1.6353002786636353
-1.6353002786636353
1.9952019453048706
2.446579933166504
1.9631049633026123
1.8287454843521118
0.16082879900932312
1.388506531715393
1.4845550060272217
-0.7561221718788147
4.723322868347168
3.1855685710906982
2.5591177940368652
1.9834353923797607
0.21487948298454285
1.0835074186325073
-0.2817925810813904
0.2756810188293457
2.1777939796447754
-0.051430825144052505
1.8036885261535645
-0.24897469580173492
-1.0111409425735474
0.25229567289352417
2.2030701637268066
-0.47762274742126465
1.443124771118164
-1.710386872291565
-0.7728155255317688
0.04920279607176781
-1.9263279438018799
-0.30335766077041626
-0.8804720640182495
-0.5548133254051208
0.6569421887397766
-0.058029986917972565
-1.3095626831054688
-0.16436795890331268
-0.8821689486503601
-1.8534290790557861
0.7468230128288269
1.4450974464416504
-1.1713786125183105
0.5099245309829712
1.1182464361190796
1.9191067218780518
0.5155737400054932
-1.0866763591766357
-0.6446540951728821
-0.49638456106185913
-0.22185549139976501
0.6745611429214478
1.255147099494934
-0.7028510570526123
-0.5760189890861511
-0.4366796314716339
-1.3373088836669922
-1.8469630479812622
0.3384154140949249
0.47965532541275024
-0.5532534718513489
-0.4956285357475281
-1.0001659393310547
0.19022943079471588
-0.38216114044189453
-0.7055455446243286
-0.40220707654953003
-0.49057912826538086
0.8973225951194763
-2.113537311553955
-1.9562076330184937
-0.23540352284908295
0.7407920360565186
-1.6030844449996948
-0.9201051592826843
-1.7165124416351318
-0.04922965168952942
-1.2758854627609253
1.4800058603286743
-0.9283931255340576
-0.9482406973838806
-0.6110793948173523
0.8704501390457153
0.009135439060628414
-1.507060170173645
-1.1145501136779785
-1.5171573162078857
-0.4476812183856964
2.14052414894104
2.14052414894104
-1.4687728881835938
-0.25371503829956055
-0.25371503829956055
-0.25371503829956055
-0.25371503829956055
-0.4881463050842285
-0.4881463050842285
0.5085201263427734
-0.30177339911460876
-0.08838158845901489
0.6231734752655029
1.1657003164291382
-1.3038506507873535
-1.8965051174163818
-0.4310685992240906
-1.4928028583526611
0.3583908677101135
0.08306064456701279
-0.8585950136184692
-0.1899307668209076
-0.1899307668209076
-0.827491044998169
1.4412270784378052
0.6327524781227112
1.32970130443573
-1.4614911079406738
1.8451032638549805
0.24895837903022766
-1.418184757232666
-0.37639325857162476
-1.3597335815429688
-1.5093392133712769
-0.5838059782981873
0.5171017646789551
-0.21392859518527985
-0.5787217617034912
0.5529733300209045
-1.0477126836776733
-1.1191898584365845
-0.21559441089630127
-1.3046653270721436
0.2305338978767395
-0.9491261839866638
0.4418075978755951
0.39412713050842285
-0.8658718466758728
-1.7170850038528442
-1.77983820438385
-1.2943633794784546
-1.727805733680725
1.048791527748108
-0.9951500296592712
-2.0594558715820312
-0.5394532680511475
-1.8204563856124878
-1.7648961544036865
-1.890558123588562
-2.0420804023742676
-1.756637454032898
-2.787418842315674
-0.35314199328422546
-1.6848317384719849
-3.3357536792755127
-1.6353002786636353
-1.6353002786636353
-1.6353002786636353
-1.6353002786636353
1.1280101537704468
1.5504770278930664
1.2940618991851807
1.8816728591918945
1.705289602279663
0.5207042694091797
-3.3183982372283936
0.5396745800971985
-1.651405930519104
-0.44827398657798767
-1.8084406852722168
1.165543794631958
-1.766634464263916
-2.0819456577301025
-2.0095937252044678
-1.5232540369033813
-1.463327407836914
-3.5796403884887695
0.3095383048057556
-0.4391634166240692
0.7200307846069336
-0.46802687644958496
-0.02472071535885334
-0.896720826625824
-1.636495590209961
-0.9891794323921204
-1.3305631875991821
-2.33233380317688
-0.4026164710521698
0.10836874693632126
-0.36146748065948486
-0.8257656693458557
-1.4846391677856445
-0.5925732254981995
-2.834993362426758
-2.2006595134735107
-1.4861152172088623
-0.9044786691665649
-0.7205559611320496
-0.7934214472770691
-1.2396575212478638
-3.530653953552246
-2.222642660140991
0.8027780652046204
-1.1642717123031616
-0.9631162881851196
-1.9514445066452026
-1.8969050645828247
-1.0056995153427124
-2.0502705574035645
-0.8888446688652039
-2.2968761920928955
-1.7233898639678955
-1.3202260732650757
0.2099618762731552
-3.073772668838501
-2.512072801589966
-1.25799560546875
-0.946734607219696
-2.616253137588501
-1.981311321258545
-1.8896063566207886
-2.3747568130493164
-1.171160340309143
-2.6062958240509033
-1.0297605991363525
-2.6062958240509033
-1.0274838209152222
-0.1162726953625679
-3.149188756942749
-2.496028184890747
-1.4960041046142578
-2.674685001373291
-2.6710050106048584
-2.4192955493927
-1.816497564315796
-1.1786376237869263
-1.7879923582077026
-1.9500033855438232
0.7439100742340088
-1.5094114542007446
-2.141014814376831
-1.9104188680648804
-2.273406744003296
-1.9349561929702759
0.2205740362405777
-2.0217111110687256
-2.627776622772217
-2.1366138458251953
-2.292208671569824
0.2875725328922272
-1.3232362270355225
0.4024271070957184
-1.4742101430892944
-1.5962094068527222
-1.6353002786636353
-1.6353002786636353
-1.6353002786636353
-1.6353002786636353
-1.6353002786636353
-1.6353002786636353
-1.6353002786636353
-1.6353002786636353
-1.6353002786636353
-1.6353002786636353
-1.6353002786636353
-1.6353002786636353
-1.6353002786636353
-1.6353002786636353
-1.6353002786636353
-1.6353002786636353
-1.6353002786636353
-1.6353002786636353
-1.6353002786636353
-1.6353002786636353
-1.6353002786636353
-1.6353002786636353
-1.6353002786636353
-1.6353002786636353
-1.6353002786636353
-1.6353002786636353
-1.6353002786636353
-1.6353002786636353
-1.6353002786636353
-1.6353002786636353
-1.6353002786636353
-1.6353002786636353
-1.6353002786636353
-1.6353002786636353
-1.6353002786636353
-1.6353002786636353
-1.6353002786636353
-1.6353002786636353
-1.6353002786636353
1.8483760356903076
2.5687930583953857
1.3080108165740967
1.3604629039764404
2.0305442810058594
2.9462125301361084
1.5323028564453125
0.1527247130870819
3.8784542083740234
1.0639294385910034
1.2893060445785522
0.5947298407554626
2.7815804481506348
2.4882352352142334
2.985537052154541
4.395688533782959
2.2851202487945557
3.690657138824463
0.9813676476478577
2.42490291595459
2.509565830230713
3.4409427642822266
0.17452740669250488
4.154826641082764
2.6215784549713135
4.57166862487793
1.7320595979690552
1.728508710861206
2.961247682571411
1.3702421188354492
1.3702421188354492
3.3164753913879395
2.2559337615966797
-1.0627092123031616
3.1660516262054443
3.1660516262054443
1.5751359462738037
1.5751359462738037
1.5751359462738037
1.5751359462738037
0.5754339694976807
3.49849534034729
3.49849534034729
3.49849534034729
3.49849534034729
3.49849534034729
3.49849534034729
3.49849534034729
2.0290439128875732
2.33404278755188
2.33404278755188
1.0944570302963257
2.3288724422454834
1.8607423305511475
1.7670365571975708
1.1759237051010132
-1.2294644117355347
1.7529020309448242
1.0089313983917236
1.0483908653259277
1.5821584463119507
3.1033687591552734
1.3579003810882568
-0.3258185386657715
-0.8087680339813232
1.2888870239257812
-1.2643835544586182
1.2328574657440186
1.4336893558502197
1.2830638885498047
1.2122129201889038
-0.7913517355918884
1.2796630859375
-0.21853068470954895
-0.002000971231609583
0.5136356353759766
1.1106518507003784
-0.8133741021156311
0.1807301938533783
0.0610802061855793
-0.026371333748102188
0.6496134996414185
-1.1212447881698608
0.02138473093509674
0.5782739520072937
-0.031148206442594528
-0.5882279276847839
0.8170557022094727
0.3176359236240387
0.05837494134902954
1.5839380025863647
-1.8969755172729492
1.6324361562728882
1.9185757637023926
-0.6150230765342712
-1.5026724338531494
-0.7941603064537048
-0.3577764630317688
1.4646598100662231
2.6417155265808105
-1.1038066148757935
0.9695754647254944
-0.9915494918823242
2.4524853229522705
-1.3177001476287842
0.5074295997619629
-2.7732412815093994
-1.0021189451217651
1.3914844989776611
-1.0616016387939453
-0.10750540345907211
-0.7751067280769348
-1.3857594728469849
1.440557599067688
-0.5250119566917419
-0.9149448275566101
-0.9782106876373291
-1.8353434801101685
-0.5088984370231628
-0.2556459903717041
-2.389019012451172
-0.5651992559432983
-1.0627684593200684
-1.601237416267395
-1.2696419954299927
0.8745077848434448
-2.1697452068328857
-1.0591915845870972
-1.4278517961502075
-1.407097578048706
-1.5884262323379517
-1.4615031480789185
-1.6353002786636353
-1.6353002786636353
-0.6429996490478516
-0.12678402662277222
3.5916965007781982
0.6971836686134338
2.2845866680145264
-1.027956485748291
-0.6279624104499817
0.1414196491241455
0.27226191759109497
-0.001297691254876554
-2.0629851818084717
0.07915511727333069
-2.396620273590088
-0.2495654970407486
-0.7174077033996582
-1.5111957788467407
-2.5095717906951904
-1.0271116495132446
-0.5138024091720581
-1.7657536268234253
-3.454174518585205
-1.3871811628341675
-1.6098355054855347
-0.7602680921554565
-0.9562089443206787
-0.6243875622749329
-1.4197328090667725
-1.264641523361206
-1.7869821786880493
0.2352685034275055
-1.5377072095870972
-2.1620779037475586
0.0559779554605484
-0.5636840462684631
-2.075209617614746
-0.7102776765823364
-2.6398274898529053
-1.0382362604141235
-0.6067952513694763
-0.058540381491184235
-1.6943467855453491
-1.08639395236969
-0.820819079875946
-0.9255086183547974
-1.271884560585022
0.4124855399131775
-1.3675897121429443
-0.9296009540557861
-0.9672539830207825
-0.27836570143699646
-0.5384853482246399
-0.5686438083648682
-0.5224650502204895
-1.2623867988586426
1.1410138607025146
-1.374437928199768
0.3244169056415558
-1.2593042850494385
-0.9439131617546082
-1.4111933708190918
-1.4329545497894287
0.08909284323453903
-1.1997625827789307
-0.2650381326675415
-3.2603063583374023
-1.7464648485183716
-2.5107433795928955
-1.1073490381240845
-0.20340578258037567
0.421380877494812
-1.6144770383834839
-0.7222670316696167
0.2823941707611084
0.5646193027496338
-0.409602552652359
-0.517538845539093
1.3435534238815308
-2.2753548622131348
0.8339003324508667
-0.12458544224500656
-1.3839993476867676
-1.2399835586547852
-1.3484750986099243
0.1297335922718048
-1.4364523887634277
-1.3894544839859009
-1.0581214427947998
-0.4936310350894928
-0.4936310350894928
1.0226775407791138
-0.4768470823764801
-2.5708301067352295
0.01859373226761818
-0.6268448829650879
-0.5914607644081116
-2.0584025382995605
-1.0227363109588623
-0.4594724774360657
-0.7801786661148071
-1.1435720920562744
-0.5133928656578064
-1.0991135835647583
-1.2508437633514404
-1.8636000156402588
-0.9012953639030457
-1.6409411430358887
-2.248142957687378
-1.7887541055679321
-0.6946952939033508
-0.8177977204322815
-0.9410192370414734
-0.7472575902938843
-0.7472575902938843
-1.0263882875442505
-1.1966984272003174
-1.1966984272003174
-0.8921507000923157
-2.599299192428589
-2.57187557220459
-2.4438464641571045
-1.4182511568069458
-2.405949115753174
-1.6353002786636353
-1.6353002786636353
-1.6353002786636353
-1.6353002786636353
-1.6353002786636353
-1.6353002786636353
-1.6353002786636353
-1.6353002786636353
-1.6353002786636353
-1.6353002786636353
-1.6353002786636353
-1.6353002786636353
-1.6353002786636353
-1.6353002786636353
-1.6353002786636353
-1.6353002786636353
-1.6353002786636353
-1.6353002786636353
-1.6353002786636353
-1.6353002786636353
-1.6353002786636353
-1.6353002786636353
-1.6353002786636353
-1.6353002786636353
-1.6353002786636353
-1.6353002786636353
-1.6353002786636353
-1.6353002786636353
-1.6353002786636353
-1.6353002786636353
-1.6353002786636353
-1.6353002786636353
-1.6353002786636353
-1.6353002786636353
-1.6353002786636353
-1.6353002786636353
-1.6353002786636353
-1.6353002786636353
-1.6353002786636353
-1.6353002786636353
-1.6353002786636353
-1.6353002786636353
-1.6353002786636353
-1.6353002786636353
-1.6353002786636353
-1.6353002786636353
-1.6353002786636353
-1.6353002786636353
-1.6353002786636353
-1.6353002786636353
-1.6353002786636353
-1.6353002786636353
-1.6353002786636353
