0.5852768900648582
0.5927671746212934
0.5666697238199234
0.5575308914427352
0.5253340365177926
0.5685839523885268
0.529006242551472
0.5505220967186514
0.5220328799919555
0.5569594404921153
0.5556264003618677
0.5544077135443046
0.5686008751282389
0.5413630273426349
0.564020598827323
0.5707033123364758
0.5405664587670402
0.5394310414377586
0.5414671428519315
0.5648328405130035
0.563396450384407
0.553382457791367
0.5458732256580475
0.5190514352480229
0.5514468480721662
0.5559222994438078
0.5466182406806194
0.5381602333635084
0.5422791426777177
0.5466992308615992
0.5698865748358087
0.5613904403787511
0.5542933020233811
0.5459957758869292
0.5175508351943823
0.5360136226569036
0.5381640617625928
0.5657122668920623
0.5393197640341943
0.5359497517810392
0.5464091226076346
0.5282330200872757
0.5480652858222892
0.547187203127399
0.5385796584271698
0.5351412609497959
0.5369563652553033
0.5674877611358782
0.5745416801232617
0.519183303672594
0.5503215375075099
0.5365429983602397
0.5137127813913678
0.5161357868939822
0.5394165858923236
0.533064627078682
0.5214002534220058
0.5398704810662722
0.5356529120784219
0.5472864912204077
0.5554542109692079
0.5383974207323318
0.5707934819389074
0.5200275189641258
0.5177877421500529
0.5444690510114526
0.5451555005924047
0.5356503324167899
0.5167359016758101
0.532577195052011
0.5428254811734501
0.5249617651736893
0.5279256101721594
0.5284487596466874
0.513860966645439
0.5287122708325223
0.5149174764595917
0.5463891143240193
0.540406189981019
0.5084864846666352
0.5403220981993931
0.5334600921341718
0.5278922626247529
0.5124131300236218
0.539711249630706
0.5406361291790316
0.5074330893390262
0.538637276716126
0.5285050357345674
0.5251633563277737
0.5081882457902334
0.517525830536084
0.5398075577703975
0.5365571953002524
0.5252100591686999
0.5432828749236538
0.5184844262842424
0.5284470654970735
0.5057666418261785
0.508758503669833
0.5045582690999229
0.5029216583202523
0.5019902780255603
0.5333547873072261
0.5263637923884639
0.5053736059575622
0.5174091316226157
0.5237454041561709
0.5401612401988514
0.5076813089984168
0.5149256343238394
0.525496685481424
0.5063129962675065
0.5266016520679219
0.4995636862569038
0.5260416291307835
0.5170968311689396
0.5189561993042864
0.5312520983514956
0.5231793234843878
0.5258046323173887
0.510918974567529
0.5002686723006438
0.5156244109457723
0.5272263477407958
0.5141348918268106
0.5375990790080512
0.5175839019606121
0.5052638744284502
0.5184360867358356
0.5134482185440383
0.49593143747322116
0.5320122017036779
0.5019318913305412
0.49265987514278825
0.49928058016821614
0.509989783257668
0.4835855046384148
0.5929843469230689
0.5705955061790627
0.5584442889600859
0.5710823133558883
0.5799475424801702
0.5684215562064123
0.5610338666965518
0.5560924699411608
0.5579778626083068
0.5679392668715227
0.601854400195125
0.5730943122156977
0.5941304567834558
0.5941304567834558
0.5839468791498929
0.5802910581163246
0.5802910581163246
0.5616376158326362
0.5611393158351591
0.5772139705728575
0.5772139705728575
0.5745644356310748
0.5722420724994122
0.5716682049099193
0.5604298798452916
0.5701774616152275
0.5701774616152275
0.5593565543765157
0.561999039381457
0.5535592819183497
0.5468714850897003
0.5266058936191925
0.5593309886537031
0.5579519785693959
0.5441901488694718
0.5577148549821515
0.5093533220828396
0.5492524373022959
0.5512193612115291
0.5141990170593058
0.5515220839345586
0.5194450091379915
0.5618081019837146
0.5259178495310733
0.5152789452486205
0.508632545104404
0.5103232550475035
0.5139111890715214
0.5096938679137893
0.5123983684796057
0.5580317239365336
0.5061575251124145
0.542764001902812
0.5509684392673015
0.5157106167841847
0.514981827490655
0.5092844775336531
0.5116826601285064
0.5486495748218536
0.5538616340880298
0.5140521063325467
0.5491556136860618
0.5084696171906984
0.5484368758444814
0.5070054988936101
0.5112542044745959
0.5068851440316489
0.5095616661679168
0.509793671492614
0.5120401830678852
0.524608318419123
0.5232398327395726
0.5079379604713827
0.5115989564251815
0.5243815709175661
0.5080794454956074
0.5483931481012692
0.5215307541434188
0.5352866812839985
0.5078729749537413
0.543904270074873
0.555820404329918
0.5074967721338656
0.5213374176258536
0.5081499991113695
0.5231519734478679
0.5321789096040022
0.5052833738186346
0.551180041276919
0.5329926023150529
0.5440826365565757
0.5056969180728826
0.5496126739041008
0.5072430626467469
0.5063487841324963
0.5160843134425497
0.5068430759714301
0.5439382394388338
0.5109176281067327
0.5382191073975366
0.5117536809878195
0.5043473945776236
0.5037510273857487
0.5071285985006754
0.5183424686103038
0.5340749180334163
0.5101017064494755
0.5066524000017782
0.5020545738700795
0.5045031790255196
0.5041533629389127
0.529027112054792
0.5037902245158652
0.5047592548648082
0.5046570076201339
0.5045534911086431
0.5034440509114922
0.5006239180141608
0.5024111126809306
0.5174709048924362
0.5064640366357772
0.5025099654768546
0.5020065699074953
0.5009178042399577
0.49829243005760293
0.49820084192038294
0.5007688172323534
0.49838563689751875
0.5002682762501839
0.49794777432252285
0.4989253005922449
0.5008236049407258
0.5208301061700937
0.49491081065552367
0.4953282105401725
0.49730438531919874
0.4926977000818891
0.5042872936482566
0.496105971462764
0.49424103046326906
0.4869136174645426
0.48548085316010503
0.49083062860244053
0.4835855046384148
0.4835855046384148
0.4835855046384148
0.4835855046384148
0.4835855046384148
0.4835855046384148
0.4835855046384148
0.4835855046384148
0.4835855046384148
0.4835855046384148
0.5653865902485864
0.5758222863616976
0.5504571261161135
0.5559940092558441
0.5209807626570441
0.6057573275970722
0.5552361793520485
0.5797535496148511
0.5613664571695691
0.5827415206595954
0.5196940694239613
0.5522840539356145
0.53974995070851
0.5401715170530164
0.5690526408812405
0.5513627470566359
0.5529109309041594
0.549696112256207
0.5397981469903318
0.5556210981142051
0.5303348890587126
0.5134199663582045
0.5246832125704205
0.5516954563737749
0.5430224667196804
0.5454177194769395
0.5433472876559488
0.5688438059352774
0.5476201975011193
0.5171952166470413
0.5401154217597899
0.5266186296150143
0.5424631837257583
0.5173113610433363
0.5440819106483908
0.5335616547204741
0.5475657335483238
0.5327404782010754
0.5143028171904459
0.5083941208199215
0.5222124190183708
0.5211576710067203
0.5585717732847756
0.512723792350511
0.5270786556848363
0.5452716171779117
0.5452271573375806
0.5476915902826138
0.5144651222523823
0.5163393703033886
0.5120384628663109
0.5334416439069766
0.5371441716786113
0.532245791456156
0.5141307267936828
0.5433305456459159
0.5328186108860865
0.5277478219703643
0.515530485943475
0.5331557222503428
0.5350390102380124
0.5145017904310093
0.5193452256832899
0.510929031219536
0.5371497095254484
0.5253299182453406
0.5327220449208275
0.5321668848943092
0.511446656475997
0.5549703377910389
0.5530197626160417
0.5494652021363147
0.5316522493574468
0.5396472877832189
0.5295453629644298
0.5237438051798812
0.5377518223464175
0.5452372941183719
0.5285165440696703
0.5482799199650501
0.5116538503371115
0.5390601495197652
0.5436983133290494
0.5391403642335728
0.535833863280763
0.5155324042726159
0.5276138137941689
0.5408393587436914
0.5419643547037889
0.5296124245718477
0.5278188892584743
0.5402157317077755
0.5563413277454601
0.5307634100203974
0.548361203083058
0.5277803115170754
0.5160481037779521
0.5459590076440547
0.543061391075233
0.5378945244573726
0.5167533242303715
0.5258960122399424
0.5406167346295901
0.5194737440955285
0.5340616670803342
0.5345467807132763
0.546604610893259
0.5779511064256231
0.5019176140196976
0.5325292207749949
0.5616922972043679
0.5616922972043679
0.4972551348448923
0.5569228940140629
0.5569228940140629
0.5352088308512063
0.5294133003429813
0.5531982085334407
0.5509640368083796
0.5263146151108602
0.5501611808103265
0.5320802759396297
0.5077711578566968
0.5428105266481642
0.535504705900905
0.532329644861789
0.5115339674715524
0.5130237086950298
0.5400363196672511
0.5180916285329128
0.500454806058737
0.5384748734340495
0.5378236891637762
0.528424316306906
0.5071379786277301
0.5332208111358155
0.5003548181047516
0.537705508824206
0.5013537815938017
0.5296296456017444
0.5119256920694693
0.5309222372016408
0.5351640022957717
0.5216801929507892
0.5133149590456458
0.5338224525539992
0.5330560866835272
0.5397009521150592
0.5348417513372733
0.5045065486986694
0.5304804950541855
0.5195572408529716
0.5054425658836639
0.5121744323425129
0.5103353186370164
0.5254123213081741
0.5077915786845338
0.5050172710918521
0.5197631060894472
0.5043175628093621
0.525126932332024
0.5275342128647029
0.50639202617699
0.5305029065189124
0.5466884963442136
0.5020488494157354
0.5258657740858522
0.5414433963205088
0.5414433963205088
0.537875482590243
0.537875482590243
0.537875482590243
0.5351994239376231
0.5351994239376231
0.5351994239376231
0.5351994239376231
0.5351994239376231
0.5000628744757563
0.5330641220637934
0.5330641220637934
0.5330641220637934
0.5278746248018689
0.5312867456235859
0.5312867456235859
0.5038264043322145
0.5275077261654396
0.5211306493539599
0.5254835954760767
0.5272281594217494
0.5271652915267285
0.5234033267474583
0.5040089038076967
0.5224825330516636
0.5089559096462433
0.5001804314193036
0.498223979209399
0.517633137765088
0.5001109431860757
0.5162952313798982
0.5148118283915962
0.5113189839008977
0.5035826211789919
0.5029619741517483
0.49373222372490966
0.5026253841411013
0.5023604547608416
0.5004253345561951
0.4915575314484678
0.4835855046384148
0.4835855046384148
0.4835855046384148
0.4835855046384148
0.4835855046384148
0.4835855046384148
0.4835855046384148
0.4835855046384148
0.4835855046384148
0.4835855046384148
0.4835855046384148
0.4835855046384148
0.4835855046384148
0.4835855046384148
0.4835855046384148
0.4835855046384148
0.4835855046384148
0.4835855046384148
0.4835855046384148
0.4835855046384148
0.4835855046384148
0.4835855046384148
0.4835855046384148
0.4835855046384148
0.4835855046384148
0.4835855046384148
0.4835855046384148
0.5987703238614627
0.5514273954050745
0.54677585561973
0.5424612378322253
0.5696038039358337
0.5515380419833441
0.5732474632103376
0.5533108462269938
0.544152669459442
0.5536377401735905
0.5709721998267802
0.5465673158157729
0.5651390132667241
0.5357168224864233
0.5329501694932874
0.5477171076643781
0.5487303711011212
0.5470439070047836
0.5342976837247546
0.5140299364365749
0.5482296408824997
0.5386530208411396
0.5451610180691236
0.5456290137541014
0.5497754316193395
0.541816049709493
0.5405115249193562
0.5348295911757738
0.5410720212656023
0.5398347087258262
0.5195421803093524
0.540577334870499
0.5423814392360177
0.5413415801582507
0.5495355740052915
0.5404580991909633
0.5345284934663226
0.5369265814243283
0.5411778237101209
0.5390847820279516
0.5377771868734087
0.5345547465352334
0.5365180714857086
0.5331630389875344
0.5710253431919825
0.5710253431919825
0.5170492676336588
0.563381805353931
0.5468647280638911
0.539412496724518
0.5326857452236543
0.5554637933136563
0.5359457825364031
0.5508261861994578
0.514701214129228
0.5232966102823572
0.5466285993610307
0.5466285993610307
0.5330721485415715
0.5309257978352937
0.5362559358031846
0.5329376702583997
0.5365979311898625
0.544095034091755
0.5295000630882574
0.5245231552457227
0.5315559328047945
0.5092540214179438
0.5318642584624899
0.5105513498776623
0.5096370753114398
0.5106753374133801
0.5054714760645781
0.505716332471879
0.5084830986807473
0.5011202723367407
0.5350668023338699
0.5057631110063758
0.5074462026244663
0.5376958718918076
0.5069091010622606
0.5270405024785221
0.506685108911669
0.5046279891487145
0.5043312810550201
0.5044415495223639
0.5042767188314863
0.503908835503807
0.5036787403506819
0.503597889990434
0.49432854045312935
0.5026006129511559
0.4973730918117902
0.5019659949957768
0.5012545976533768
0.501309138825793
0.500863482638217
0.5005609709181593
0.49406958647135835
0.5068981982629921
0.49661977914884803
0.49868080544239524
0.49873770999772293
0.4902622322274473
0.4872597218112165
0.4835855046384148
0.4835855046384148
0.4835855046384148
0.4835855046384148
0.4835855046384148
0.4835855046384148
0.5657246519879849
0.5774948210131553
0.5719710378118674
0.5900748904220405
0.5512562785835623
0.5596321800296343
0.5996195817697371
0.5545385217786094
0.5426269781804551
0.5432336426522749
0.5498747351807065
0.5543059397978876
0.5509549954373448
0.5436640077135156
0.5285469555737482
0.5362658111467893
0.5275889830852757
0.5229126474693523
0.535884764433115
0.5321572640821997
0.5253283286955084
0.5120252546514731
0.5581321985314642
0.5581321985314642
0.5219619423109533
0.5295795496115475
0.5319011496993777
0.5180969087978792
0.535178551897063
0.5224274460164993
0.5150810614996054
0.5263753619659053
0.5134032181206026
0.5240317000025718
0.5254245608807494
0.5449341802851739
0.519655279330734
0.5137739478065712
0.5183946550053957
0.5004669908398051
0.5207384434988863
0.515023040287421
0.5019102811074556
0.505224552763163
0.5095318612561628
0.49523772677597894
0.5028829739279023
0.4974680309786753
0.5016581369124028
0.500179088067176
0.503845329684204
0.49870220399046467
0.4884775767037405
0.48563045666854404
0.48433006297301207
0.4827080077243361
0.5701643103861143
0.5706885056709181
0.5571878877228903
0.6093570533110217
0.6028443026945727
0.5368108286462503
0.5542703851615929
0.5454429014138691
0.5675385096457879
0.5526579047250082
0.5558461587263082
0.566615868641868
0.5577387058357055
0.5427453728960299
0.5443167627405555
0.5930158673378495
0.5930158673378495
0.553365763992899
0.5344818754655144
0.5419227230456922
0.5326543566889489
0.5575562355937667
0.5232694263688319
0.5295843458459903
0.5328457312862863
0.5274407882243592
0.5617803606775467
0.5527156988670731
0.54129885069022
0.5135829452089868
0.519793358229141
0.5216305361634442
0.5526011693093936
0.5563532264102147
0.5310060499232622
0.5440358557180116
0.5803723910502866
0.5803723910502866
0.5263517190442764
0.5485316162103863
0.526858277110531
0.5356950404827898
0.5220329730809405
0.5334219683194756
0.5381669126971879
0.5281654942881236
0.5646465664969386
0.5262432104395851
0.546230319217391
0.537251842239651
0.5357550851568124
0.5601610065517515
0.5178016009988049
0.5221208803382369
0.5494471781334215
0.5533538585093017
0.5314800934010253
0.5171474448713861
0.5341836935879982
0.5099954463437392
0.5366443072315347
0.5785074656271991
0.5785074656271991
0.5365953477702436
0.5443060509774321
0.5331263357144785
0.5216517443162064
0.530711952555611
0.5200859675856023
0.546038369884308
0.5158024914105916
0.5383362284512443
0.530454062535278
0.5312740014407135
0.5170305833835254
0.5321713633723619
0.5352361307439544
0.5193852168130529
0.5034864324869286
0.5156719339567816
0.5224215950396314
0.5235404728099552
0.5359906625946292
0.5333839784785519
0.5209511549072199
0.5238974480426923
0.5319686554462957
0.5340865598410914
0.516490773677343
0.5243254455426611
0.5166669415011022
0.5167460798156461
0.5015745164766556
0.5333585218270078
0.5249154568653401
0.5299727413457078
0.5201457921022938
0.5203375109289149
0.5246204078243439
0.5313867870126328
0.5379101191267092
0.5000691740310064
0.5275291784953151
0.5141379467389897
0.5195268562136256
0.5234585317788772
0.5206197542094628
0.5272605593025812
0.5253228236798347
0.5275009672785608
0.5221736479332005
0.5178776644790084
0.5276953138912139
0.5123814481596362
0.5167889872693758
0.5001906080165817
0.5605957337638774
0.5186395505109007
0.5271565989006971
0.5139681044322674
0.524926901179555
0.5203146945711935
0.5115037900083915
0.5182871342493016
0.5134594012673758
0.5195363361842027
0.5167895230521974
0.5161742189405438
0.5249498762575558
0.5126266716346014
0.5098537385746041
0.5169651418478579
0.5375590088653942
0.5375590088653942
0.5339559214980846
0.5285952430272682
0.5119897426841952
0.5020051182758729
0.5259864845089623
0.4945990227943318
0.4932042405537042
0.5058639376937902
0.49908969244409257
0.4940118418598573
0.5106556153335622
0.5244269030170953
0.4975551623394803
0.4975306860603804
0.5065562800295753
0.5183762396398751
0.5157243447857554
0.5069194103153394
0.4865613012585258
0.5327437840793872
0.5487729338955254
0.5330647243136568
0.5263428403615403
0.5331541365907755
0.5233882729375854
0.5773784805524604
0.5240792156577411
0.5599255336806567
0.517320769677968
0.5103985293767387
0.5427628166055776
0.5133401914210837
0.561769107407809
0.516931491536462
0.5607554342400759
0.5159841004282602
0.5109187666306598
0.5597947245730774
0.5148840000814963
0.5142977830370102
0.5638502884732459
0.5751233594938087
0.5144473579424186
0.51218419689618
0.563449056529334
0.5528154877979097
0.5073675346437936
0.5095126772942034
0.5225964314476252
0.550206774008449
0.5091734344450862
0.5072111343549889
0.5105621843006214
0.5090791167054799
0.5058651299879869
0.547953100162658
0.5010816115533409
0.5257141795611782
0.5015251888854304
0.5044795512016634
0.5230535979679324
0.4966840119032499
0.49869644638783417
0.4954343973862021
0.4904770206529817
0.4835855046384148
0.4835855046384148
0.4835855046384148
0.4835855046384148
0.4835855046384148
0.4835855046384148
0.4835855046384148
0.4835855046384148
0.5575240663723322
0.5878735920013427
0.5785843821836197
0.5592303007281383
0.5767470607503495
0.5679601787797321
0.5788348057463067
0.5678830318115711
0.5724118842508906
0.5693304112509894
0.5609478708865638
0.6057527321410558
0.5886571562772326
0.5886571562772326
0.5835476413753753
0.5835476413753753
0.5561505665078825
0.5575270479907587
0.5402065165308395
0.5130122193300015
0.5131560507701309
0.5456400095439151
0.5064458274336249
0.4913263852992976
0.5138711793237827
0.5133868703674218
0.5352624266107247
0.5343648400161662
0.5064483705719679
0.5092846286463999
0.5099064500438125
0.5094004502752819
0.5061792494899114
0.501380868778137
0.5012050868937004
0.5072872513269926
0.49106312652745154
0.5086683747855033
0.4888885975142486
0.4835855046384148
0.4835855046384148
0.4835855046384148
0.5796255350068618
0.5944414192348307
0.5307702395411014
0.5509490134794666
0.5664668863623871
0.5373752240196209
0.5415215792526633
0.5566832202033735
0.526945495678992
0.5632537484520844
0.5521729627740833
0.5544855770899226
0.568295552456212
0.5447823053625894
0.5558661269648971
0.5461422732235831
0.5612197816606158
0.5403115807260208
0.5580200970803877
0.5497799994324428
0.558077409453421
0.553989856322794
0.5582270530471969
0.5722760834928801
0.5239595618767526
0.5470235136099685
0.5605769802634076
0.5477871455740638
0.5400350230354267
0.553998601981896
0.5536334829284865
0.5497607224941594
0.553990655479864
0.5638175779313004
0.5458928309574159
0.554412532048943
0.5493736811811759
0.5247807340281659
0.5705353170690732
0.5490844173484181
0.5283900090738326
0.5315286732760434
0.5489988570362971
0.5678691393563635
0.5365562362247823
0.5357297305490086
0.5091467892416236
0.5582283245412277
0.5495671314578036
0.5505024461032093
0.5235740932908751
0.5473078842394684
0.5336278299792985
0.5471443371583524
0.5396444317650226
0.5506127330867792
0.5462220790141706
0.5579924059377617
0.5310973897286334
0.5492413295720499
0.5096931544034666
0.5166947601784497
0.5167443574661865
0.5446616735197829
0.5469199311438023
0.5436451098041589
0.5324886633035206
0.5543236884604852
0.5625479148441304
0.5444895806324018
0.5425605040190536
0.518789143358019
0.5237926446002251
0.5584022980670362
0.5576230548635793
0.5517555137923874
0.5301194119725772
0.5406128716910448
0.5395248738974653
0.5437831067679121
0.5384644078941457
0.5170465004953133
0.5480766170820711
0.5443995191731918
0.5300038251557798
0.5453482889948826
0.5428570292507128
0.5529842610097102
0.5377111192353929
0.5608935769868155
0.5055823145060865
0.5455041371147243
0.5441025757987353
0.5056266244751885
0.5405847811194432
0.5456740278650782
0.5096551185342537
0.5466072595447788
0.5495405892988536
0.5048974912931132
0.5494013649926976
0.5418588105864992
0.5406815480454977
0.5019385037047759
0.538795926683954
0.5455253561202633
0.5150218671906043
0.5389656867207522
0.5014980887028575
0.5102535935551465
0.5413356865445569
0.5379244247752952
0.5346743621553743
0.519119636394195
0.5399630513573649
0.5021873805780865
0.5568629642189369
0.5296493221810794
0.5117197729808335
0.5290603679905403
0.5114316129813656
0.5195003329336276
0.5232639787563493
0.511269601662438
0.5163472617618604
0.5225417492769888
0.5080801923281929
0.4954563056701942
0.505085001054364
0.5096648121835569
0.4925444874347081
0.5062753508496286
0.5048797236314122
0.5079754276566354
0.5066831957976763
0.4980959128679139
0.49850865315127835
0.4835855046384148
0.4835855046384148
0.4835855046384148
0.5656374452386839
0.5476467103858089
0.6105734926739755
0.5435262646859635
0.5329850036264622
0.5484228009264339
0.529908026539175
0.530268067725959
0.5221518673839433
0.5118485311610297
0.535385766791549
0.528254233394099
0.5304828848998767
0.5300480199194246
0.5260354233017686
0.5239379690691818
0.523417814513678
0.5208198358744658
0.5096119036395329
0.5282689844317167
0.5295745625538612
0.5316950490008878
0.5226282493797989
0.5202786959038757
0.5207890014000298
0.49794097309177077
0.522626088664777
0.5231538426502389
0.521583495815206
0.5212871941195291
0.49926278921126604
0.5007190026682335
0.4953348371802125
0.4958492333295322
0.4852843062619321
0.5599855247135735
0.5589564795938732
0.5608955337882161
0.5094367746391829
0.5945598041024326
0.5663563821821552
0.564826219854924
0.5163551370100529
0.5423307438775281
0.5207258259215152
0.5063141023581902
0.5211616081851127
0.5009169060988765
0.5042811475634887
0.5064355284636379
0.5099500466327884
0.5085493205140392
0.5060450784991612
0.5087296949699465
0.545268413382068
0.5045858720867846
0.5281832308836377
0.5057210083253081
0.5046669212014719
0.5177642746766646
0.5232680807680555
0.49768973619690204
0.5045901388040963
0.5224003281625414
0.5015185092329625
0.5071597023579101
0.5095147153652695
0.49294189139691724
0.5005659580100345
0.5352886720402448
0.5352886720402448
0.5130962960798802
0.5261116528258022
0.5261116528258022
0.5261116528258022
0.5230925193674726
0.5230925193674726
0.5230925193674726
0.5206372380105733
0.5185761077620575
0.4950114914232479
0.5088378988635691
0.506722010427733
0.4905713447254888
0.496360251794199
0.5011618883705252
0.4944751279164904
0.4933408071504038
0.4950517851563803
0.4990502563023555
0.4925617145520708
0.49152761404051326
0.49116565036189996
0.49035889535249677
0.5132622250191068
0.4901727720183193
0.4904407089149517
0.4927669520881791
0.4935081815837783
0.49021628274129153
0.489591073870419
0.48905555583950194
0.48906124655261013
0.48907310715190816
0.49093748597420755
0.48858199358153576
0.4880938321758517
0.4879631425271823
0.4865809800108304
0.4835855046384148
0.4835855046384148
0.4835855046384148
0.4835855046384148
0.4835855046384148
0.4835855046384148
0.4835855046384148
0.4835855046384148
0.4835855046384148
0.4835855046384148
0.4835855046384148
0.4835855046384148
0.4835855046384148
0.4835855046384148
0.4835855046384148
0.4835855046384148
0.4835855046384148
0.4835855046384148
0.4835855046384148
0.4835855046384148
0.4835855046384148
0.4835855046384148
0.536810117906493
0.5152908110633706
0.6046433383024451
0.5872221044272824
0.5738359558559694
0.5217912137215821
0.5223060710998744
0.5173993205648093
0.5193201440859486
0.4996662444839304
0.49923359169126025
0.4961502537576674
0.49060663943808935
0.4855484194638758
0.48561765961468156
0.4854613981047972
0.48519093921871337
0.4848292581044052
0.4835855046384148
0.4835855046384148
0.4835855046384148
0.4835855046384148
0.4835855046384148
0.4835855046384148
0.4835855046384148
0.4835855046384148
0.4835855046384148
0.4835855046384148
0.4835855046384148
0.4835855046384148
0.4835855046384148
0.4835855046384148
0.4835855046384148
0.4835855046384148
0.4835855046384148
0.4835855046384148
0.4835855046384148
0.4835855046384148
0.4835855046384148
0.4835855046384148
0.4835855046384148
0.4835855046384148
0.4835855046384148
0.4835855046384148
0.4835855046384148
0.4835855046384148
0.4835855046384148
0.4835855046384148
0.4835855046384148
0.4835855046384148
0.4835855046384148
0.4835855046384148
0.4835855046384148
0.4835855046384148
0.4835855046384148
0.4835855046384148
0.4835855046384148
0.4835855046384148
0.4835855046384148
0.4835855046384148
0.4835855046384148
0.4835855046384148
0.4835855046384148
0.4835855046384148
0.4835855046384148
0.4835855046384148
0.4835855046384148
0.4835855046384148
0.4835855046384148
0.4835855046384148
0.4835855046384148
0.4835855046384148
0.4835855046384148
0.4835855046384148
0.4835855046384148
0.4835855046384148
0.4835855046384148
0.4835855046384148
0.4835855046384148
0.4835855046384148
0.4835855046384148
0.4835855046384148
0.4835855046384148
0.4835855046384148
0.5696383557732829
0.572861839116571
0.5548929138365758
0.5654899016054397
0.52336082798385
0.5682132048249978
0.6074090297165418
0.5682226776114685
0.516214539693718
0.5536525286317258
0.5410274378618112
0.5154785414864689
0.5143012522082345
0.5613807769495054
0.5154160931924086
0.5337169941382335
0.5394600113889919
0.5284801932344338
0.5331432951601857
0.5399069391741871
0.5523551263014483
0.5127753851508795
0.5123960262661773
0.5114972325741717
0.5070352192136093
0.5649888652657926
0.5602293880461418
0.5097143995327347
0.5566768470015198
0.5566768470015198
0.5566768470015198
0.5090851047518976
0.5538589990589308
0.551528989788973
0.5310027509676002
0.547813090664553
0.507325143136415
0.509822082821325
0.5091924607087309
0.5077326782572572
0.5067993941453637
0.5083181129607008
0.5080648473719854
0.5529432126566306
0.5063656227462782
0.5087955337997604
0.5061757091990778
0.5495350344686758
0.5060310940339089
0.5335823944503341
0.5069146543894851
0.5057729953771922
0.503832649165923
0.5035588572309585
0.5042168352950072
0.5029388326389386
0.5025108315479465
0.5011489135000504
0.4835855046384148
0.4835855046384148
0.4835855046384148
0.4835855046384148
0.4835855046384148
0.4835855046384148
0.4835855046384148
0.4835855046384148
0.4835855046384148
0.4835855046384148
0.4835855046384148
0.4835855046384148
0.4835855046384148
0.4835855046384148
0.4835855046384148
0.4835855046384148
0.4835855046384148
0.4835855046384148
0.4835855046384148
0.4835855046384148
0.4835855046384148
0.4835855046384148
0.4835855046384148
0.5910963268778825
0.571334867166633
0.5836996783222056
0.5920397231830085
0.5582269208138002
0.5781520620583883
0.5781520620583883
0.5738964373615598
0.5738964373615598
0.5738964373615598
0.5738964373615598
0.5738964373615598
0.556378199808053
0.5704948774314529
0.5704948774314529
0.5704948774314529
0.5559243741530978
0.554569471606548
0.5116062421704298
0.5676627327427157
0.5676627327427157
0.5652342837605542
0.5652342837605542
0.5631054931391702
0.5562419447058168
0.5533714603870296
0.5138176562418267
0.5201515890928721
0.5579243595828415
0.5570420759967557
0.5579243595828415
0.5546402348841495
0.5509599788196139
0.506969739249531
0.5493264815617378
0.5624314065323954
0.5583777362852279
0.5522280672655117
0.5105499812066546
0.5094609264819835
0.50865912379374
0.5140491657428593
0.5137574707254202
0.5135426487409084
0.5082513585014088
0.5082068630264523
0.5478248988921486
0.5131437095008285
0.5333831508229107
0.5074580210038863
0.5118438560174086
0.5547145985138753
0.5116422681659661
0.5066519566764534
0.507593201182408
0.5112810454989964
0.506240017471072
0.5100269898309912
0.5101127354695745
0.5097387507579266
0.509662289479625
0.5092837601836319
0.5051122312672706
0.5057269563856054
0.5090772248472905
0.5082753702918723
0.5073717087948668
0.507282466455693
0.5071497744312409
0.4930834906635484
0.5068786199810953
0.506283775453384
0.5057431883468909
0.5058057605551176
0.505858744091604
0.5056718194849648
0.5055193534433454
0.5049384739420211
0.5049421866524579
0.49247583580757703
0.5385981272590911
0.5046313941033561
0.5047390409745907
0.517663233662657
0.517663233662657
0.49081212783950834
0.5107830259147448
0.5107830259147448
0.4905131149643223
0.5039347972703646
0.4879712959442042
0.48778447591679447
0.49625834073560265
0.49374790807400964
0.5034492532992039
0.4951233376978637
0.4935118289729838
0.4880270875413611
0.50205584870962
0.5019437193818322
0.4951681669983327
0.49510115866270826
0.4858003859338528
0.4885771870723776
0.4835855046384148
0.4835855046384148
0.4835855046384148
0.4835855046384148
0.4835855046384148
0.4835855046384148
0.4835855046384148
0.4835855046384148
0.4835855046384148
0.4835855046384148
0.4835855046384148
0.4835855046384148
0.4835855046384148
0.4835855046384148
0.4835855046384148
0.4835855046384148
0.4835855046384148
0.4835855046384148
0.4835855046384148
0.4835855046384148
0.4835855046384148
0.4835855046384148
0.4835855046384148
0.4835855046384148
0.4835855046384148
0.4835855046384148
0.4835855046384148
0.4835855046384148
0.4835855046384148
0.5779394153626677
0.578669022033285
0.5697829727480451
0.5729052792247316
0.5755361400939537
0.5795767861366673
0.5626514395116463
0.5792567430755247
0.5760642478571205
0.5780397982633033
0.5119548371385177
0.6048895774809655
0.6048895774809655
0.6048895774809655
0.5768842365469298
0.5729319567573048
0.5968362408408457
0.5968362408408457
0.5752775789710901
0.5909354713053394
0.5909354713053394
0.5909354713053394
0.5863330478785855
0.5863330478785855
0.5825843244221559
0.5237762332435247
0.5794327751183992
0.5396528642491941
0.5662004176285486
0.516171048722963
0.5235056161138658
0.5253799573477251
0.5760564718465948
0.5676876367336099
0.5649035540138535
0.5552215494986897
0.5473173078949188
0.5691101264597278
0.5152131378300016
0.5181546267291091
0.511062805043602
0.5149201872814342
0.5535122414972677
0.5590456988972358
0.5172798352366473
0.5645216444447702
0.5628243401242347
0.5209520539028601
0.5524476338366575
0.5192295187037255
0.5150506825257765
0.5147283948602726
0.513225863545835
0.5506012405868719
0.5148952990493075
0.5172568971602391
0.5132838512833767
0.5137948562626136
0.5115577054538814
0.5144324796149956
0.5141047045568523
0.5138379698189411
0.5091725030329901
0.5137247561565635
0.5135925385739031
0.524279339816978
0.5062341759183656
0.5098074389460254
0.5097389733294918
0.5121720097948019
0.5123195630975417
0.5094636254594926
0.5115334358211626
0.508931478665819
0.5106863314785042
0.5097195897208369
0.5094619175284479
0.4911422444837613
0.5072839084219648
0.4950838732150626
0.4911972892732189
0.49092180904891863
0.4930025065303167
0.4919006246354503
0.49071691212742935
0.4921755523443993
0.4905401606494936
0.4894415763468261
0.48967338898175666
0.4895603401177056
0.49010679179869154
0.4883713153515693
0.4941191978959467
0.5002151777298713
0.48679471138557
0.4863967064622676
0.4862629630727743
0.48342306197841334
0.4835855046384148
0.4835855046384148
0.4835855046384148
0.4835855046384148
0.4835855046384148
0.4835855046384148
0.4835855046384148
0.4835855046384148
0.4835855046384148
0.4835855046384148
0.4835855046384148
0.4835855046384148
0.4835855046384148
0.4835855046384148
0.4835855046384148
0.4835855046384148
0.4835855046384148
0.4835855046384148
0.4835855046384148
0.4835855046384148
0.4835855046384148
0.4835855046384148
0.4835855046384148
0.4835855046384148
0.4835855046384148
0.4835855046384148
0.4835855046384148
0.4835855046384148
0.4835855046384148
0.4835855046384148
0.4835855046384148
0.4835855046384148
0.4835855046384148
0.4835855046384148
0.4835855046384148
0.4835855046384148
0.5516133718176957
0.5576832866156974
0.5945143623840559
0.5887623647014402
0.5840721623150016
0.5579118375701604
0.5637693131867477
0.5540219575345381
0.5653440925027223
0.5416246551233325
0.5440157418207974
0.551974968086344
0.5435650505740192
0.5672185007425314
0.5613049209738322
0.5642189085422298
0.533315655211003
0.5585834675755303
0.5394436460312174
0.5580280648905251
0.5511310988532134
0.5506898366006884
0.604583843438829
0.5533625799806622
0.5703191730195419
0.5929671258898837
0.5929671258898837
0.5929671258898837
0.5929671258898837
0.5328275910654826
0.5850435332576339
0.5850435332576339
0.5850435332576339
0.5850435332576339
0.5850435332576339
0.5850435332576339
0.5850435332576339
0.5850435332576339
0.5850435332576339
0.5850435332576339
0.5850435332576339
0.5791362359110629
0.5791362359110629
0.5791362359110629
0.5791362359110629
0.5791362359110629
0.5791362359110629
0.5791362359110629
0.5401444685376565
0.5744734188696276
0.5744734188696276
0.5744734188696276
0.5744734188696276
0.5744734188696276
0.5744734188696276
0.5334949657303345
0.5706446550792432
0.5706446550792432
0.5706446550792432
0.5706446550792432
0.5706446550792432
0.5706446550792432
0.5674086982532398
0.5674086982532398
0.5674086982532398
0.5674086982532398
0.5509831298379015
0.5408067136018804
0.564613048392099
0.5641872960346432
0.5438892293651869
0.5531360115538125
0.5621559106415384
0.564280262869651
0.530235738062118
0.5588673401129254
0.5599663043708976
0.5599663043708976
0.5499314917575322
0.5543582714775293
0.5152610155254344
0.5561973592760328
0.5545506900259969
0.5547202816349545
0.5461773092433079
0.5553960755200827
0.5513086823678068
0.5621806533106314
0.5500089575952309
0.5534501140406441
0.5459767513928572
0.5596236376678362
0.5428033233756718
0.5511778689142167
0.5279768807270727
0.5434081902890132
0.5424152435756009
0.5532215784531074
0.5388736377003466
0.5480504291316243
0.5160694709733936
0.5391223920907272
0.5386863954148167
0.5354039546051542
0.5435473470826722
0.544029510553429
0.5356762200606626
0.5426020962078548
0.5140371688197797
0.5454190540494545
0.5441059453167499
0.5484481634187937
0.523096733266087
0.5442887098551074
0.511211479893518
0.5167591565713755
0.5391898017637663
0.5754552454209068
0.5754552454209068
0.5754552454209068
0.576781017938033
0.576781017938033
0.5672905802043328
0.505299227509948
0.5686126866260801
0.5377422173252672
0.5616702552825671
0.5629882047916752
0.5629882047916752
0.5629882047916752
0.5574369545819409
0.5563477064435606
0.5462997156379807
0.5587510725293625
0.5587510725293625
0.5425117220482344
0.554060674728059
0.5403647118558449
0.5512599483160041
0.5390717019523987
0.5525677421972802
0.5158188591457511
0.5461823002074331
0.5409076381718272
0.5366176258386872
0.5179305370301663
0.5317547868423509
0.5079836883071455
0.5066561803799097
0.5440844636420465
0.5150666529624724
0.5460755297099991
0.5147347994479105
0.5045753437716208
0.5280751656028473
0.5018295053946412
0.5063894214433634
0.5539574377820746
0.5271709783398809
0.5061732653910516
0.503135952853611
0.5141728065207175
0.5155779464792075
0.5083908892187711
0.5094041596298717
0.5277307223089972
0.5057609372104502
0.503228353678645
0.5084610839131426
0.4986902649895442
0.5203524379578337
0.5097650707630272
0.5008944134171793
0.49976213978087936
0.5088347510533917
0.5530210698743425
0.5386606676600091
0.5018941378145038
0.5356695600046807
0.4991444102469484
0.49957178226361815
0.5354159524549514
0.49622601553207724
0.5303568740053959
0.5160718532661952
0.5293949744511885
0.5300795553781151
0.5002650685196324
0.4978728931241283
0.519032189621971
0.5032445995535939
0.5069162521941
0.49361725026998654
0.5009520150250099
0.5088255107692585
0.49176068098393644
0.5038680898005358
0.4917222409544724
0.5185478187039728
0.5158490204562344
0.5128784777700722
0.49624576668757725
0.4953861996873393
0.5096057393521727
0.4908956790352122
0.4909193234936372
0.5019950240354136
0.4835855046384148
0.4835855046384148
0.4835855046384148
0.4835855046384148
0.4835855046384148
0.4835855046384148
0.4835855046384148
0.4835855046384148
0.6003143549833928
0.5920097413397013
0.5866062809366492
0.5856967194327143
0.5383659557011738
0.5222379512037798
0.5171332486426525
0.5732632024675943
0.5320769076412314
0.5219049025271236
0.5661823465001844
0.5302552813888044
0.5195448754136236
0.5334514120047232
0.5411253957515929
0.5649428643066041
0.5165345072785449
0.5575627278428267
0.5575627278428267
0.5423890222272528
0.5480882040505093
0.5111096003789009
0.5359148872824032
0.5447532834526995
0.5117841672666803
0.5286865614423781
0.5395870564047405
0.5199954065521138
0.5674866509230796
0.5375075724966096
0.5150291269129091
0.5251770091672212
0.5262225806358166
0.5177586033638422
0.5239331577054946
0.5206876843135791
0.5139357633243541
0.5104129619240926
0.5122721808181941
0.5243926319899361
0.5269345434529071
0.5164759850980403
0.5088992085171027
0.526287098618687
0.517385879058328
0.5109163698913608
0.501401030182027
0.5239492029830956
0.5139890145962918
0.5186216994087519
0.5379345653090402
0.5379345653090402
0.5379345653090402
0.5379345653090402
0.5379345653090402
0.5338104078983857
0.4997990671444616
0.5096066876461016
0.5026110800696167
0.49738505384947435
0.5101353040065616
0.5232714639729806
0.5232714639729806
0.5088613772202538
0.5169691724315529
0.4998938128471614
0.5108604481731336
0.497948498408424
0.5140903699150579
0.5267037682382193
0.5001096960662902
0.5051715325861084
0.5080991477076088
0.5188391590251873
0.5101241369261628
0.49967480681526705
0.4995433559353519
0.4932751599177022
0.5025629713462675
0.49272109464837205
0.4835855046384148
0.4835855046384148
0.4835855046384148
0.4835855046384148
0.4835855046384148
0.4835855046384148
0.4835855046384148
0.4835855046384148
0.4835855046384148
0.4835855046384148
0.4835855046384148
0.4835855046384148
0.4835855046384148
0.4835855046384148
0.4835855046384148
0.4835855046384148
0.4835855046384148
0.4835855046384148
0.4835855046384148
0.4835855046384148
0.4835855046384148
0.4835855046384148
0.4835855046384148
0.4835855046384148
0.4835855046384148
0.4835855046384148
0.4835855046384148
0.4835855046384148
0.4835855046384148
0.4835855046384148
0.4835855046384148
0.4835855046384148
0.5691948994277075
0.5612056420727418
0.5501114566391189
0.5425806666715268
0.5357193947308755
0.5302744779633588
0.5904177330210902
0.5441182841684322
0.5575037729145154
0.538266783108944
0.58999264018619
0.5375199621709578
0.5286209680097318
0.5329087416710779
0.5239489202847347
0.5205472701357365
0.5396819721452906
0.5346260165175472
0.5312662450575657
0.5319705976564371
0.534094766465617
0.5263035221708673
0.5442926622874921
0.5435074966826556
0.5456729773561364
0.5243330467216306
0.5234872409344313
0.5508158833769592
0.5296932879671697
0.5188217469931784
0.5133659145810034
0.5177166637318823
0.545763376763234
0.5765608330804851
0.5327287934515462
0.5441959126444887
0.5261022914112321
0.5201933421164582
0.5459622694160244
0.5515311648453347
0.4995072596002772
0.5201005832206101
0.5441514255529782
0.5342237566870328
0.5191753894864891
0.5063703245615064
0.5279162129626287
0.521923750071772
0.5249120907295758
0.5352564603469101
0.5340125323951259
0.5287696375639696
0.5254483448455495
0.5242668149562693
0.5451348845957954
0.5201970779514156
0.5284887186508661
0.5555632768482079
0.5277457694753693
0.5259803047097513
0.5291603349815679
0.5300978470424799
0.5363050583309275
0.5029891984171795
0.5321254007001243
0.5277389247279891
0.5204077174787425
0.5380799650284499
0.5440108650240122
0.5086286979530683
0.5208455614782826
0.5243743277594841
0.5296846719609687
0.504461888387114
0.5037318248032842
0.5021139224372437
0.5279589731063559
0.5128888386117458
0.5297734554687169
0.5072284981611302
0.5349125672191422
0.5255336095924938
0.4965032470106374
0.5160984710024382
0.5179845139976113
0.5257436802105544
0.558942365243415
0.558942365243415
0.5144798531855408
0.5531457155806855
0.5531457155806855
0.5531457155806855
0.5531457155806855
0.548824758376498
0.548824758376498
0.5244823904005258
0.5184041882501896
0.5261050487099127
0.520264210609319
0.5287011205681791
0.5007221711652673
0.5425832114293964
0.5240390246088047
0.514651509938808
0.524466076270682
0.5229607174141939
0.5024007290867223
0.5362525176736722
0.5362525176736722
0.5264610149248136
0.5279904852647651
0.5196034689499832
0.5351638068902642
0.5098085487610791
0.5268686943886075
0.5304404308997629
0.5021471466407879
0.5208622019264689
0.5167036532840732
0.5144761677837876
0.4944142663777446
0.5202254728139252
0.5074888765262637
0.5230454494700567
0.5250064194684254
0.4977427050917434
0.5014914436895545
0.530309192654504
0.5184194922476658
0.5199297834024724
0.49835376280106886
0.5267578949702251
0.5339551244164479
0.49653270271918326
0.4981484841685564
0.49787008948151934
0.4934048570973568
0.4952073142109836
0.4933924932856084
0.5143570828166638
0.4914312364921263
0.5146743164861528
0.49605449682560704
0.4955985392389559
0.4953526721385938
0.4954181890145935
0.494335593334313
0.4919104447894376
0.5338885812391174
0.5040937274706799
0.48809255726736134
0.4835855046384148
0.4835855046384148
0.4835855046384148
0.4835855046384148
0.5598421305422856
0.5728306385298535
0.5575401105477221
0.5495657999927478
0.5166888380685688
0.5463346001316306
0.5280655705713238
0.5612635872354875
0.5489564438756706
0.5242049639971987
0.5864561374637037
0.5205615275916277
0.5747925864964517
0.5506655978916516
0.5459734111952497
0.5631757381783782
0.5464995589648988
0.5543419054413571
0.5595739336208985
0.5028902433191058
0.5542614248055189
0.4990903131190164
0.5363583354949303
0.5385446878425331
0.5373236174997987
0.5130637548131649
0.5147828338349013
0.5512293283475249
0.510604522575237
0.5021527207077953
0.514577512386803
0.5413758562158555
0.5413484973129952
0.5404949644473394
0.5173196738581898
0.5290465014642632
0.5144105876152326
0.5121249223161328
0.5138264612394804
0.4971928725429887
0.5132672834964809
0.5074466876217911
0.5097226552528996
0.5298004910024422
0.5117654928091036
0.5116719037312463
0.501861631285663
0.5108556662334677
0.5324629373311555
0.5085326369887523
0.5123257138961219
0.5087700397556625
0.4950543907581187
0.5066540735333479
0.5208749606445136
0.5100485843051163
0.5099209686161416
0.5439138956646258
0.49701882412811155
0.5088169003039787
0.5082834322441725
0.49497631941570497
0.5076789216086995
0.5077878173460988
0.50745868348718
0.5248992245012511
0.5073261679899286
0.5302153206001172
0.5120174546458816
0.5066832471398779
0.5190398946872359
0.4980978159559399
0.506359152139247
0.49331962952008007
0.5052276588279898
0.4932467561524379
0.4950309775924003
0.4949881056878936
0.5040785535022447
0.4935137888629961
0.49371974929141266
0.5038714972736191
0.4934303143634574
0.4916866248132437
0.49255798421026087
0.5042430563194558
0.4921002681800151
0.5026153243914844
0.4917186909943156
0.49051659306743955
0.5019357347326153
0.4897880304799397
0.501806531146369
0.48848756227725976
0.4876622360989506
0.4835855046384148
0.4835855046384148
0.4835855046384148
0.4835855046384148
0.4835855046384148
0.4835855046384148
0.4835855046384148
0.4835855046384148
0.4835855046384148
0.4835855046384148
0.4835855046384148
0.4835855046384148
0.4835855046384148
0.4835855046384148
0.4835855046384148
0.4835855046384148
0.4835855046384148
0.4835855046384148
0.4835855046384148
0.4835855046384148
0.4835855046384148
0.4835855046384148
0.4835855046384148
0.4835855046384148
0.4835855046384148
0.4835855046384148
0.4835855046384148
0.4835855046384148
0.4835855046384148
0.4835855046384148
0.4835855046384148
0.4835855046384148
0.4835855046384148
0.4835855046384148
0.4835855046384148
0.4835855046384148
0.4835855046384148
0.4835855046384148
0.4835855046384148
0.5596063586128628
0.5466376441326752
0.5499617330523565
0.5563197387077299
0.5656226442222391
0.5635791889250081
0.5544995189522979
0.562592594356258
0.5630969466859521
0.5516788304294763
0.5478415892507139
0.5598070616265731
0.5652853755812136
0.5676264307659348
0.5704711416975543
0.5579562516331587
0.5686439455065073
0.5713639016506314
0.550148451850233
0.5731614136653551
0.5777486198977321
0.5613579595719093
0.5539515415901275
0.5591858802668229
0.5542750664611598
0.5589784793482379
0.5465287180609747
0.5446009474767594
0.5590599946957616
0.6067109699280193
0.6067109699280193
0.5580867614446452
0.5650738228628485
0.5153565812144917
0.5872812488504043
0.5872812488504043
0.5813105942311678
0.5813105942311678
0.5813105942311678
0.5813105942311678
0.5505789664176003
0.576547005205997
0.576547005205997
0.576547005205997
0.576547005205997
0.576547005205997
0.576547005205997
0.576547005205997
0.5532691361862163
0.5725941016428999
0.5725941016428999
0.5692190778091306
0.5554011425746778
0.5506970511349597
0.5655498540057045
0.5662750822198233
0.509586025758792
0.5520702031312922
0.549254560241015
0.5591840767593498
0.5519990037291588
0.5584382407742694
0.5568981967126915
0.5459233607165793
0.5472583271047153
0.5567383123720971
0.5095906797062159
0.5509822941147311
0.5529706355542515
0.5507503427264183
0.5546043045175955
0.537164792785804
0.551841902132461
0.50835351193637
0.5482728091820414
0.5560835014672507
0.5504876513206074
0.5498893636504766
0.5511650815951792
0.5432365724256603
0.5448022435910083
0.5414067235700954
0.5166735889390321
0.5423726879577005
0.5546104054051453
0.545839393098017
0.547526312613298
0.5401093688765178
0.5496749722528502
0.547615499619859
0.5493240347360625
0.5057708071302802
0.5511564232770754
0.553199611134728
0.5076965556676973
0.5157694093703047
0.5054686630640244
0.5174149099832354
0.550899156905613
0.5348206115555534
0.5297199139162136
0.5425694856672699
0.5428976508946713
0.5525260301048996
0.504028197849525
0.5416200493042266
0.5002048277432878
0.5051153042300521
0.5436151780612876
0.515584531133494
0.4928399828189441
0.49925953226947944
0.5261013441240638
0.5411621160089286
0.5063689405770033
0.5022130872127554
0.5019784687485277
0.5016539892207547
0.5227890291027235
0.5055755451059332
0.4993981175340415
0.5059979894769957
0.5046037853302053
0.5056695380589953
0.49431512670279776
0.5018314458441074
0.4934311504034975
0.4923360656848366
0.49090599586580935
0.490467768838283
0.4891747062330063
0.4886485833862392
0.4835855046384148
0.4835855046384148
0.5662464904935123
0.5397182976086965
0.5433532026867092
0.534357800752597
0.535656057516896
0.5810558161684153
0.5183132477067558
0.5254801779850015
0.5555590779263456
0.5270532917863311
0.5365194907871549
0.5162749045184152
0.5192989786161974
0.5439531160489528
0.5395156524530352
0.5212638148980494
0.5586724827487898
0.5269755353226706
0.5204048601810249
0.5133712132323875
0.5578530123890841
0.5135079121699069
0.5377963449623502
0.5092729369388173
0.5045452149089074
0.5377845888999458
0.5182893916286366
0.5120693271030189
0.512023483985536
0.5228675162492431
0.5069626351129519
0.5141626780433028
0.5209551232807338
0.5054117679077622
0.5198515677160813
0.5054502323916983
0.5106806586729205
0.5204364960613654
0.5036415699604806
0.5022728872137543
0.5262700998286652
0.5108937586338493
0.5356750072550859
0.5030043577100994
0.5031784863108562
0.5100077850353235
0.5009914960320474
0.504106276657944
0.5006795393960387
0.5191044520964965
0.5158761342373892
0.5032921482793308
0.5033586548402025
0.5005180208912353
0.5275198991772511
0.5024260035636743
0.5293423507574976
0.5117447563608901
0.5032836906448033
0.5119670264612098
0.516468833571971
0.5184143074691832
0.5292456893215495
0.513348320419756
0.5280951060696802
0.5158252486747318
0.5128661064497001
0.5004917063935848
0.5328457591248567
0.5027173586051654
0.4980729565364491
0.5154444750312058
0.5114120109575409
0.5275149434169337
0.5111286043068028
0.5062190936669261
0.5421869590791825
0.499216722492874
0.5181577305638408
0.537207924732684
0.4971790753111832
0.4972692260762432
0.4981118918748638
0.5116152338196744
0.4977735427042516
0.4971103937061819
0.49775484244633184
0.4969462691987456
0.4969462691987456
0.5114046313260349
0.5070712193862973
0.49998988930747623
0.5117492164553382
0.4965986910691556
0.5086982029576022
0.4947973259522867
0.5074287621565052
0.4976345987369677
0.495097890803202
0.49483830838763354
0.5017714562555791
0.494626076084545
0.4992615152346114
0.4934357017037743
0.5049691543015903
0.49430684294534033
0.5039977320802335
0.4969211058332719
0.4931909729468769
0.4923257645079333
0.49508214680211177
0.4914604367004247
0.49128010446876913
0.4936510557473733
0.4912488148811149
0.4911453133674506
0.49149956400270756
0.490498525765434
0.4902346638604617
0.4916319531960653
0.4893002970535566
0.49136428912158603
0.4835855046384148
0.4835855046384148
0.4835855046384148
0.4835855046384148
0.4835855046384148
0.4835855046384148
0.4835855046384148
0.4835855046384148
0.4835855046384148
0.4835855046384148
0.4835855046384148
0.4835855046384148
0.4835855046384148
0.4835855046384148
0.4835855046384148
0.4835855046384148
0.4835855046384148
0.4835855046384148
0.4835855046384148
0.4835855046384148
0.4835855046384148
0.4835855046384148
0.4835855046384148
0.4835855046384148
0.4835855046384148
0.4835855046384148
0.4835855046384148
0.4835855046384148
0.4835855046384148
0.4835855046384148
0.4835855046384148
0.4835855046384148
0.4835855046384148
0.4835855046384148
0.4835855046384148
0.4835855046384148
0.4835855046384148
0.4835855046384148
0.4835855046384148
0.4835855046384148
0.4835855046384148
0.4835855046384148
0.4835855046384148
0.4835855046384148
0.4835855046384148
0.4835855046384148
0.4835855046384148
0.4835855046384148
0.4835855046384148
0.4835855046384148
0.4835855046384148
0.4835855046384148
0.4835855046384148
