0.12223339648606876
0.0945429327028493
0.07044290771397452
0.06999633139309784
0.05135601702922334
0.07279615923917541
0.03525172884498413
0.05623290651943535
0.04562843681157877
0.08076431669605275
0.06842786287578444
0.06800732760922984
0.07080259983427822
0.04815504430560395
0.088336687090341
0.06103524132166058
0.053184313809809584
0.046237840908579526
0.049500292646698654
0.07760787117760629
0.12866878206220767
0.08081804320060959
0.05475058565614745
0.038365278881586466
0.06588715103610109
0.0627230149662743
0.050234707014945645
0.048329680157670134
0.04893899134593085
0.053810548599188525
0.07094724056388561
0.06657153066247702
0.06891376179022093
0.059751818284081916
0.0378628474198437
0.07368623290599013
0.05046474425587803
0.08776108405164754
0.07703746135657032
0.04704159453821679
0.04161243506707251
0.04303086915014622
0.0468076322794271
0.059760854428168385
0.045028482358902694
0.04590384634987762
0.030318671360146255
0.07291387356429671
0.06197036907464887
0.037193852129081884
0.08342212387671073
0.04531063755974173
0.03416613790943908
0.03506632826135804
0.05886943341155226
0.039904411904669056
0.04056185190371859
0.048762974380515516
0.04187523102853447
0.05274318322384109
0.04072153635555878
0.04566659876067812
0.05399106328220417
0.04160460759225922
0.04058681333204731
0.04068108543753624
0.05068288232820729
0.038094893949261556
0.04533050185690324
0.04054048060943993
0.04544404704356566
0.04380586110521108
0.03808681693393737
0.050841426202872145
0.03754762904640908
0.030517154704624166
0.034805458075910185
0.04253632343917464
0.053264627661556006
0.03848090773370738
0.03998138972014809
0.04785049868825202
0.041670156293936694
0.0350831534480676
0.05648328068278109
0.043556015784076106
0.03748739454972868
0.03859429210812474
0.04414560775039718
0.03401329388531546
0.04097751931287348
0.03517696621827781
0.0445441079865365
0.055936770860571416
0.0376388258424898
0.06613226941631486
0.04015054846027245
0.03572358536999673
0.03844695755358164
0.03443353161138172
0.036171902319571625
0.034305029016298554
0.03071162193547934
0.050191623790500066
0.038162105275162804
0.028272399894582727
0.03510810676108425
0.035538747070822864
0.04104998014634475
0.02270156761010488
0.0316510630142875
0.03660794951642553
0.026084591787463675
0.04878863181142757
0.032804842910263685
0.03489511743110294
0.04002432261011563
0.031878253351897
0.03934086652239785
0.03443439109871785
0.04276923227977628
0.03846382865682244
0.03346775494399481
0.04013934840487006
0.04813899869021649
0.043326084370103976
0.07070130661750833
0.04015079416955511
0.02850485301576555
0.052244533996563404
0.046735425194880616
0.022415234457779053
0.07451563947989295
0.036247144700804104
0.031145422585541382
0.03497256990832587
0.0481854815982903
0.02992960935458541
0.11001445918964843
0.1347654921344171
0.09179369932971895
0.1025244334153831
0.0936857120723774
0.1084814323267589
0.08703172755117218
0.09564046221474806
0.1023661406369259
0.09368371733464301
0.10680823408688109
0.11788322639962037
0.10247122046227257
0.10247122046227257
0.08406951870769262
0.08210006291667621
0.08210006291667621
0.0828796793644627
0.08058180802191298
0.08046673597147068
0.08046673597147068
0.08168665068844955
0.07569504246115684
0.07340005438153942
0.10785568417360385
0.06991340268403291
0.06991340268403291
0.1069446433118234
0.12436610710807144
0.09056939784747858
0.05595380389752487
0.04745458382414654
0.11094768530999621
0.11251185967897376
0.07290496446502705
0.06468660928774625
0.032695314103427034
0.0855504822731018
0.08623031508643181
0.0347942238401932
0.0989696047268808
0.04065126885815213
0.1176035205181688
0.03733236981090158
0.039511033274854224
0.02814615518009911
0.031108003709620486
0.03872988997492939
0.03468748974381015
0.033866239632479846
0.10390340168649952
0.02970284300390631
0.0596748840296641
0.08154903207905591
0.03790600354628017
0.038835075454165535
0.03332018129217128
0.03468803232225279
0.07955882385683556
0.09276212859277924
0.03578317050045977
0.09984985129286846
0.03570029807432244
0.10029941368227203
0.03475530984268213
0.03598863063690563
0.03678173496077458
0.036297120703384284
0.03447207866236567
0.03788203762844205
0.03704811257465432
0.03651840729173273
0.0393560664045314
0.04049101637676358
0.032983028197971484
0.033591843953666586
0.09415707217218976
0.03499272669820736
0.05825471663614735
0.046635828975898526
0.07962509906695535
0.09127630197132627
0.049462836474801104
0.049989534005677946
0.04468739732944717
0.03682753901463002
0.06087135928605373
0.04244133443882068
0.0793958159085984
0.033858175300993026
0.08215936002321542
0.04810933612597485
0.03745049943604196
0.04425600149203092
0.04110969267087057
0.04858070969115943
0.04385458942657958
0.08567104383837432
0.03576386878150515
0.08064047076079683
0.04788685216801241
0.04655504892890652
0.04583231166315575
0.04371897645605107
0.036350508712542556
0.06221810747326041
0.04763222500060996
0.04433414024921755
0.041084270390371484
0.04649575233614693
0.047504007440681256
0.03060842027499651
0.03853307571883003
0.039301326232186205
0.038155050969993075
0.03713687473675236
0.0368860245635733
0.041303922222771995
0.042364663952806345
0.03577439301724856
0.03408534672887375
0.031635579608846456
0.027938663153133043
0.029389465517985325
0.027490003157872707
0.028195114240515975
0.03001733618089929
0.03043963616946712
0.03211255165593078
0.031426092861996345
0.02753869372420013
0.03554480495940273
0.04188491958659142
0.02819118774088565
0.024386864005743216
0.024052776537525158
0.0273546883991609
0.0223986639881817
0.03200193350591386
0.029861684100081522
0.015151784790990254
0.01421561324231637
0.022713670720113443
0.02992960935458541
0.02992960935458541
0.02992960935458541
0.02992960935458541
0.02992960935458541
0.02992960935458541
0.02992960935458541
0.02992960935458541
0.02992960935458541
0.02992960935458541
0.10191506633845468
0.10404387198388576
0.08032562176231295
0.09074763987834254
0.07305412870210906
0.11068004993721843
0.06537546587603477
0.09310678088416656
0.10218579999481638
0.08917484235639374
0.053619420702258745
0.09153274859612187
0.049539564057874186
0.0437255430361256
0.10237562663232287
0.0916247399399678
0.08687749944627285
0.08888890929209689
0.05664841900152775
0.0945018616101394
0.06030622173566371
0.06569367188960314
0.03756814579168955
0.05885704937352178
0.05346326803904958
0.0531634711221947
0.050985510578611865
0.13268735225622852
0.04913194533631516
0.04025259598934402
0.042421284234539294
0.055258482458690805
0.044140146933496
0.045580149971259136
0.06594641629761706
0.040990466286117834
0.04702375663910061
0.040753367925838876
0.04161924013479923
0.041939537968331324
0.0510101801273413
0.038914528170134875
0.11125413766751686
0.04200200693526616
0.05990635809566205
0.06672737561942389
0.05430546896842619
0.04099705440341495
0.0396721089972804
0.04530479429444919
0.044699844629503785
0.03899051738126824
0.04159979782571706
0.031929435472314555
0.03273360726656392
0.04862575170312387
0.05187621887268809
0.03502833884752666
0.03516197391708071
0.04801032393666295
0.05799626172675441
0.03357855995728945
0.04264848585085323
0.02811699780790756
0.034008127080354215
0.054139898838475344
0.03794543237891048
0.03727313926870314
0.029997056189458818
0.04897301140474156
0.0481252915225923
0.04962840477664334
0.025168205878386894
0.03560425008220287
0.03547940442338586
0.02693728435629358
0.03514674488804303
0.040305663330558066
0.04580453124557001
0.04730359379667789
0.04281000182808687
0.056746658996368445
0.04065620534316016
0.03573578953316125
0.039549460302029424
0.04303569270453105
0.02711896268844915
0.03840432474738918
0.039572609787574035
0.02601315437389227
0.050578789616314075
0.06282119693855445
0.05815912912289301
0.04748371320000539
0.03902069336851127
0.03826070404650333
0.04383772423335661
0.03783252608768332
0.04494267716887407
0.037126564763408774
0.04595702885494878
0.046322238313344616
0.047706827101840946
0.04607063263189048
0.03459585828357376
0.03804440034631019
0.05941375869636734
0.07562522497687799
0.037362217463475345
0.0458073197309083
0.05245931975737524
0.05245931975737524
0.03893286349833943
0.0493955442282216
0.0493955442282216
0.03439725671429187
0.034818524117581545
0.04885366430389695
0.10145741603647669
0.029159081702431044
0.05136944890371524
0.03591782312490977
0.045270116825122386
0.04694711206907717
0.047346304480840144
0.03812988975356954
0.03518324289626131
0.045924155016740166
0.04977345398433196
0.04125585978307451
0.038041146673883
0.04479236936895177
0.0539220064424444
0.03917555035829234
0.0365573265356943
0.04258960127170819
0.0358287024195306
0.05225000700602929
0.04157177027314901
0.06551898999915769
0.04084154550451785
0.04202666648197919
0.049646895569361124
0.035252991227898746
0.045387812182307245
0.052222035294010614
0.04953255177126266
0.06120208130800165
0.05843874299239057
0.041951848754348854
0.05093187413605241
0.024351158638795216
0.04192853183718398
0.04249241309395681
0.04669471409792701
0.05624875442823395
0.038489590022557724
0.029478680486014732
0.0340860713700143
0.033412250433272374
0.03002596620935947
0.048722870242393884
0.04341081505486121
0.04472095067108361
0.04629875475152706
0.03457352926178525
0.04577159289813911
0.04361536598453919
0.04361536598453919
0.03970411386108026
0.03970411386108026
0.03970411386108026
0.03769750390822689
0.03769750390822689
0.03769750390822689
0.03769750390822689
0.03769750390822689
0.024303112775087357
0.035177007998960716
0.035177007998960716
0.035177007998960716
0.03907215379721796
0.03360507203731686
0.03360507203731686
0.025208288005087523
0.03398721570304285
0.02691367680982997
0.034304108855624994
0.03416463398685058
0.05044793326368866
0.03513377109542489
0.037457499054726215
0.03636958723266919
0.03858180853693435
0.024150200771400704
0.031581427020331225
0.029975954471156002
0.02810356181891014
0.055350420031851776
0.054011238963187984
0.05675069547879199
0.039775772178545596
0.040330028552562
0.03643693796203782
0.03727603726709883
0.03826870796115448
0.03521819609372566
0.03437272599743058
0.02992960935458541
0.02992960935458541
0.02992960935458541
0.02992960935458541
0.02992960935458541
0.02992960935458541
0.02992960935458541
0.02992960935458541
0.02992960935458541
0.02992960935458541
0.02992960935458541
0.02992960935458541
0.02992960935458541
0.02992960935458541
0.02992960935458541
0.02992960935458541
0.02992960935458541
0.02992960935458541
0.02992960935458541
0.02992960935458541
0.02992960935458541
0.02992960935458541
0.02992960935458541
0.02992960935458541
0.02992960935458541
0.02992960935458541
0.02992960935458541
0.13224789045751095
0.05488190937709684
0.056130170326990386
0.04886655126465485
0.05523869905620813
0.05117801299629112
0.0835656301677227
0.05192986943836635
0.04326085835229605
0.049255538554862144
0.08368171302291254
0.04440709229093045
0.09534538237067561
0.04137127556372434
0.04155367807640384
0.04267700852748627
0.04448109176941216
0.04398054428320999
0.042466016515779
0.046132737030275164
0.04936813958066826
0.04709529734449461
0.046763580695260314
0.036128043635593104
0.034726219413957246
0.03135412505672624
0.052834822381070505
0.026417310675606133
0.031900837048112106
0.028217425127513705
0.0552190457455193
0.02764915014229094
0.027676898713689297
0.03152734541799873
0.03022360526335736
0.05753626644145697
0.049745548802117505
0.028005453353592506
0.026515649422071873
0.02807579929785182
0.028046482317149637
0.029393603826562562
0.03151676506269723
0.03040039411590745
0.052938701106856265
0.052938701106856265
0.03883631947760781
0.051432089731097225
0.036826791539012145
0.03749998159008101
0.033500712214348215
0.05087247706173609
0.03110831700420628
0.050308740799470494
0.037584435329384484
0.036061181645685184
0.04837896115457018
0.04837896115457018
0.03337993434009453
0.031837355547274154
0.031808745559925834
0.03270437927916646
0.03271596332546323
0.04253862063322837
0.03169908691973736
0.032221997681384285
0.031924454720380406
0.040556806263824303
0.03415143637685105
0.0280601173468555
0.022519587129354476
0.022899847015893707
0.027737397542223333
0.026743677381115657
0.023411663743512084
0.025396002692480883
0.04648448562637592
0.021664435306253532
0.021639612157208225
0.039362540219832834
0.023430192667680483
0.04377329295966774
0.02262322329139958
0.022301531760022045
0.022580074776584903
0.023094314467937995
0.022667716125336787
0.02352119454415515
0.022759248896036297
0.023097328384562084
0.0273394294923249
0.020876358860793212
0.0460204286283503
0.02143726375497257
0.02170395967977432
0.02191777611228948
0.021724626836755002
0.022148908459348603
0.024903213868771368
0.051861289960021775
0.02604306409911563
0.026899773098994047
0.026217889642187703
0.02538627789860281
0.020212435266779114
0.02992960935458541
0.02992960935458541
0.02992960935458541
0.02992960935458541
0.02992960935458541
0.02992960935458541
0.0875685512367636
0.1307243663383027
0.11005922068220873
0.12026826369886597
0.07500252419151365
0.08916072887368501
0.10116266820579767
0.06822989206993953
0.06580181358149276
0.05223097589487831
0.042906886788550765
0.07076918694190681
0.06638223235805829
0.043813715255043156
0.038133967074876034
0.029756762054748833
0.03367997497475395
0.030526986291321615
0.026218124391355863
0.025329935281382252
0.024945083473964284
0.03663307752382631
0.0356959420753022
0.0356959420753022
0.022138737683805327
0.034073018762283025
0.026571686710619057
0.026107315700501205
0.029604126351575055
0.030065192230977117
0.024561857158939045
0.027566334498890985
0.03398672798338036
0.040947056741764146
0.029701506891287862
0.05320291798717032
0.02277977793167035
0.024840487302280962
0.03346846719815706
0.02273089251869048
0.029036930246123423
0.03197282623111581
0.02696919419647505
0.02481633596122265
0.032264419731218366
0.024480400554020888
0.025933687501431754
0.027911386645088593
0.026592508212391598
0.024583604684254776
0.03800024542414273
0.024670607016887516
0.021437892480947386
0.02073986745614093
0.024878846683811087
0.02085531525313854
0.13683220263260107
0.09600923199749863
0.09954051984396453
0.11595157223443191
0.11519591516504685
0.08508141747210175
0.08499919303071996
0.09015078235728045
0.12168814289073149
0.08544290919012079
0.0751545540895313
0.0805815629567951
0.08674186027919252
0.08836401171904679
0.06906573452831556
0.0928668410765628
0.0928668410765628
0.10104430371895433
0.07037125417031348
0.07153201104529823
0.0734316749086914
0.06508641630566368
0.07861754467710852
0.05862185459739218
0.05648019488047187
0.05172044367995113
0.06733653845110288
0.0881033433562455
0.07066540241862337
0.037910676784813406
0.05030189260219534
0.05238536944923301
0.11560171569387118
0.06897127762126426
0.0701261997401404
0.04375304789903263
0.06656449706604084
0.06656449706604084
0.04388614803707848
0.04613635934190825
0.03604771545932939
0.04398820485221222
0.03979452993371524
0.04169209922198206
0.04381682647004103
0.04944058657779048
0.058031993876211344
0.06877514321434622
0.045396827320413044
0.043391865882246444
0.05222298976344367
0.06454616993200034
0.051141532948240635
0.050318491980433463
0.042418293154332785
0.0809108952494959
0.045123556804222364
0.05094498098827899
0.06771298152006541
0.045346669078183674
0.05357753023660431
0.06928041401319206
0.06928041401319206
0.0587668280939882
0.04479735529438282
0.05054584331655254
0.053197990205759806
0.03824515980590756
0.04479656339312593
0.05400628221221268
0.06171848262660205
0.04588648935081437
0.041703549155499786
0.07539227810300266
0.04396884314094981
0.03845404222995664
0.04233189485501498
0.04877775551130374
0.03418638357659802
0.04709043368153895
0.053207629091727236
0.07377029858063906
0.04733000073659544
0.06022526949721699
0.04840708559378982
0.051003135142382236
0.0458171477743114
0.06516966389880205
0.04547329398492972
0.03959376733905325
0.04732135384886836
0.061731021131854504
0.03669994347030297
0.050872313894797114
0.048864349536597726
0.04873414495804657
0.04660017382353544
0.04435587830686321
0.06258017600513995
0.04919028986711055
0.05523574296074609
0.03307710854336619
0.04485718321520835
0.03688971657926838
0.046564091749799745
0.05669108944168935
0.05007398612952481
0.03750627948048835
0.038061586746480316
0.05765285225585103
0.04708375833928585
0.04194424198474735
0.050645498759113255
0.0396236568215924
0.04685688805145522
0.034858309489985306
0.05402646214080353
0.04822566765205314
0.07536670510734741
0.05344998319167644
0.05639930496923626
0.043925165690016005
0.051855741203762594
0.033413451347344865
0.03795422028750181
0.05286869093775749
0.041742409955089294
0.03988434023068597
0.04312071937524403
0.04437534255751719
0.04187935883800189
0.04313663505328198
0.05163946585031226
0.05163946585031226
0.0483983711580125
0.04519662901138266
0.040771366528545815
0.033823123932816085
0.04544335601385683
0.03058084163814783
0.03431164898443967
0.03557953556960759
0.029398280997605372
0.02496575066509346
0.04466674315277487
0.046142504392191766
0.02855277257990868
0.03802830084149415
0.0575050760130398
0.07367481217331563
0.07288371310957396
0.051805614707215376
0.02615038388951992
0.07469446457146356
0.07262108503452813
0.06470034175552428
0.06613485687567543
0.06426838360105952
0.06323241472477094
0.11592761247729262
0.06801380249516417
0.081357166422531
0.03897218715089063
0.03735276428905005
0.04471043073494608
0.037126108259738735
0.06884375571118047
0.038921541485469786
0.08019669386713456
0.03888480243350689
0.034149295148284485
0.06386638921375076
0.03914554342705136
0.03711008549008208
0.06952486480741452
0.09660815450828522
0.04191818270095003
0.03726799220584023
0.0640605573154365
0.06097273205096523
0.037897510058246556
0.03700992349380006
0.05199580074908833
0.06083294785581529
0.03550326792368044
0.037685767545675236
0.03380345842490594
0.030148176271468402
0.024398054708726705
0.074556796066463
0.024228295589176316
0.05544600942948212
0.02567659263343861
0.02746043981751427
0.06352749040272708
0.02998787282384001
0.03287637135828845
0.031870223223231735
0.03834977043171724
0.02992960935458541
0.02992960935458541
0.02992960935458541
0.02992960935458541
0.02992960935458541
0.02992960935458541
0.02992960935458541
0.02992960935458541
0.08958839841497442
0.12364475368832549
0.10994074320420623
0.09293715697713197
0.11030897616719205
0.0902848978433758
0.09801024312774341
0.10014179289030532
0.11863452447578311
0.09210335559211671
0.1143437128358831
0.11089790551612774
0.10674233000104626
0.10674233000104626
0.1015452497607718
0.1015452497607718
0.10085776874795556
0.11452349400147796
0.053015848483579854
0.05695703990873881
0.0347375173207062
0.045374824847094715
0.03962785108402992
0.05079099926864728
0.05316543897303442
0.045541666923866915
0.050459485196042805
0.03824245137472947
0.046783676737298566
0.04519846656670173
0.037195302555337546
0.045751870397944004
0.035615059829627475
0.05717895929701626
0.04753127274646734
0.028291258865501732
0.02880698786427577
0.046661700793386746
0.025311049722755947
0.02992960935458541
0.02992960935458541
0.02992960935458541
0.10237854118458926
0.09214480966872846
0.0629635635887583
0.08532592382126798
0.11846501163206995
0.050933102685182044
0.05563016343396157
0.08865581228630617
0.04507108096731827
0.062468838445299
0.06000025816416989
0.06447243308008183
0.06079610688359632
0.04786321618206178
0.047691069166758096
0.07731606168672442
0.06379581006010994
0.05847269364089395
0.06015936505747959
0.04793465366043771
0.04808844528063976
0.04850919941362614
0.05388584051669265
0.07115890263890226
0.044417750660795716
0.03484760967704157
0.06373999552568421
0.06351769896612192
0.03415465286777665
0.049944099079972756
0.05506124005109692
0.036896758366880625
0.04240688781777863
0.06472742297764246
0.03458557736419607
0.05186280354935055
0.04612285952161377
0.04020309961633757
0.08723853280379747
0.04860811114233608
0.04496839032974094
0.037916243876485775
0.03890911625290755
0.05467835430967777
0.03642948218388483
0.03842244920398419
0.03837827814044431
0.07603334279730917
0.05181962678364167
0.052029939693553996
0.0490069739605921
0.040377217415176955
0.03822207270966222
0.056195588481302065
0.05282020483010759
0.04482511262312376
0.036567323967077146
0.07491716647520662
0.03817724089681481
0.04809435636426012
0.03434293346246704
0.044618208547278
0.03973823451204225
0.05060781399098535
0.05552269173786044
0.04346055942975605
0.04551038639076675
0.05105649837350938
0.049544491816971764
0.049555131488790115
0.0384109091029192
0.05556183555318663
0.037892675537926454
0.07082488660817035
0.07334503952879459
0.061012807267252354
0.05189694650626431
0.03746120627038181
0.030699599630897866
0.04862859357924511
0.059170724575718245
0.038847041029948744
0.04588570465450175
0.04688068447324137
0.03961702842886249
0.05041668468154967
0.04119048132017876
0.055496989408081086
0.04914539004676044
0.10049894906735668
0.04108810431013505
0.042554801282628126
0.054745091357423614
0.04421180690949162
0.04112004978970314
0.04662060297909193
0.033003018719609825
0.05793392636153537
0.05748918920444945
0.03348711993933345
0.06033332045112426
0.049403878805072354
0.06429674756984848
0.03430067756795324
0.046649198912394545
0.053214283277047796
0.03351860449649394
0.03670812114374712
0.04292816356755793
0.03330233905930072
0.04279404948232696
0.0451065106887836
0.03391227303771302
0.04489453889972841
0.04499534379729691
0.040889679309912025
0.057139772729327284
0.04779069921157012
0.03119040512984308
0.03571731836224596
0.02625133445758062
0.036478994043233494
0.03968810302671045
0.04313930023772021
0.03656901945670446
0.034605702763268104
0.03524840384333705
0.03217438514111563
0.022204987281584182
0.03589435931101131
0.024428154500589397
0.03192942592354181
0.022361011143657378
0.031801576193538496
0.045347485374659297
0.020280000932786302
0.025955053867849832
0.02992960935458541
0.02992960935458541
0.02992960935458541
0.09743610368731122
0.07459844502309958
0.10544057544320821
0.0856876764477541
0.08094559127930552
0.09109155671050151
0.08632541415980086
0.0740262879555424
0.07789088508269439
0.05471940392162651
0.0732421026402153
0.0783439165338253
0.08473717549427723
0.08204344572499395
0.08488966851495207
0.06764140018029138
0.0470705773976321
0.0709403571455429
0.06191406846434499
0.07598029237240553
0.08270758939130853
0.08365702101805558
0.07466836865680913
0.0759325191549336
0.07271295468012492
0.03898885244270787
0.07644982109777629
0.07708545890326302
0.04922682208940387
0.07225117259814094
0.033195266269225004
0.03222310943994671
0.040617816829471846
0.03137361455495314
0.03673924827482551
0.10251788930346568
0.07467587972991169
0.13201324878570933
0.06635753826238215
0.09380089498125016
0.09888411191524937
0.06735152282752097
0.039781086608612286
0.0603349946361656
0.07093057865276933
0.029746390969182055
0.0598483961665382
0.03629830899570758
0.03611711547710002
0.035031778568712375
0.04625367190533628
0.03456310239232456
0.03397690769362574
0.03630727370424817
0.049669565549120304
0.032790679718212534
0.04903779356429974
0.03718090501846746
0.03615338618944709
0.072239986252971
0.046746353423999
0.03100456842764591
0.06120167389977724
0.0413575246433417
0.030493162552205223
0.05785212953031684
0.05519427303923294
0.033401085207394016
0.02241858759118865
0.056280169615056365
0.056280169615056365
0.05239800344531735
0.05135391478271534
0.05135391478271534
0.05135391478271534
0.05276730391817788
0.05276730391817788
0.05276730391817788
0.054065441799660524
0.05497763399345179
0.024039503128733486
0.0621749954810366
0.060665819237474355
0.03055850704976668
0.02346513925585896
0.050251014792205145
0.027946737736153106
0.02300122598030915
0.030496685389662163
0.023579813957912848
0.02610918617108837
0.024053260932560078
0.0240815918087416
0.024334817972849122
0.052420220341688646
0.03000844333243246
0.02716045036058252
0.03092017786344513
0.036287384477133554
0.026895959817338735
0.026189515405955415
0.026504103855695575
0.025133717365873356
0.02553952782259633
0.020816981530903528
0.025648585880796115
0.02500134755081187
0.02480545933358371
0.023247967902570964
0.02992960935458541
0.02992960935458541
0.02992960935458541
0.02992960935458541
0.02992960935458541
0.02992960935458541
0.02992960935458541
0.02992960935458541
0.02992960935458541
0.02992960935458541
0.02992960935458541
0.02992960935458541
0.02992960935458541
0.02992960935458541
0.02992960935458541
0.02992960935458541
0.02992960935458541
0.02992960935458541
0.02992960935458541
0.02992960935458541
0.02992960935458541
0.02992960935458541
0.08443109876476228
0.07680697799970707
0.1092837841808796
0.10090535330896576
0.11592282466900845
0.040429469164616115
0.03955172661691904
0.05029891833740597
0.047004270895073814
0.03874990926939063
0.031133197814536592
0.03077279029142422
0.02431194220514347
0.01941496495778362
0.019492742735892535
0.019756273959452907
0.021625011543122432
0.02389824846216167
0.02992960935458541
0.02992960935458541
0.02992960935458541
0.02992960935458541
0.02992960935458541
0.02992960935458541
0.02992960935458541
0.02992960935458541
0.02992960935458541
0.02992960935458541
0.02992960935458541
0.02992960935458541
0.02992960935458541
0.02992960935458541
0.02992960935458541
0.02992960935458541
0.02992960935458541
0.02992960935458541
0.02992960935458541
0.02992960935458541
0.02992960935458541
0.02992960935458541
0.02992960935458541
0.02992960935458541
0.02992960935458541
0.02992960935458541
0.02992960935458541
0.02992960935458541
0.02992960935458541
0.02992960935458541
0.02992960935458541
0.02992960935458541
0.02992960935458541
0.02992960935458541
0.02992960935458541
0.02992960935458541
0.02992960935458541
0.02992960935458541
0.02992960935458541
0.02992960935458541
0.02992960935458541
0.02992960935458541
0.02992960935458541
0.02992960935458541
0.02992960935458541
0.02992960935458541
0.02992960935458541
0.02992960935458541
0.02992960935458541
0.02992960935458541
0.02992960935458541
0.02992960935458541
0.02992960935458541
0.02992960935458541
0.02992960935458541
0.02992960935458541
0.02992960935458541
0.02992960935458541
0.02992960935458541
0.02992960935458541
0.02992960935458541
0.02992960935458541
0.02992960935458541
0.02992960935458541
0.02992960935458541
0.02992960935458541
0.11144880946104725
0.12907218476446966
0.08306917071342468
0.1112823748216033
0.05794151925481856
0.12581263184547425
0.11493425499647855
0.11418086227184783
0.05350935904309154
0.08079136336144681
0.06117211665182064
0.04208876456211631
0.041628371545424064
0.12122226055090626
0.0512416668368193
0.05489129834575578
0.05605090102879331
0.05318048984045163
0.052045566538193574
0.05383459709817544
0.08233402733380596
0.04030346744538595
0.0351747196004726
0.04943431980364645
0.04675473647968223
0.06882044488874574
0.06959947830531746
0.04042812596075237
0.06729695104528219
0.06729695104528219
0.06729695104528219
0.050004543917408835
0.061241695421437425
0.06207904393474261
0.043903293452070405
0.05886851120584955
0.03890218891397429
0.04467519303861384
0.04243671682430431
0.04279788041332116
0.042228624306929606
0.039739486034959554
0.04073500193655491
0.06811971793106447
0.03756104266581436
0.03848203447569783
0.04011325672812139
0.06670801913365722
0.037435450106859204
0.051298985794031374
0.02899347499400998
0.03057483318261802
0.025777521440759302
0.025243579288944603
0.028470026617481683
0.02915727041467714
0.03186273692136941
0.03411757424124517
0.02992960935458541
0.02992960935458541
0.02992960935458541
0.02992960935458541
0.02992960935458541
0.02992960935458541
0.02992960935458541
0.02992960935458541
0.02992960935458541
0.02992960935458541
0.02992960935458541
0.02992960935458541
0.02992960935458541
0.02992960935458541
0.02992960935458541
0.02992960935458541
0.02992960935458541
0.02992960935458541
0.02992960935458541
0.02992960935458541
0.02992960935458541
0.02992960935458541
0.02992960935458541
0.12200630305024485
0.10224796678250035
0.10345031078283985
0.09331108638395866
0.09020546215896805
0.07359233047657956
0.07359233047657956
0.06977317645680159
0.06977317645680159
0.06977317645680159
0.06977317645680159
0.06977317645680159
0.0704252863349393
0.06743430842335026
0.06743430842335026
0.06743430842335026
0.07045999691976855
0.0803023380599916
0.04521001582654814
0.06584466572695723
0.06584466572695723
0.06568763649091125
0.06568763649091125
0.06577135670697316
0.07338655294850469
0.05927121494586269
0.041305471085943284
0.04336856242308083
0.0642557310157766
0.06245861599842707
0.0642557310157766
0.07229875850646446
0.05351143890836586
0.040329057284009956
0.05639757094439119
0.07329434202363094
0.0681909719745939
0.07114833470899612
0.04041798518970609
0.04057547424531852
0.03995238733012229
0.035165449550841006
0.03550915042326475
0.03551531431032345
0.041223366780517
0.04193094372050837
0.06172731243850042
0.03622089603217318
0.07432432302972301
0.04190951816271991
0.03853331496162961
0.0693886957061477
0.039977836028362315
0.04431066293424616
0.03838401169671367
0.03822891032556072
0.040482337173695364
0.03554232089625051
0.03602491414795319
0.034256955397625764
0.03437338881970694
0.031629170608551554
0.035944635222355525
0.0318344944024769
0.032689043282686424
0.030076957223160814
0.02945185446490844
0.027433050399801383
0.026555918563778202
0.033261587880163763
0.027817356537561864
0.026387027103919537
0.02506544125499204
0.02545590341013546
0.02638356696659078
0.02577488446608186
0.025316312413197012
0.02538262204499915
0.025081989557947965
0.02915080473331424
0.03742051437574749
0.025306553250023473
0.024942435000557452
0.034675614810936776
0.034675614810936776
0.0458404365228489
0.03614332888352995
0.03614332888352995
0.026112581262132152
0.0242962472490035
0.0268111731725124
0.029162611642386763
0.04371268849703483
0.04767676481511444
0.025223572639903675
0.035263506506647294
0.03660381298085364
0.024316100939759052
0.025419093148472408
0.026476457146927715
0.0445974519130929
0.04885869154551377
0.02207846683973912
0.052265510914536815
0.02992960935458541
0.02992960935458541
0.02992960935458541
0.02992960935458541
0.02992960935458541
0.02992960935458541
0.02992960935458541
0.02992960935458541
0.02992960935458541
0.02992960935458541
0.02992960935458541
0.02992960935458541
0.02992960935458541
0.02992960935458541
0.02992960935458541
0.02992960935458541
0.02992960935458541
0.02992960935458541
0.02992960935458541
0.02992960935458541
0.02992960935458541
0.02992960935458541
0.02992960935458541
0.02992960935458541
0.02992960935458541
0.02992960935458541
0.02992960935458541
0.02992960935458541
0.02992960935458541
0.13181557199607294
0.1276499689805011
0.10968561780949433
0.10308834698982537
0.11935586201337477
0.1290291422481338
0.09304504297984142
0.1286122940046092
0.11898326582585772
0.13062923407182098
0.05597530928440392
0.10874921347945929
0.10874921347945929
0.10874921347945929
0.13033008990809322
0.09931332914779584
0.10601634310558439
0.10601634310558439
0.12603868016352257
0.10110633488123616
0.10110633488123616
0.10110633488123616
0.0966263698755453
0.0966263698755453
0.09305730700492859
0.035258556867484005
0.09066298400362333
0.06365360755706206
0.12004147971980274
0.057130328609297676
0.040297118034213784
0.041363796339525534
0.13117080933103958
0.10166785837771992
0.08255672821775079
0.09653069794798891
0.07878075147978962
0.11615424274156491
0.044747004829502356
0.042155465383548286
0.046487057611811905
0.04417348149853448
0.08447325997830679
0.0984965008062621
0.04313689448793108
0.11325728398282081
0.10438738625186185
0.04040024770811821
0.08483292949696382
0.04225121599699681
0.04110211341719454
0.05117127315141261
0.035837138860176004
0.07639728639585276
0.04243834635009989
0.04532451868057251
0.04937400327762589
0.04589821864928429
0.03558608133423453
0.05455916061492947
0.037798314425939075
0.03449252009236564
0.034929736660172545
0.036888939836838594
0.035367879967670886
0.06481202364239531
0.034209506008774045
0.034878726287279276
0.03495116486757373
0.03009093618175636
0.03156115886212016
0.03436501706562316
0.031430250700407975
0.029101453141774983
0.02963963327696547
0.029646816161305954
0.02970056777819991
0.027490347639347115
0.03131056595904132
0.034459705870831386
0.025856488365097904
0.027160164721038504
0.0334779895626707
0.02603429715866999
0.022505759247772705
0.023208642107395764
0.026231158333636508
0.02123387337526462
0.02841214402054902
0.02458774451961896
0.02667250725751122
0.023431964744231662
0.04471821637474932
0.04909419846526968
0.024311072593166803
0.02252436480484903
0.02233237831504084
0.023164270130606988
0.02992960935458541
0.02992960935458541
0.02992960935458541
0.02992960935458541
0.02992960935458541
0.02992960935458541
0.02992960935458541
0.02992960935458541
0.02992960935458541
0.02992960935458541
0.02992960935458541
0.02992960935458541
0.02992960935458541
0.02992960935458541
0.02992960935458541
0.02992960935458541
0.02992960935458541
0.02992960935458541
0.02992960935458541
0.02992960935458541
0.02992960935458541
0.02992960935458541
0.02992960935458541
0.02992960935458541
0.02992960935458541
0.02992960935458541
0.02992960935458541
0.02992960935458541
0.02992960935458541
0.02992960935458541
0.02992960935458541
0.02992960935458541
0.02992960935458541
0.02992960935458541
0.02992960935458541
0.02992960935458541
0.07107726738477747
0.08430634387924026
0.11054059353967507
0.10772072649250428
0.10186698729793231
0.081565414549162
0.1089078607223928
0.09385363150388003
0.10757244839022558
0.07222231245444467
0.061477740864890315
0.08537745599945386
0.06702862528307985
0.12354354586452246
0.07423200280250361
0.0849752853748699
0.05670887498340259
0.0946665533259511
0.07468222258146852
0.09689057212633391
0.06273824154399335
0.09290963367559016
0.11547511360918482
0.11249462269867459
0.12440595118949811
0.10701374340181549
0.10701374340181549
0.10701374340181549
0.10701374340181549
0.07800426647532731
0.09354602260204653
0.09354602260204653
0.09354602260204653
0.09354602260204653
0.09354602260204653
0.09354602260204653
0.09354602260204653
0.09354602260204653
0.09354602260204653
0.09354602260204653
0.09354602260204653
0.0750942036199073
0.0750942036199073
0.0750942036199073
0.0750942036199073
0.0750942036199073
0.0750942036199073
0.0750942036199073
0.05350569664190213
0.07392269046356281
0.07392269046356281
0.07392269046356281
0.07392269046356281
0.07392269046356281
0.07392269046356281
0.061286703301593665
0.06969553092805048
0.06969553092805048
0.06969553092805048
0.06969553092805048
0.06969553092805048
0.06969553092805048
0.06483728613704443
0.06483728613704443
0.06483728613704443
0.06483728613704443
0.10190787630155683
0.05232439818015943
0.06050085944123566
0.06035864555897812
0.08946088373971482
0.10408626146924993
0.06052821138563255
0.12482597450415293
0.04189449887334679
0.11292667403817176
0.06108054805236558
0.06108054805236558
0.07059476347640156
0.08861202068937321
0.04355451497792577
0.0634238806196178
0.06009974086967607
0.08534158177363375
0.06217055708946039
0.09009361398716767
0.09507479083413879
0.13556980671205868
0.08060719844264289
0.0843080959841609
0.04985891993390396
0.12484681567798059
0.06656994801325103
0.0826673650338004
0.04176215250976384
0.03428386401462679
0.06211359064560384
0.09863574157313754
0.08671630736906082
0.08150836059823632
0.03695976632880047
0.06735050789546221
0.03219031084716941
0.03033884002128616
0.07724755948409438
0.04216634420445189
0.035146563745414215
0.09971260637044907
0.050810417919419704
0.08711297446240981
0.09367940947723885
0.08104803660884499
0.036898179293299714
0.04303389475448057
0.03697942068334669
0.04231881682295352
0.037234746760223064
0.05607977650904407
0.05607977650904407
0.05607977650904407
0.05874493766576052
0.05874493766576052
0.04430042481205116
0.05937529314464579
0.04452078212518245
0.030515591523144394
0.04590496475963543
0.04290217692342897
0.04290217692342897
0.04290217692342897
0.04845130843265603
0.047528553482455514
0.038338816422813886
0.04725089592703929
0.04725089592703929
0.08084516632525872
0.04728168930547933
0.0447486308729276
0.048704386797423165
0.07490494606085121
0.047446155678480866
0.04479243469579766
0.08307247110332051
0.08420905055943877
0.031336076595665265
0.05281371894602974
0.037321786150957145
0.04246122787396113
0.035840211727966864
0.08450870405882598
0.04841105902101844
0.05838704285832743
0.040834930213168266
0.0435991143155843
0.042051343512721356
0.04501572289969772
0.0440469256338353
0.08725224884382139
0.03165062927718585
0.04533905445753286
0.04443551111888761
0.057095774788564695
0.061851404022114975
0.053660501061628264
0.056980169421682755
0.04553780000812064
0.047665562589342396
0.04550794789916836
0.04254150152206421
0.04429136021838834
0.029648006320154914
0.042396167487216495
0.03999955993999416
0.04052643688938891
0.03765268046331281
0.038868925108108666
0.06015079884945104
0.036640086759192246
0.03649599928641692
0.03184216985246167
0.026866319430215904
0.043290491912824414
0.03786475332065796
0.06027115566655993
0.03171219093647475
0.04330910347712537
0.042238283501937986
0.022598879202269016
0.02688803891806553
0.04088238477706909
0.03190597717572625
0.03222896739297236
0.027236255299455177
0.0345760424924083
0.05429188233256961
0.02475395636477818
0.032918852452809615
0.026014880997051175
0.06122758146763469
0.06078808910834293
0.05383692045152808
0.029010001871502027
0.03263675081000353
0.058174989973194896
0.02630824501354558
0.037654162464508166
0.04590500243163357
0.02992960935458541
0.02992960935458541
0.02992960935458541
0.02992960935458541
0.02992960935458541
0.02992960935458541
0.02992960935458541
0.02992960935458541
0.13180138261367877
0.12578452564155063
0.122299212894092
0.11872559285412232
0.07715334120051315
0.04992244361899793
0.053843386887262264
0.1249481122319897
0.06584831591540327
0.03885419720628609
0.12234494724621375
0.04380407254987707
0.036659485437752055
0.05608353267656639
0.04798029763158411
0.07989247150563945
0.038411918478862696
0.06714965915773063
0.06714965915773063
0.06150117214225854
0.05399054717893402
0.04591625174197058
0.05040324599559729
0.0500159303098917
0.03177697144215927
0.05012946992491683
0.045895367838675157
0.04235466242146989
0.10931761591540029
0.04607041839510202
0.037897543803943945
0.046590549979979794
0.058988220170916365
0.052776090720435605
0.045879328697919844
0.060073898252643025
0.04974709321783545
0.04631442073111733
0.042391912171927594
0.04461574944977959
0.06093355379106166
0.05790409770871823
0.04829589328806227
0.0493811584636569
0.058975864010086906
0.04056736768300955
0.03185285001217077
0.04756428311966981
0.0416149774286896
0.05436170451265449
0.057309333349500474
0.057309333349500474
0.057309333349500474
0.057309333349500474
0.057309333349500474
0.050748806244616085
0.03263509217649698
0.041884837825006495
0.03786865285752962
0.035909648024632285
0.04500390990016361
0.04539422694671278
0.04539422694671278
0.05556620335672051
0.06437751383055001
0.03146106288923572
0.05493679716484621
0.040414599023448926
0.0629943863581866
0.048983398762842016
0.030309263737872242
0.05266073646489531
0.024525859879795463
0.048894824569579214
0.06170974558374534
0.03415090812797037
0.033774293353393055
0.025452410714351573
0.022876359128470844
0.03638777658576146
0.02992960935458541
0.02992960935458541
0.02992960935458541
0.02992960935458541
0.02992960935458541
0.02992960935458541
0.02992960935458541
0.02992960935458541
0.02992960935458541
0.02992960935458541
0.02992960935458541
0.02992960935458541
0.02992960935458541
0.02992960935458541
0.02992960935458541
0.02992960935458541
0.02992960935458541
0.02992960935458541
0.02992960935458541
0.02992960935458541
0.02992960935458541
0.02992960935458541
0.02992960935458541
0.02992960935458541
0.02992960935458541
0.02992960935458541
0.02992960935458541
0.02992960935458541
0.02992960935458541
0.02992960935458541
0.02992960935458541
0.02992960935458541
0.09500916351253788
0.08462267918357004
0.0836117931207021
0.07653901745021964
0.053826176115932566
0.07993941265624016
0.10329359977195661
0.06556159572520603
0.08929889418184757
0.06786998707801103
0.09597127169991533
0.06501090778193126
0.06371631583975007
0.06394604821378987
0.07249948074342683
0.0640555507518972
0.06872605919837951
0.06118203492679944
0.06095395488354067
0.058661816699119906
0.04042461335814247
0.05223614708365252
0.07359725404065103
0.04165402617848789
0.0720788214650626
0.04780471411844094
0.053539178315550086
0.04341193587752059
0.0509999900435408
0.05164094315143302
0.03296360749518499
0.04955657399880389
0.07189764212816954
0.06506182462287446
0.043980570539521674
0.05432516350255658
0.04514616025301317
0.05750239131002066
0.07358964119805023
0.08697001940881212
0.0379734001099132
0.0512956885745128
0.07391982861561701
0.06422244385040055
0.05457864092973371
0.04326653810062756
0.0464861982424433
0.04541616830974817
0.05134400107276937
0.05610868611916279
0.06308454608699927
0.053099027431259556
0.04625783508333067
0.05080835274420679
0.05981470707648744
0.052443910172830024
0.05553109899473687
0.09251947639044374
0.04549547146307305
0.048334261638422804
0.05520650775792698
0.05772806684486568
0.047419808592336875
0.03943338831110547
0.06745551561315855
0.05086671920803686
0.044969218198675664
0.0500482150958851
0.05994951758999378
0.05809340095690762
0.055405933763831856
0.051470005702382575
0.06457404923159629
0.03394234703853726
0.055606329711154104
0.036271516093208146
0.07084111801348626
0.04908872806311895
0.051513011089215674
0.05064807631152993
0.05479297908643881
0.06110758172736193
0.03065019697416574
0.04568533091184994
0.06011746757663786
0.05353861670087402
0.06413005511819696
0.06413005511819696
0.06041122568771243
0.059832474293652925
0.059832474293652925
0.059832474293652925
0.059832474293652925
0.0550978916642877
0.0550978916642877
0.06461916696901122
0.04446003475148852
0.05502835527450467
0.04702023667205746
0.05989462658452491
0.02558884209720418
0.051873444242713354
0.05484068027542283
0.04208911158532525
0.053282181304724265
0.06141009302887445
0.029054186848613123
0.0406675923972701
0.0406675923972701
0.052192844932433216
0.07193366892713432
0.049267269467624525
0.06096732714989533
0.057092787506990136
0.06496889182599261
0.036515202182345094
0.023748471528136483
0.05476981473776201
0.04562976984850441
0.042512496140164634
0.03373024765402079
0.055868722996674475
0.05237369202077389
0.039859447727600736
0.0601413760574845
0.03594752801737438
0.029493646962412943
0.05529594336869195
0.0412211833607095
0.054491110456486545
0.03483365877376248
0.06316396401651825
0.06614648518385366
0.03192363016773015
0.033641410678004226
0.03283179138748286
0.03530585410927112
0.03514489858139617
0.03325174437525372
0.043577280939401435
0.026290239156999937
0.04846337160095573
0.03143628012233724
0.03453048490143071
0.0355215215170756
0.034902173279163735
0.035286158193678904
0.027032648827686596
0.06017759592970833
0.03802103825767214
0.029369941783564477
0.02992960935458541
0.02992960935458541
0.02992960935458541
0.02992960935458541
0.09285840133205056
0.13312899126050373
0.07650950336518388
0.07600976397904256
0.04476205360610038
0.0550301417723919
0.039126475667580964
0.058172813590305544
0.05036487533710897
0.046872655128439265
0.07463195698956648
0.047565793263105054
0.049459425965324044
0.04860967548719297
0.04103067662256459
0.04967576462465028
0.053550083882485826
0.05603495600866154
0.05154709668286766
0.05363363389546672
0.05643604438596716
0.047360792148392644
0.06307188343877594
0.03781417754789194
0.03701862473816921
0.04602575747684265
0.04801997491158545
0.05704345246854549
0.043376489439979196
0.05728639678253482
0.04851171957716967
0.056681972794079535
0.04164734514740606
0.05157954454266777
0.04835443006750817
0.057873475807718934
0.04589504654829701
0.0483768492207552
0.046710057719610634
0.03845052031800151
0.04844159298265974
0.0416744303680025
0.045425247210854044
0.06397060748267298
0.04590304654130402
0.04595757141437692
0.04848639797031259
0.0441351862049972
0.04470991790876724
0.039721819059147186
0.044595790820506714
0.029615544942983737
0.03103192684163029
0.027146232603117822
0.03529274489187325
0.02811289219884202
0.03120343273272738
0.06984537702985108
0.025478188805282118
0.024098382051258038
0.024575706537192068
0.02607074439409189
0.024087237960193308
0.034002506906399506
0.022580889173938582
0.03545402889101145
0.02386919494252652
0.04905303713671553
0.039964732551015916
0.024103247518651186
0.05091261176702877
0.03746369510850248
0.02212159492696325
0.02493047995919672
0.023373700509934377
0.02636335587827489
0.041855995441243674
0.03317746101335312
0.023818514004039268
0.04762420125771314
0.03188715033310776
0.022706099447483818
0.03054723104190392
0.02878647680025703
0.024878438045658792
0.046992326671412836
0.02328887259704061
0.024769595248314243
0.02377515078250629
0.024096804009750485
0.05748691518170138
0.02591314142763925
0.05490175277615587
0.024892179121185715
0.021043158834412073
0.02992960935458541
0.02992960935458541
0.02992960935458541
0.02992960935458541
0.02992960935458541
0.02992960935458541
0.02992960935458541
0.02992960935458541
0.02992960935458541
0.02992960935458541
0.02992960935458541
0.02992960935458541
0.02992960935458541
0.02992960935458541
0.02992960935458541
0.02992960935458541
0.02992960935458541
0.02992960935458541
0.02992960935458541
0.02992960935458541
0.02992960935458541
0.02992960935458541
0.02992960935458541
0.02992960935458541
0.02992960935458541
0.02992960935458541
0.02992960935458541
0.02992960935458541
0.02992960935458541
0.02992960935458541
0.02992960935458541
0.02992960935458541
0.02992960935458541
0.02992960935458541
0.02992960935458541
0.02992960935458541
0.02992960935458541
0.02992960935458541
0.02992960935458541
0.08539500453509391
0.07912718519878884
0.10127653151129683
0.09222972431220114
0.08499795897863806
0.10807475506017605
0.08150868411486348
0.08224570527983209
0.11286187722968559
0.09928575123660266
0.08957972130738198
0.0853885639583071
0.12419087246991695
0.12572747102938592
0.12613489249410728
0.1255143703892827
0.0964432233478874
0.11623541998366514
0.07919892528715233
0.12793632970501978
0.13406996127218007
0.11944740545004606
0.08699842482494811
0.12246789385254185
0.10139366544783115
0.12279231098170082
0.07800226475733021
0.07035015074225763
0.10603495052084327
0.1118845040226976
0.1118845040226976
0.10771810232351224
0.09395192957793673
0.04063963782352706
0.10297306002428135
0.10297306002428135
0.08297790016668538
0.08297790016668538
0.08297790016668538
0.08297790016668538
0.09054677449166774
0.08051507996705672
0.08051507996705672
0.08051507996705672
0.08051507996705672
0.08051507996705672
0.08051507996705672
0.08051507996705672
0.10052364436288674
0.07879079275764525
0.07879079275764525
0.06737545717818041
0.10156551050022244
0.10171667182818055
0.06318399656874438
0.06307939447152118
0.029767726835949967
0.10169815350323916
0.08628135619685054
0.0626086341496557
0.10409880105406046
0.12215272883574167
0.09263143143616617
0.08096933625328044
0.07919802951005597
0.09620462370105087
0.02900376100325957
0.09969092371252676
0.10291221932818492
0.09837256771201888
0.10291348248409728
0.06342802750722816
0.09918301666465898
0.034012567161892854
0.07131715544809898
0.09922116970953843
0.09889498757508894
0.079700841717422
0.09083406259616215
0.06312607392668725
0.06424361343805989
0.06952765846004089
0.03990474108800603
0.07106296255563696
0.09816603538269798
0.08514549337637921
0.07964495283241073
0.06824402016121894
0.09236889303351442
0.08146560848690569
0.09235574568311374
0.028142250093321004
0.09536273075267672
0.09746539750446875
0.03411665711319074
0.039167686618166046
0.03728107634737777
0.04935279089026153
0.08875846389991542
0.09264834770932794
0.048436577999964356
0.07524445811286569
0.07926115980371833
0.09442615690796326
0.039903686399726815
0.07202020903738836
0.0364443847273166
0.03208153169291715
0.07873022838495672
0.032374156489192195
0.049299562732533865
0.037354972657437126
0.04122355977461363
0.06685596049918482
0.03557980352158969
0.024234991526075948
0.024365292172878982
0.02242188628918181
0.04528975148374836
0.0320636324894925
0.023110956547316163
0.03769260876967261
0.04617521447517599
0.0366910382391264
0.037124675251543525
0.03844965970221286
0.025387464510664964
0.027424005058128385
0.025286794297086697
0.025612462578186144
0.02538540138086925
0.024061774996419746
0.02992960935458541
0.02992960935458541
0.06661747889049972
0.06931714070029557
0.0791676327213645
0.03554074505964915
0.05342171878243486
0.07958780586409073
0.03584658410050906
0.039688600266817954
0.0526710824877955
0.03326476306964954
0.03199444646015763
0.04079772148126115
0.033088892547336095
0.03981769644888118
0.03288090906338766
0.034739494723811125
0.07184401579046001
0.03214294049500798
0.03364030516551186
0.035153729643983146
0.07294938291190192
0.03520210059980551
0.04306740681640804
0.03288287163479254
0.04319167914024244
0.04704020491490762
0.03225475100800395
0.03216267770738341
0.0384232942496116
0.03584602004926031
0.03972101364284754
0.03431437899669011
0.03568232284082721
0.04122738958724464
0.03193536079876746
0.040823242194019255
0.042634944401991864
0.02911568298897085
0.038500092548783865
0.035317427705740555
0.027671140125797442
0.033503506127744914
0.047965525405015794
0.03874397558858618
0.03511691304777438
0.03691195378817307
0.03677672520202274
0.034879076144037145
0.03349978581536561
0.035451251931566126
0.03277830445789732
0.032461001755824934
0.033048116709881774
0.04414053421622763
0.04345390307057338
0.03087578317538525
0.044039113356654225
0.031205630098314334
0.041858224891281375
0.03483429679918724
0.02948750483687036
0.03418550950436232
0.033678956318569056
0.030217496890497082
0.04322842377936467
0.027486080611512687
0.028701653822790833
0.029231951942977806
0.03132341707979019
0.037572195999867594
0.030961098863432804
0.03075781782041304
0.02993204086824941
0.03240951935062185
0.03581938770560858
0.033436821531116344
0.04103195113595575
0.03664370565364758
0.04176114313265619
0.03990942985595514
0.03749618277419359
0.0377405570835496
0.03265453578128169
0.035129312226781624
0.03389007574723413
0.03326160163114158
0.033778735699597745
0.031684904951447
0.031684904951447
0.035663872273871675
0.034984677978403246
0.044588839523494246
0.03227177378488705
0.03196225983789191
0.03206789122195915
0.032734029653171695
0.031918978066338845
0.031010345650138334
0.031152417003565157
0.03310338622153116
0.04146913968608715
0.03362234557086292
0.03183385069559639
0.03479009123169817
0.039968433365381015
0.026602391780664522
0.040634404564431556
0.03320876633205141
0.03417387964514395
0.0351429766160436
0.03463519257881368
0.035941885342666256
0.036530693663128964
0.03379614280847212
0.0342370226009128
0.034047149009226514
0.03698219193999345
0.03326383832454061
0.0332992133195512
0.028142232425355664
0.03252840320812538
0.028980669242640335
0.02992960935458541
0.02992960935458541
0.02992960935458541
0.02992960935458541
0.02992960935458541
0.02992960935458541
0.02992960935458541
0.02992960935458541
0.02992960935458541
0.02992960935458541
0.02992960935458541
0.02992960935458541
0.02992960935458541
0.02992960935458541
0.02992960935458541
0.02992960935458541
0.02992960935458541
0.02992960935458541
0.02992960935458541
0.02992960935458541
0.02992960935458541
0.02992960935458541
0.02992960935458541
0.02992960935458541
0.02992960935458541
0.02992960935458541
0.02992960935458541
0.02992960935458541
0.02992960935458541
0.02992960935458541
0.02992960935458541
0.02992960935458541
0.02992960935458541
0.02992960935458541
0.02992960935458541
0.02992960935458541
0.02992960935458541
0.02992960935458541
0.02992960935458541
0.02992960935458541
0.02992960935458541
0.02992960935458541
0.02992960935458541
0.02992960935458541
0.02992960935458541
0.02992960935458541
0.02992960935458541
0.02992960935458541
0.02992960935458541
0.02992960935458541
0.02992960935458541
0.02992960935458541
0.02992960935458541
