0.7998571395874023
0.5535670518875122
0.2893643081188202
0.6784312129020691
0.5632782578468323
0.9751811027526855
1.2961331605911255
1.1488854885101318
0.8632771968841553
0.9577316045761108
0.6063739061355591
1.0672744512557983
0.5912296175956726
0.6620217561721802
1.189914345741272
1.1399023532867432
0.9960162043571472
0.4579237699508667
0.49506184458732605
1.3591035604476929
1.0595289468765259
0.3962448239326477
0.6934034824371338
0.8064045906066895
1.0104907751083374
1.0704375505447388
0.5708014965057373
0.0010393845150247216
0.5200579762458801
0.4604991376399994
0.6769055724143982
1.1610208749771118
0.48215925693511963
0.2001936435699463
0.5271493196487427
0.6633388996124268
0.6598510146141052
0.9751383066177368
0.823982298374176
1.317168116569519
0.8984816670417786
0.8574932217597961
0.4795365333557129
1.2357569932937622
0.09861023724079132
1.3224447965621948
1.139402985572815
0.6198621988296509
0.736990749835968
0.7349342703819275
0.800321102142334
0.2891300618648529
1.0989437103271484
0.6778662800788879
0.9525333046913147
0.874205470085144
1.1761934757232666
0.6143723726272583
0.5248557329177856
0.4916795492172241
0.8683925867080688
0.951708972454071
1.0373460054397583
1.067751169204712
0.5100526809692383
1.0398104190826416
1.3982611894607544
0.005691365338861942
1.0846883058547974
0.3320910930633545
0.3744000196456909
0.4995472729206085
0.4732452630996704
0.9812558889389038
0.4307388663291931
0.02395813912153244
0.6692566871643066
0.2232757955789566
1.2862881422042847
1.7192695140838623
0.8740596175193787
0.29859626293182373
0.3036414682865143
0.04187995567917824
1.2264147996902466
0.5953372120857239
0.5639398097991943
0.6620388031005859
0.13425453007221222
0.8094710111618042
0.3345595598220825
0.45098865032196045
-0.022874323651194572
1.007189154624939
0.9736815094947815
0.4448252022266388
0.32589712738990784
0.47480085492134094
0.28495699167251587
0.528444766998291
0.2527943551540375
0.35844138264656067
0.40705403685569763
0.5945300459861755
0.5672772526741028
0.5436299443244934
0.219858318567276
0.436946839094162
0.45127350091934204
0.3481349050998688
0.3951605558395386
0.11731518805027008
0.43054893612861633
0.2890293002128601
0.3182850778102875
0.410454124212265
0.39071008563041687
0.5116332173347473
0.7263486385345459
0.6774328351020813
0.6909501552581787
0.49749282002449036
0.05063437297940254
0.5548527836799622
0.9521543383598328
0.2633620500564575
0.9766724109649658
1.9914586544036865
0.046328675001859665
1.4928268194198608
0.8452664017677307
0.5118616819381714
0.2443012297153473
0.6470950245857239
0.3231811821460724
0.3237261474132538
0.38783323764801025
0.4496091604232788
0.09457217156887054
0.4210081398487091
0.4078525900840759
1.0005102157592773
0.34315139055252075
0.9648073315620422
1.0393762588500977
0.4585822820663452
0.5683394074440002
0.2692641317844391
0.3045884668827057
0.23377229273319244
0.52713543176651
0.498595267534256
0.4009057581424713
0.21952590346336365
0.7093417048454285
0.4967867136001587
0.716914713382721
0.01656954549252987
0.48217886686325073
0.4424346387386322
0.45631545782089233
0.5986790657043457
0.6981474757194519
0.5116904973983765
0.4681573510169983
0.3591289520263672
0.30047884583473206
0.3272300660610199
0.31801319122314453
0.46170300245285034
0.25630760192871094
0.5065872073173523
0.275921493768692
0.4732893705368042
0.6334463357925415
0.29297611117362976
0.5613023042678833
0.3685164451599121
0.2925111651420593
0.423024982213974
0.6142780184745789
0.4563341736793518
0.21707752346992493
0.2518828809261322
0.24807299673557281
0.4195503890514374
0.040628403425216675
1.0735328197479248
0.5688965320587158
0.4308657944202423
0.5392820835113525
0.11817793548107147
0.3692423105239868
-0.16460147500038147
0.18426905572414398
0.015346385538578033
0.025033999234437943
-0.040118128061294556
-0.07479830086231232
-0.12475708872079849
0.013617193326354027
0.46352195739746094
0.6158437132835388
0.1535012274980545
-0.029349643737077713
1.0463533401489258
0.44567880034446716
0.6288959980010986
0.7747407555580139
0.234214186668396
0.489797979593277
0.5208802819252014
0.5208802819252014
0.5208802819252014
0.5208802819252014
0.5208802819252014
0.44805172085762024
0.9966240525245667
0.7147538065910339
0.26450347900390625
0.26204660534858704
0.5279070138931274
0.46237462759017944
0.5293659567832947
0.41363319754600525
0.9581823945045471
0.5386795401573181
0.7113093137741089
0.15930089354515076
0.19973453879356384
0.04340779408812523
0.1767267882823944
0.06613194942474365
0.4277696907520294
0.38980039954185486
0.1895902305841446
0.06844519078731537
0.009652847424149513
-0.02081906609237194
0.19647298753261566
0.0422336645424366
0.10146292299032211
-0.021921517327427864
0.18629661202430725
0.9646875262260437
0.37240850925445557
0.14199674129486084
0.12697716057300568
0.2963799834251404
1.2094835042953491
0.28613585233688354
0.28613585233688354
0.28613585233688354
0.28613585233688354
0.28613585233688354
0.28613585233688354
0.28613585233688354
0.28613585233688354
0.28613585233688354
0.28613585233688354
0.28613585233688354
0.28613585233688354
0.28613585233688354
0.28613585233688354
0.28613585233688354
0.28613585233688354
0.28613585233688354
0.28613585233688354
0.839367151260376
0.4881206452846527
0.6673290133476257
0.6794888973236084
1.1590641736984253
1.5911736488342285
1.2830915451049805
0.4312441647052765
0.5572998523712158
1.2492338418960571
0.7444092035293579
1.36891770362854
0.7608098387718201
0.6516252160072327
0.533694326877594
0.34164342284202576
0.25383928418159485
0.9810412526130676
0.49188706278800964
0.5525041222572327
0.5309884548187256
0.3904667794704437
0.3738011419773102
0.39547666907310486
0.39508435130119324
1.2399694919586182
0.42332130670547485
0.4906823933124542
0.35850077867507935
0.31692978739738464
0.08713816106319427
0.28613585233688354
0.28613585233688354
0.28613585233688354
0.28613585233688354
0.28613585233688354
0.28613585233688354
0.28613585233688354
0.28613585233688354
0.28613585233688354
0.28613585233688354
1.2475143671035767
1.3230870962142944
1.3433376550674438
0.6643784642219543
0.7841972708702087
0.9573044180870056
0.6698662638664246
0.8165171146392822
0.6219250559806824
1.914942741394043
0.6339676976203918
0.13357111811637878
1.195465326309204
1.2856382131576538
1.285178303718567
1.1372569799423218
0.9088755249977112
0.42403319478034973
0.9753062129020691
0.7283321022987366
0.46970468759536743
0.4012816846370697
0.7225545048713684
0.6516251564025879
0.6005983352661133
0.6938928961753845
0.5956518650054932
0.4334793984889984
0.3826795816421509
0.7263053059577942
0.4584304094314575
0.6511124968528748
0.28274109959602356
1.0098750591278076
1.032949686050415
0.6036521196365356
0.6855646371841431
0.23143619298934937
0.18338775634765625
0.07455756515264511
0.7095115780830383
0.12998820841312408
0.28613585233688354
0.28613585233688354
0.28613585233688354
0.28613585233688354
0.28613585233688354
0.28613585233688354
0.28613585233688354
0.28613585233688354
0.28613585233688354
0.28613585233688354
0.28613585233688354
0.28613585233688354
0.596992015838623
0.6564478874206543
1.3245327472686768
0.8605623245239258
1.4663690328598022
1.5304572582244873
1.0519864559173584
0.5529236197471619
0.5529236197471619
1.022230625152588
0.8657369613647461
0.8657369613647461
0.8657369613647461
1.2304532527923584
0.4955148994922638
0.4955148994922638
0.2054532766342163
0.7195978164672852
0.8209975361824036
0.8388615846633911
0.36572369933128357
0.2640853822231293
0.8745132088661194
1.0801770687103271
1.4626182317733765
1.041948914527893
1.0352632999420166
0.23457486927509308
0.26013264060020447
0.7784328460693359
0.5055640935897827
0.05345922335982323
0.30344709753990173
0.5405484437942505
0.5656163096427917
0.486926794052124
0.3686511814594269
0.41935989260673523
0.3782435655593872
1.2880183458328247
0.39598503708839417
0.15977787971496582
0.5999781489372253
1.4994741678237915
0.05621698126196861
0.055882152169942856
0.3589031398296356
0.39628782868385315
0.334432452917099
0.16452187299728394
0.0973338782787323
0.5340178608894348
0.465885192155838
0.4073769152164459
0.32931211590766907
0.2564704418182373
0.9506086111068726
0.42958828806877136
0.8654258847236633
0.9401782155036926
0.6724318265914917
0.48886701464653015
0.39272943139076233
0.7015986442565918
0.8435429930686951
0.18667811155319214
0.15745651721954346
0.15745651721954346
0.28613585233688354
0.28613585233688354
0.28613585233688354
0.28613585233688354
0.28613585233688354
0.28613585233688354
0.28613585233688354
0.28613585233688354
0.28613585233688354
0.28613585233688354
0.28613585233688354
0.28613585233688354
0.28613585233688354
0.28613585233688354
0.28613585233688354
-0.0234406515955925
1.4531670808792114
0.9553831815719604
0.6872511506080627
0.8520218133926392
0.8431589603424072
0.18810705840587616
0.8029770255088806
0.4619870185852051
0.4619870185852051
1.2937413454055786
0.5946467518806458
0.43710604310035706
0.8229542970657349
0.642449140548706
0.284442275762558
0.9477534890174866
0.4681164622306824
0.18204346299171448
0.06987649947404861
0.06987649947404861
-0.22069051861763
0.5863117575645447
0.3125079572200775
1.235745906829834
0.19202618300914764
0.4495660662651062
0.6614967584609985
0.701683521270752
0.1929258406162262
0.6636924147605896
0.5592237710952759
0.6399526596069336
0.23070794343948364
0.47052890062332153
0.631804883480072
1.0832924842834473
0.22883300483226776
0.7295838594436646
0.08288820087909698
0.44189128279685974
0.709235429763794
0.6800785660743713
0.2948065400123596
0.4815578758716583
0.7376234531402588
0.5865902900695801
0.35022419691085815
0.7901345491409302
0.2728600800037384
0.6634817719459534
0.6571490168571472
0.5563815832138062
0.5085387825965881
0.7919374704360962
0.6817241311073303
0.5426703691482544
1.2111960649490356
1.2111960649490356
1.2111960649490356
0.8426378965377808
-0.06760304421186447
0.731503963470459
0.60617595911026
1.045958161354065
0.7387096881866455
1.1289054155349731
0.7402495741844177
0.7402495741844177
0.7402495741844177
0.39300790429115295
0.7131748199462891
0.9190188050270081
0.7484526038169861
0.7038938999176025
0.7038938999176025
0.7038938999176025
0.7038938999176025
0.7038938999176025
0.7038938999176025
0.7115048170089722
0.6806818842887878
0.5956090688705444
0.5956090688705444
0.5956090688705444
0.5956090688705444
0.7123261094093323
0.8741898536682129
0.21371912956237793
0.6505939960479736
0.5771136283874512
0.7136146426200867
0.9194192290306091
0.12786778807640076
0.12786778807640076
0.12786778807640076
0.3340058922767639
0.5912263989448547
0.6421719193458557
0.22008398175239563
0.20778292417526245
0.22008398175239563
0.955220639705658
0.35398897528648376
0.7396887540817261
0.33330440521240234
0.6315494179725647
0.46825963258743286
0.46825963258743286
0.46825963258743286
0.4978024661540985
0.7686989307403564
1.0856431722640991
1.0089575052261353
0.6628913283348083
0.3033809959888458
0.38259512186050415
0.2579014301300049
0.48889002203941345
0.31537771224975586
0.3549531400203705
0.37416815757751465
0.7368013262748718
0.3757120370864868
0.3530813753604889
0.8367753028869629
0.37574660778045654
0.6616146564483643
0.5443093180656433
0.7935404777526855
0.5010240077972412
0.3524932861328125
0.5994671583175659
0.8428534865379333
0.8896981477737427
0.38337135314941406
0.9091464281082153
0.6702233552932739
0.3619336187839508
0.501574695110321
0.5743601322174072
0.4947437345981598
0.7996959686279297
0.06706247478723526
0.5670827031135559
0.6451627016067505
0.5758075714111328
0.2443787306547165
0.047241706401109695
0.5011371374130249
0.19489683210849762
0.9705171585083008
0.7262816429138184
0.4870151877403259
0.6212694644927979
0.6615434885025024
0.48691385984420776
0.3387175500392914
0.6983407735824585
0.26710429787635803
0.39164844155311584
0.33732685446739197
0.561295211315155
0.42253974080085754
0.2253350168466568
0.01407625898718834
0.4859001636505127
0.33864718675613403
0.7417392134666443
1.035297155380249
0.18426278233528137
0.714891254901886
0.5720540285110474
0.3012448847293854
0.5520532131195068
0.48359230160713196
0.12550950050354004
0.655422031879425
0.655422031879425
0.655422031879425
0.32679396867752075
0.39410340785980225
0.5692532658576965
0.9356919527053833
0.9356919527053833
0.9356919527053833
0.31318509578704834
0.5237079858779907
0.8631449341773987
0.3661983013153076
0.963239848613739
0.963239848613739
0.5010347366333008
1.1169193983078003
0.5982158184051514
0.49246838688850403
0.9785990715026855
0.9785990715026855
0.9785990715026855
0.28731074929237366
1.0912965536117554
0.4643460214138031
0.7710191011428833
0.48405101895332336
0.5924525260925293
0.3545001149177551
0.5795712471008301
0.552992582321167
0.09245286136865616
0.4687816798686981
0.5241097211837769
0.5062178373336792
0.005790600553154945
0.25224947929382324
0.0327664315700531
0.40779945254325867
0.41025495529174805
0.4691258668899536
0.49921080470085144
0.6599773168563843
0.09575390070676804
0.2913350760936737
0.3360917866230011
1.3874624967575073
0.5852594971656799
0.6283009648323059
0.8433040380477905
0.8774760365486145
0.5237674713134766
0.9213030934333801
0.5185884237289429
0.5683057904243469
0.9309501647949219
0.4024966061115265
0.5515880584716797
0.7697470784187317
0.22266869246959686
0.12834249436855316
0.08155157417058945
0.5118910670280457
0.43719327449798584
0.2658388912677765
0.240558460354805
0.25547850131988525
0.14830203354358673
0.20202933251857758
0.5445132851600647
1.2117385864257812
0.386887788772583
0.5050267577171326
0.8433692455291748
0.3941444456577301
0.3358157277107239
0.3299194574356079
0.16462185978889465
0.28613585233688354
0.28613585233688354
0.28613585233688354
0.28613585233688354
0.28613585233688354
0.28613585233688354
0.28613585233688354
0.28613585233688354
0.28613585233688354
0.28613585233688354
0.28613585233688354
0.28613585233688354
0.28613585233688354
1.5958939790725708
0.9369487166404724
0.6891176104545593
1.1054778099060059
0.09221837669610977
0.737990140914917
0.31914228200912476
0.7930997014045715
1.003643274307251
1.0536922216415405
0.9555205702781677
0.5208184123039246
0.33915266394615173
0.5926102995872498
0.717856228351593
0.8591010570526123
0.24013876914978027
0.5186715126037598
0.6382287740707397
0.9466482996940613
0.1301506906747818
0.8900701999664307
0.23855440318584442
0.1253861039876938
0.04578886181116104
0.5199936032295227
0.8692173957824707
0.173417329788208
0.8089305758476257
0.24859870970249176
0.25512218475341797
0.6783064603805542
0.058127693831920624
0.08240384608507156
0.09841835498809814
0.1579449623823166
0.3399236798286438
0.29904240369796753
0.29904240369796753
0.6157547235488892
0.12496443092823029
0.20278069376945496
0.28613585233688354
0.28613585233688354
0.28613585233688354
0.28613585233688354
0.28613585233688354
0.28613585233688354
0.28613585233688354
0.28613585233688354
0.28613585233688354
0.28613585233688354
0.28613585233688354
0.28613585233688354
0.28613585233688354
0.28613585233688354
0.28613585233688354
0.28613585233688354
0.28613585233688354
0.28613585233688354
0.28613585233688354
0.28613585233688354
0.28613585233688354
0.28613585233688354
0.28613585233688354
0.28613585233688354
0.28613585233688354
0.28613585233688354
0.28613585233688354
0.28613585233688354
0.28613585233688354
0.28613585233688354
0.28613585233688354
0.28613585233688354
0.28613585233688354
0.28613585233688354
0.28613585233688354
0.28613585233688354
0.28613585233688354
0.28613585233688354
0.28613585233688354
0.28613585233688354
0.28613585233688354
0.28613585233688354
0.28613585233688354
0.28613585233688354
0.28613585233688354
0.28613585233688354
0.28613585233688354
0.28613585233688354
0.28613585233688354
0.28613585233688354
0.28613585233688354
0.28613585233688354
0.28613585233688354
0.28613585233688354
0.28613585233688354
0.28613585233688354
0.28613585233688354
0.28613585233688354
0.28613585233688354
0.28613585233688354
0.28613585233688354
0.28613585233688354
0.28613585233688354
0.28613585233688354
0.28613585233688354
1.6773234605789185
0.9475369453430176
0.925439715385437
0.9912647008895874
1.31930410861969
0.14408975839614868
1.0787749290466309
0.553930938243866
1.0184662342071533
0.663966178894043
1.0616447925567627
1.379901647567749
0.9363221526145935
1.0502890348434448
1.290330171585083
0.9649128317832947
0.9717822074890137
0.5179843306541443
0.6379706263542175
1.0502156019210815
0.8584319949150085
0.6504980325698853
0.7068182826042175
0.9211533665657043
0.3792148530483246
0.6376256942749023
1.1276366710662842
0.951956033706665
0.8583433628082275
0.8801064491271973
0.6418026685714722
1.009080171585083
0.5552383661270142
0.6292669177055359
1.209153175354004
0.31068021059036255
0.9311306476593018
0.6227232217788696
0.993523359298706
1.0943344831466675
0.9580809473991394
0.26719000935554504
0.38498586416244507
0.45469632744789124
1.1921485662460327
0.261008620262146
0.9425033926963806
0.6370072960853577
0.9445325136184692
0.9673420786857605
0.7443708777427673
0.5638983249664307
0.373270720243454
0.7089942097663879
0.9354014992713928
0.8683528304100037
0.9353499412536621
0.9218986630439758
0.7091504335403442
0.373909592628479
0.780476450920105
0.9518135190010071
1.0902575254440308
0.5633777379989624
1.0368319749832153
0.9024814367294312
0.9396583437919617
1.0394082069396973
0.8144169449806213
1.024295449256897
0.5460318922996521
0.9740027785301208
0.33643972873687744
0.8794374465942383
0.8794374465942383
0.8794374465942383
0.8794374465942383
0.32019004225730896
0.84102463722229
0.84102463722229
0.9096853733062744
0.7274707555770874
0.7274707555770874
0.9129348993301392
0.8034046292304993
0.8034046292304993
0.9313073754310608
1.0599021911621094
0.9669638872146606
0.7116860151290894
0.30797553062438965
0.292560338973999
0.30797553062438965
0.916994035243988
1.027649164199829
0.23265226185321808
1.0336624383926392
0.2065885066986084
0.7303264737129211
0.8814921379089355
0.2587380111217499
1.0056828260421753
0.3318176865577698
0.30682095885276794
0.9291793704032898
0.3384588062763214
0.4257674813270569
0.2461508959531784
0.7266810536384583
0.8388553857803345
0.9408149719238281
1.037652611732483
0.26915091276168823
0.2842203974723816
0.27199652791023254
0.28668639063835144
0.9485862851142883
0.34672069549560547
0.7008671760559082
0.7291879653930664
0.23479750752449036
0.28149181604385376
0.6256837844848633
0.6586834192276001
0.3502159118652344
0.7237548232078552
0.29566746950149536
0.9052187204360962
0.7840490937232971
0.9670089483261108
0.373830109834671
0.23882043361663818
0.6521101593971252
0.9245450496673584
0.20171678066253662
0.8828914761543274
0.28471434116363525
0.8766465187072754
0.2985398471355438
0.3655328154563904
0.7616881132125854
0.4725114703178406
0.24759191274642944
0.49201175570487976
0.480233758687973
0.2247093766927719
0.20551146566867828
0.45549067854881287
0.1139938160777092
0.5520561933517456
0.31417304277420044
0.31417304277420044
0.5164103507995605
0.13972575962543488
0.28216254711151123
0.28613585233688354
0.28613585233688354
0.28613585233688354
0.28613585233688354
0.28613585233688354
0.28613585233688354
0.28613585233688354
0.28613585233688354
0.28613585233688354
0.28613585233688354
0.28613585233688354
0.28613585233688354
0.28613585233688354
0.28613585233688354
0.28613585233688354
0.28613585233688354
0.28613585233688354
0.28613585233688354
0.28613585233688354
1.2123606204986572
0.8559629917144775
1.402685523033142
0.7773821949958801
1.2186527252197266
0.8410818576812744
0.37075039744377136
0.6595154404640198
0.311266154050827
0.7816082239151001
-0.06681784987449646
1.0727970600128174
1.047910451889038
1.7674888372421265
0.2924497723579407
0.3599638342857361
0.24748897552490234
0.4432910978794098
1.1714919805526733
0.7322679758071899
0.5869346261024475
0.9830083847045898
0.21649330854415894
0.9135927557945251
1.2120270729064941
0.13325567543506622
0.4108319580554962
0.031566690653562546
0.5363811254501343
-0.06774137914180756
0.10882416367530823
0.15548281371593475
0.24472513794898987
0.28113558888435364
0.22170741856098175
0.34842976927757263
0.1628284752368927
0.36966997385025024
-0.03585720807313919
0.016080264002084732
-0.19439782202243805
0.16187597811222076
0.026207825168967247
0.5817446708679199
0.27557241916656494
0.08745469897985458
0.1859084665775299
0.4588308036327362
0.3817409574985504
0.1636863350868225
0.049469608813524246
-0.0014250646345317364
0.6660071611404419
0.1429765671491623
0.1346883475780487
0.18578822910785675
0.08726330101490021
0.4550069570541382
-0.07278937101364136
0.8143892288208008
0.31825560331344604
0.16087228059768677
0.27124640345573425
0.03585990518331528
0.26732003688812256
0.08691643178462982
0.4594835937023163
0.061123449355363846
0.10338450968265533
0.22786757349967957
0.17539575695991516
0.0977260172367096
0.20921023190021515
-0.06976015120744705
0.4204636216163635
0.2003345489501953
1.2195571660995483
0.3042065501213074
0.7336341142654419
0.29036056995391846
0.12023835629224777
0.19839635491371155
0.1665222942829132
0.2114081233739853
0.18491658568382263
0.19977059960365295
0.4057334065437317
0.5253946185112
0.5979117751121521
0.1594507396221161
-0.07236819714307785
0.22286337614059448
0.06254759430885315
0.21586363017559052
0.25324904918670654
0.1412595957517624
0.05102512985467911
0.2448660433292389
0.24455222487449646
0.35228997468948364
0.2774679958820343
0.5514909625053406
0.20591437816619873
0.10806332528591156
0.363101601600647
0.10144268721342087
0.32914531230926514
0.14075718820095062
0.23335202038288116
-0.262905478477478
-0.19664640724658966
0.3177611827850342
0.5885798931121826
0.022602763026952744
0.4471193552017212
0.3256458044052124
0.5364123582839966
0.2567148804664612
0.08163511753082275
0.5412338376045227
0.24634823203086853
0.3818105161190033
-0.17583778500556946
0.2993553578853607
0.1331963986158371
-0.10904065519571304
0.2639292776584625
0.2059692144393921
0.08218811452388763
0.12146097421646118
0.03790661692619324
0.1411009132862091
0.2616041600704193
0.262381374835968
0.28792232275009155
0.21680991351604462
0.1214442178606987
0.5814201235771179
0.3796607553958893
0.3707970082759857
0.34016963839530945
0.34001341462135315
0.34001341462135315
0.2870556712150574
0.34001341462135315
0.34001341462135315
0.12914922833442688
0.28613585233688354
0.28613585233688354
0.28613585233688354
1.8423136472702026
0.4708573520183563
0.8059596419334412
0.5140197277069092
0.8177785277366638
1.123631238937378
0.39751940965652466
0.7773287296295166
-0.05691654235124588
0.3836539387702942
0.5747137069702148
0.3962828814983368
-0.021252905949950218
0.2758811116218567
0.20432086288928986
0.30874842405319214
0.3470532298088074
0.08726344257593155
0.1704234927892685
1.3009270429611206
0.6313496828079224
0.7415040731430054
0.19258061051368713
0.2912459671497345
0.22548510134220123
0.4157673716545105
0.5162019729614258
0.2450782209634781
0.42368313670158386
0.06495650112628937
0.21373684704303741
0.14453125
0.3516162931919098
0.7057738900184631
0.42494216561317444
0.06121731922030449
0.038956545293331146
-0.06031148135662079
0.27672192454338074
0.08801530301570892
0.30792829394340515
0.30763259530067444
0.1801997572183609
0.1453106552362442
0.35024121403694153
-0.009939483366906643
0.38597142696380615
0.20230098068714142
0.8940226435661316
0.40611815452575684
0.07720083743333817
0.3647718131542206
0.4302543103694916
0.2016012817621231
0.4857514500617981
0.03291419520974159
0.3623735308647156
0.04374249652028084
-0.04590727388858795
0.07604928314685822
0.21914976835250854
0.29480817914009094
0.06735409796237946
0.7499026656150818
0.37798699736595154
0.528772234916687
0.4354771077632904
0.32101526856422424
0.26909562945365906
0.492387056350708
-0.06084055081009865
0.18610833585262299
0.005543511826545
-0.010827060788869858
-0.026028413325548172
0.2326793372631073
0.3541104197502136
0.05360342189669609
0.20542050898075104
0.17563888430595398
0.21709080040454865
-0.16861344873905182
0.7337923049926758
0.08186854422092438
-0.08883127570152283
-0.3202013373374939
0.024633944034576416
0.11753184348344803
-0.008416589349508286
0.31288397312164307
-0.18865106999874115
-0.2813631296157837
0.2688162326812744
-0.01781037636101246
-0.07977258414030075
-0.2808380126953125
0.0070198592729866505
0.04306641221046448
0.6615132689476013
-0.12581099569797516
0.17836087942123413
0.1069796159863472
0.23123769462108612
0.06997386366128922
0.4109918475151062
0.19284284114837646
0.18909870088100433
0.08885326981544495
0.15794098377227783
-0.16805143654346466
0.22915507853031158
0.23655234277248383
0.42350685596466064
0.08276978880167007
0.3712063729763031
0.1618177592754364
-0.11838196963071823
0.4796484708786011
0.019165363162755966
0.14002369344234467
-0.14868740737438202
0.22507178783416748
0.05946802720427513
0.38377881050109863
0.4376381039619446
-0.060725606977939606
0.023416956886649132
-0.2092454582452774
0.314118355512619
-0.004568358417600393
0.03005828708410263
-0.180034339427948
0.291838139295578
0.1578844040632248
0.6614674925804138
0.2560468912124634
0.11754172295331955
1.2585294246673584
0.7960836291313171
0.6171682476997375
0.7619436979293823
0.7344357967376709
0.8461549282073975
0.6799651384353638
0.6799651384353638
0.6799651384353638
0.6799651384353638
0.5085297226905823
0.5085297226905823
1.0385451316833496
0.6921238899230957
0.2682175636291504
0.5636894702911377
0.17120161652565002
0.4471758306026459
0.1262182891368866
0.538861870765686
0.5556262731552124
0.13961802423000336
0.11224555969238281
0.24622385203838348
0.6975955963134766
0.9310875535011292
0.17283914983272552
0.3206135034561157
0.6933298110961914
0.5850344300270081
0.7812354564666748
0.863248884677887
0.8204717636108398
0.6546465158462524
0.27232056856155396
0.4225330054759979
0.538223922252655
0.816900908946991
0.3475726842880249
0.6202875971794128
0.10371456295251846
0.4638384282588959
0.4088742733001709
0.37783485651016235
0.6826719045639038
0.8559136390686035
0.7007209658622742
0.3770548105239868
0.6587601900100708
0.8701587319374084
0.5194634795188904
0.29211869835853577
0.5520300269126892
0.262989342212677
0.26505395770072937
0.37083807587623596
0.4577445387840271
1.053772211074829
0.3403705656528473
0.6994404196739197
0.22100742161273956
0.7362174987792969
0.3623788356781006
0.6462962627410889
0.49172908067703247
0.2608914077281952
0.6176223754882812
0.5001402497291565
0.9975213408470154
0.5829299688339233
0.30735746026039124
0.42235440015792847
0.7016372084617615
0.7169622778892517
0.4623618721961975
0.4317265748977661
0.4090580940246582
0.39443153142929077
0.37347108125686646
0.4030691385269165
0.43120336532592773
0.4609086513519287
0.5042200684547424
0.4427700638771057
0.4427700638771057
0.5054804682731628
0.6879799365997314
0.4701472222805023
0.5004389882087708
0.5228464603424072
0.5501320362091064
0.5438532829284668
0.5816284418106079
0.37146836519241333
0.19935961067676544
0.5894436836242676
0.6923187375068665
0.6279377937316895
0.5198544263839722
0.37670743465423584
0.47631677985191345
0.3573610484600067
0.4365609586238861
0.404541015625
0.32342711091041565
0.3765001595020294
0.3734853267669678
0.772711455821991
0.501844584941864
0.3049698770046234
0.613249659538269
0.605036199092865
0.5916473269462585
0.3822915554046631
0.5163524150848389
0.6536734700202942
0.7284352779388428
0.5874828696250916
0.33690983057022095
0.42435601353645325
0.3342764377593994
0.40968888998031616
0.2729837894439697
0.3242247700691223
0.28613585233688354
0.28613585233688354
0.28613585233688354
0.28613585233688354
0.28613585233688354
0.28613585233688354
0.28613585233688354
0.28613585233688354
1.1161115169525146
0.7533127069473267
1.2755208015441895
1.061763882637024
1.3008698225021362
1.2885186672210693
1.4659146070480347
0.7478877305984497
0.8425074219703674
0.7754290103912354
1.549412727355957
0.4041215479373932
1.5860692262649536
1.236152172088623
0.8826121091842651
0.8022505640983582
1.0263020992279053
1.2012014389038086
0.6342554688453674
0.9091585278511047
1.0116372108459473
0.6369333863258362
0.6674869656562805
0.6852818131446838
0.8714937567710876
0.5288842916488647
1.0413764715194702
0.5861725211143494
0.35787340998649597
0.6489306092262268
1.2180750370025635
1.284358024597168
1.0609183311462402
0.6229342818260193
1.720170497894287
0.21640196442604065
1.0292372703552246
0.8814353942871094
0.9071773886680603
0.8274150490760803
0.6458929181098938
0.48391830921173096
1.1420117616653442
0.9540587067604065
0.9093853831291199
1.1774110794067383
0.865291178226471
0.1489061415195465
0.5223482251167297
0.9063385128974915
1.1235536336898804
0.7087874412536621
1.6161677837371826
1.4125725030899048
1.4870777130126953
1.09939444065094
0.7659096717834473
0.872481644153595
0.46990641951560974
0.39769458770751953
0.899404764175415
0.9820581674575806
0.9627964496612549
1.2141658067703247
1.1764047145843506
1.2399544715881348
1.77614426612854
0.6275105476379395
0.7339701652526855
0.396282821893692
1.0727404356002808
0.8570060729980469
1.4276411533355713
1.071953296661377
0.41091176867485046
0.80351322889328
0.8453009724617004
0.7705152630805969
0.9607668519020081
0.30496203899383545
0.3837963938713074
0.6814942955970764
1.0296406745910645
1.0886441469192505
1.0456335544586182
0.9163883328437805
1.2208118438720703
2.08801007270813
0.852451741695404
0.3357960879802704
0.4361068308353424
1.1855101585388184
0.7354817390441895
0.8919004201889038
0.36900296807289124
1.200858235359192
0.8820695281028748
0.8820695281028748
0.8820695281028748
0.09293396770954132
1.1657558679580688
1.1657558679580688
1.1657558679580688
1.1657558679580688
1.1657558679580688
0.7466084957122803
0.8521134853363037
1.041910171508789
1.386045217514038
0.9136577844619751
0.7310207486152649
0.8349446654319763
0.7776607871055603
1.5418931245803833
0.9422197341918945
0.9422197341918945
0.9422197341918945
0.9422197341918945
0.9422197341918945
1.0302942991256714
0.723749577999115
0.7608127593994141
0.7048435807228088
0.36553409695625305
1.128410816192627
0.4378729462623596
0.7523695230484009
1.2671232223510742
0.9337449073791504
0.9818245768547058
0.2653258144855499
0.9733438491821289
0.5315654277801514
0.8108039498329163
0.6365925669670105
0.9454858303070068
0.9454858303070068
0.591360330581665
0.4663306176662445
0.9921755790710449
0.22555623948574066
0.5530964136123657
1.0184450149536133
0.75046706199646
0.6047710180282593
0.9912509322166443
0.9905375242233276
0.8365889191627502
0.9750781655311584
0.8288788795471191
0.9391101598739624
0.7707628607749939
0.9762992262840271
0.6875690817832947
0.3769371807575226
0.7685204744338989
0.7344527244567871
0.8251916766166687
0.12851884961128235
0.8085216879844666
0.4196496307849884
0.13982442021369934
0.4908372163772583
1.246991753578186
0.9696125984191895
0.5320421457290649
0.7474194765090942
0.581330418586731
1.1527668237686157
0.9898601770401001
0.6445317268371582
0.31709617376327515
0.8313323855400085
1.224184274673462
0.6301090717315674
1.3545769453048706
0.3986651301383972
0.7685315608978271
1.0545766353607178
0.8264014720916748
1.0462764501571655
1.1059062480926514
1.1895965337753296
0.9007394909858704
0.4761507511138916
0.9739619493484497
1.3914427757263184
0.6366596817970276
0.9676873087882996
0.5458611249923706
0.9433420896530151
1.3644788265228271
0.904624342918396
0.5644498467445374
0.44777899980545044
0.7784719467163086
0.9751673936843872
0.6664915680885315
1.1954048871994019
0.4500042498111725
0.6425636410713196
0.6238549947738647
0.6920774579048157
0.7505079507827759
0.40898340940475464
0.9204679131507874
0.5026437640190125
0.4052521288394928
1.0418747663497925
1.0143224000930786
1.0681298971176147
0.8578943610191345
0.5334005355834961
1.20051109790802
0.4290779232978821
0.9682847261428833
0.4329230785369873
0.5877075791358948
0.5384660959243774
0.7861852049827576
0.5180455446243286
0.4513946771621704
0.515653669834137
0.64726322889328
0.42814892530441284
0.45866596698760986
0.22938311100006104
0.31497299671173096
0.6303507089614868
0.3694942593574524
0.43967509269714355
0.2956211268901825
0.7653847336769104
0.4188474714756012
0.1506667584180832
0.4711330235004425
0.39447128772735596
0.1256561279296875
0.3706839680671692
0.35468828678131104
0.28613585233688354
0.28613585233688354
0.28613585233688354
1.2265069484710693
0.04427097365260124
1.1474021673202515
0.9613350629806519
0.7507684230804443
1.1594198942184448
1.0746196508407593
1.4307578802108765
0.6428611874580383
1.1312332153320312
1.0786091089248657
1.114516019821167
0.836712658405304
0.7813562154769897
1.0321561098098755
1.0321561098098755
0.8423691987991333
1.260034441947937
1.0448845624923706
1.0448845624923706
1.0448845624923706
1.0448845624923706
1.0631543397903442
0.9403190016746521
0.9403190016746521
0.9403190016746521
0.653049111366272
1.0868585109710693
0.8633989095687866
0.7595534920692444
0.7595534920692444
0.7595534920692444
0.7595534920692444
0.7595534920692444
0.7595534920692444
0.7093764543533325
1.0331758260726929
0.890096127986908
0.890096127986908
0.678500235080719
0.890096127986908
0.890096127986908
0.310878723859787
0.4671902358531952
0.4370640814304352
0.9098250269889832
0.5777640342712402
0.5777640342712402
0.5256472229957581
0.7602744698524475
0.8036579489707947
0.8036579489707947
1.017055630683899
0.3059059977531433
0.5511559844017029
0.820723295211792
0.3685285151004791
0.5845571756362915
0.3158981204032898
1.4989874362945557
1.1155004501342773
0.6143437623977661
1.1899993419647217
1.1170650720596313
0.8098562359809875
0.45819324254989624
1.1996181011199951
0.34196650981903076
1.165869116783142
0.4522187113761902
0.5016032457351685
0.5366823673248291
1.038122296333313
0.565266489982605
0.9176912307739258
0.38264548778533936
0.8026803135871887
0.7113667726516724
0.7107698321342468
0.06295349448919296
0.36763831973075867
1.0005437135696411
0.927596390247345
0.9292574524879456
0.7943808436393738
0.8347082138061523
0.2943043112754822
1.1429332494735718
0.9324285387992859
0.6471211314201355
0.40858516097068787
0.49108219146728516
0.739700973033905
1.0236530303955078
0.9172384142875671
0.9170663952827454
0.48487305641174316
0.7319658398628235
0.4129921495914459
0.6542753577232361
0.8720661401748657
1.1755273342132568
1.3289185762405396
1.0061767101287842
0.9063239097595215
0.8779634237289429
0.7464271783828735
1.0290184020996094
0.23519106209278107
0.31515809893608093
0.8104840517044067
0.4387236535549164
0.9220020771026611
0.3464834988117218
0.7874861359596252
0.8251643180847168
1.225988507270813
1.02278733253479
0.8479727506637573
0.9660795331001282
1.0013021230697632
0.948399007320404
1.0395737886428833
0.9810270071029663
0.7726288437843323
0.9036832451820374
0.894643247127533
0.24305769801139832
0.4127030074596405
0.6897882223129272
0.6346641778945923
1.2432985305786133
1.197811484336853
0.14350101351737976
0.6127898693084717
0.596055269241333
0.8348919749259949
-0.10127212852239609
0.8018350005149841
0.35919177532196045
0.381290465593338
0.8552480340003967
1.0088168382644653
0.951014518737793
1.0733815431594849
0.23254619538784027
0.010809856466948986
0.8980335593223572
0.8835841417312622
0.05229616537690163
0.3652493357658386
0.2412344068288803
0.1708158701658249
0.28099900484085083
0.6334928274154663
0.3178306818008423
0.4136239290237427
0.15408863127231598
0.28136879205703735
0.27449071407318115
0.6628773808479309
0.25170284509658813
1.0388530492782593
0.2657214105129242
1.0645372867584229
0.8251773715019226
0.359219491481781
0.2762705385684967
0.26006612181663513
0.25860610604286194
0.14814285933971405
0.1219206228852272
0.16805055737495422
0.2079256922006607
0.635583221912384
0.3344830870628357
0.10692073404788971
0.4184325337409973
0.03115619160234928
0.28613585233688354
0.28613585233688354
0.28613585233688354
0.28613585233688354
0.28613585233688354
0.28613585233688354
0.28613585233688354
0.28613585233688354
0.28613585233688354
0.28613585233688354
0.28613585233688354
0.28613585233688354
0.28613585233688354
0.28613585233688354
1.3283917903900146
0.4008859694004059
0.9510205984115601
0.6853975653648376
0.5946944952011108
0.3671113848686218
1.0417726039886475
0.6579976081848145
0.3847734034061432
0.6225035190582275
0.6767382025718689
0.5899960994720459
1.191733717918396
1.028491497039795
0.4951356053352356
0.5373607873916626
0.7825860381126404
0.6360861659049988
1.3450099229812622
0.6812025308609009
0.9754352569580078
0.5324023365974426
1.1075236797332764
1.0197844505310059
0.4451667070388794
0.936560332775116
0.5501013398170471
1.749019742012024
1.2629730701446533
0.4315855801105499
0.6626705527305603
0.45788565278053284
0.7051219940185547
1.016546607017517
1.0264475345611572
0.5151098370552063
1.0566045045852661
0.8447714447975159
0.1547897756099701
1.0520589351654053
0.8562894463539124
1.0060548782348633
0.5587672591209412
0.526362419128418
0.2836892008781433
0.6755495071411133
0.5434313416481018
0.6325754523277283
0.317022442817688
0.5930414199829102
0.9024714231491089
1.337841272354126
0.6312122344970703
0.4717089533805847
0.7181289792060852
0.5617055892944336
0.3078036308288574
0.24239076673984528
1.4272046089172363
0.3120685815811157
0.6032772064208984
0.4563925862312317
0.34063294529914856
0.3736320436000824
0.09984041005373001
0.646953821182251
1.3292628526687622
0.08856619149446487
0.17562128603458405
0.3698919713497162
0.5830681920051575
0.3215327262878418
1.4780974388122559
0.3115623891353607
0.10702315717935562
0.22318562865257263
0.3554481565952301
0.29992491006851196
0.4757145047187805
0.7518021464347839
0.3155800998210907
0.36155906319618225
0.8465499877929688
0.42570191621780396
0.537826657295227
0.3361366391181946
0.31095489859580994
0.6144761443138123
0.10821239650249481
0.65077143907547
0.3932225704193115
0.4540483355522156
0.40855029225349426
0.49547475576400757
0.1708504855632782
0.9174817204475403
0.46047505736351013
0.9662032723426819
0.6230920553207397
0.47635143995285034
0.2745603621006012
0.8038171529769897
0.6280813217163086
0.6512052416801453
0.6178364753723145
1.431549310684204
0.657952606678009
0.39847996830940247
0.5930906534194946
0.8373338580131531
0.6471384167671204
0.2965275049209595
0.44101667404174805
0.5698047280311584
0.4153294861316681
0.5639652013778687
0.36194077134132385
0.47902992367744446
0.6665618419647217
0.5930361151695251
0.4605936110019684
0.3541794419288635
0.29113802313804626
0.7010713815689087
0.5815283060073853
0.5225536227226257
0.8090982437133789
0.44422754645347595
0.944246232509613
1.4097000360488892
1.3855006694793701
0.13543285429477692
0.2356007695198059
0.33988040685653687
0.44227978587150574
0.390819251537323
0.6179054379463196
0.41554009914398193
0.76474529504776
0.76474529504776
0.2665141820907593
0.48035427927970886
0.5416377186775208
0.6603478789329529
0.6882264614105225
0.37162506580352783
0.6304511427879333
0.6304511427879333
0.5746514201164246
1.1025840044021606
1.2448885440826416
0.5883946418762207
1.119500994682312
0.48617178201675415
0.703726053237915
0.6536535620689392
0.8086621165275574
0.32888084650039673
0.32888084650039673
0.32888084650039673
0.32888084650039673
0.32888084650039673
0.12316612154245377
0.3913143575191498
0.6165114045143127
0.8558756113052368
0.6724595427513123
0.3654290735721588
0.973310649394989
0.41537344455718994
0.6245683431625366
0.7280059456825256
0.9003933668136597
1.4674150943756104
0.7257243394851685
0.8065716028213501
0.5571188926696777
0.7978003025054932
0.4900112748146057
0.3270958662033081
0.09350913763046265
1.180284857749939
0.708855390548706
0.8064172863960266
0.7944742441177368
0.643187940120697
0.8982618451118469
0.9865491986274719
0.4663446247577667
0.3716639578342438
0.6930490136146545
0.5081942081451416
0.10495270788669586
0.731615424156189
0.4386596083641052
0.39318105578422546
0.6418119072914124
0.3945484161376953
1.0119831562042236
0.9258626699447632
0.5089578032493591
0.7154737710952759
1.660070776939392
0.19554385542869568
1.0046015977859497
0.4475003182888031
0.9064567685127258
0.9788010120391846
0.7315335869789124
0.48255547881126404
0.17557385563850403
0.9020792841911316
0.49625200033187866
0.25736141204833984
0.38082078099250793
0.526797354221344
0.6577182412147522
0.707730770111084
0.49353548884391785
0.4652560353279114
0.8680043816566467
0.3138660192489624
0.7841523885726929
0.6489728093147278
1.3207755088806152
0.16279014945030212
0.8244666457176208
0.4756515324115753
0.8167549967765808
0.3018912971019745
0.3335055708885193
0.32474029064178467
0.7991759181022644
0.6513526439666748
0.48152750730514526
0.4265540838241577
0.44807761907577515
0.4304051101207733
1.0911896228790283
0.42178186774253845
0.5759724974632263
0.3132040798664093
0.30123546719551086
0.26425957679748535
0.3846721947193146
0.6332852244377136
0.6050302386283875
0.12294682115316391
0.2295694500207901
0.6337642073631287
0.1689205914735794
0.2756505608558655
0.48652714490890503
0.6202659606933594
0.5382954478263855
0.13391561806201935
0.1490308940410614
0.5187838673591614
0.379619836807251
0.44551384449005127
0.6951706409454346
0.4062923789024353
0.5033423900604248
1.3638288974761963
0.22237803041934967
0.35354331135749817
0.3966137766838074
0.3539581000804901
0.4320710301399231
0.3284565806388855
0.47464969754219055
0.4515857696533203
0.1779433786869049
0.3338489234447479
0.40154457092285156
0.5552607178688049
0.28621530532836914
0.5128392577171326
0.4104121923446655
0.4340033531188965
0.3321453928947449
0.3228481709957123
0.5591142177581787
0.4759508967399597
0.31731978058815
0.10379737615585327
0.45773330330848694
0.35583025217056274
0.11161793768405914
0.0336865670979023
0.17322193086147308
0.1815025955438614
0.34287697076797485
0.13178277015686035
0.24829351902008057
0.1839861422777176
0.21538671851158142
0.5025618672370911
0.6535786390304565
0.2602608799934387
0.18967895209789276
0.27324196696281433
0.12022717297077179
0.5322422385215759
0.2516174912452698
0.14384202659130096
0.3203800916671753
0.49950090050697327
0.5063353776931763
0.4537683129310608
0.16462185978889465
0.16462185978889465
0.28613585233688354
0.28613585233688354
0.28613585233688354
0.28613585233688354
0.28613585233688354
0.28613585233688354
0.28613585233688354
0.28613585233688354
1.2209988832473755
1.1684330701828003
0.9960065484046936
0.6687862873077393
0.2391025871038437
0.27250075340270996
0.3084964454174042
0.5784491300582886
0.35802239179611206
0.25901880860328674
0.09875106811523438
0.12301486730575562
0.7897576093673706
0.011317210271954536
0.2529307007789612
0.14129160344600677
1.3605258464813232
0.17237673699855804
0.17048421502113342
0.008099195547401905
-0.18665242195129395
0.3379211723804474
0.5040172338485718
0.059996314346790314
0.14053571224212646
-0.035008348524570465
0.45153218507766724
0.184097021818161
-0.08165016025304794
-0.006636689882725477
0.11756967753171921
0.03802810236811638
0.4102570414543152
-0.0355381965637207
-0.09168357402086258
0.09531295299530029
0.2984793782234192
1.3223501443862915
0.30586501955986023
0.15838079154491425
0.0032389506231993437
-0.02616281621158123
0.09725726395845413
0.014485381543636322
0.02268567681312561
0.05926961824297905
0.13391436636447906
0.08585964143276215
0.23936587572097778
0.633588969707489
-0.062463629990816116
0.07179589569568634
0.5199941992759705
0.5284635424613953
-0.017475752159953117
0.5659381747245789
0.22320491075515747
0.12831483781337738
0.6916788220405579
-0.12489164620637894
0.5030553936958313
0.26765719056129456
0.11873313784599304
0.34616053104400635
0.05679863691329956
0.3164115250110626
0.4433235228061676
0.32062527537345886
0.46787557005882263
0.43268343806266785
1.1301677227020264
0.49159035086631775
0.9143950939178467
0.39116978645324707
0.2972319424152374
0.6234908699989319
0.2674228250980377
0.5220311880111694
0.7696869969367981
0.1537889987230301
-0.009413918480277061
0.053275831043720245
0.4351312518119812
0.14005130529403687
0.7375065684318542
0.41288894414901733
0.5800666213035583
0.6048372983932495
0.6111254692077637
0.6111254692077637
0.6527543663978577
0.221689835190773
0.221689835190773
0.221689835190773
0.221689835190773
0.221689835190773
0.221689835190773
0.221689835190773
0.221689835190773
0.221689835190773
0.221689835190773
0.221689835190773
0.221689835190773
0.221689835190773
0.221689835190773
0.221689835190773
0.221689835190773
0.221689835190773
0.221689835190773
0.221689835190773
0.221689835190773
0.221689835190773
0.221689835190773
0.221689835190773
0.221689835190773
0.221689835190773
0.221689835190773
0.221689835190773
0.221689835190773
0.221689835190773
0.221689835190773
0.221689835190773
0.221689835190773
0.221689835190773
0.221689835190773
0.221689835190773
0.221689835190773
0.221689835190773
0.221689835190773
0.221689835190773
0.221689835190773
0.221689835190773
0.221689835190773
0.9451590776443481
1.304811954498291
0.7864935994148254
0.5030385851860046
0.8114253282546997
0.35847699642181396
0.319224089384079
0.9634063839912415
1.0895156860351562
1.1251145601272583
1.0109432935714722
0.3623715043067932
0.6600660085678101
1.0081063508987427
0.5769282579421997
0.11007209122180939
0.6456311345100403
0.23304718732833862
0.7133809924125671
0.6406343579292297
0.6805300712585449
0.8517685532569885
0.12305416911840439
1.0702083110809326
0.147036612033844
0.18195122480392456
0.18195122480392456
0.48307734727859497
0.3309476971626282
0.6050657629966736
0.7037493586540222
0.7240979671478271
0.6118289232254028
1.1304569244384766
0.2890250086784363
1.1104668378829956
0.7548874616622925
0.4341397285461426
0.5367031693458557
0.6207005977630615
0.49586373567581177
0.7998329401016235
0.6966043710708618
0.532143771648407
0.4736725091934204
0.6014507412910461
0.4644767642021179
0.5463301539421082
0.6383809447288513
0.6193836331367493
0.36375126242637634
0.4315072298049927
0.6818691492080688
0.7891818284988403
0.7516364455223083
0.47709211707115173
0.45913293957710266
0.9078971147537231
0.3107530176639557
0.6843941807746887
0.8034828305244446
0.7885293364524841
0.7885293364524841
0.659904420375824
0.656471848487854
0.7407248020172119
0.7407248020172119
0.7407248020172119
0.7407248020172119
0.58575439453125
0.6500787734985352
0.6778218746185303
0.6778218746185303
0.6778218746185303
0.2608867287635803
0.5672471523284912
0.39411306381225586
0.598393976688385
0.598393976688385
0.4867401123046875
0.5483411550521851
0.7249845266342163
0.4531206786632538
0.8408591151237488
0.5699717402458191
0.3800331950187683
0.4434124827384949
0.3898688554763794
0.5446179509162903
0.5105937719345093
0.4613332748413086
0.48053663969039917
0.539807915687561
0.4736412763595581
0.4654231071472168
0.47244715690612793
0.44071322679519653
0.39178594946861267
0.8094991445541382
0.33586975932121277
0.4006119966506958
0.38681522011756897
0.3714522123336792
0.4478616416454315
0.6290903687477112
0.3220658600330353
0.5871685147285461
0.5318436026573181
0.629672646522522
0.5122597813606262
0.3160569965839386
0.42254549264907837
0.5540995597839355
0.34070712327957153
0.19546553492546082
0.41536831855773926
0.3223823010921478
0.18916326761245728
0.26683855056762695
0.24467788636684418
0.27425912022590637
0.25779053568840027
0.21165189146995544
0.13397671282291412
0.5834007859230042
0.7354536056518555
0.6959076523780823
0.7354536056518555
0.28613585233688354
0.28613585233688354
0.28613585233688354
0.28613585233688354
0.28613585233688354
0.28613585233688354
0.28613585233688354
0.28613585233688354
0.28613585233688354
0.28613585233688354
0.28613585233688354
0.28613585233688354
0.28613585233688354
0.28613585233688354
0.28613585233688354
0.28613585233688354
0.28613585233688354
0.28613585233688354
0.28613585233688354
1.4342544078826904
0.618649959564209
1.045302152633667
0.8113255500793457
0.6192762851715088
0.2842458486557007
0.7547110915184021
1.5981005430221558
1.1935160160064697
0.3098822832107544
0.5705960392951965
0.8873091340065002
0.772131085395813
0.6620115041732788
0.14999327063560486
0.33250898122787476
0.7036911249160767
1.886655330657959
0.5664199590682983
0.977249026298523
0.8547900319099426
0.8547900319099426
0.8547900319099426
1.0433223247528076
0.9373326897621155
0.22686727344989777
0.4837123453617096
-0.07589136064052582
0.840313732624054
-0.058809779584407806
0.45514723658561707
-0.11439625918865204
0.6789145469665527
0.6303343176841736
0.41182607412338257
0.3458710312843323
1.1882898807525635
0.5082789063453674
0.9091870188713074
0.7993599772453308
0.09404435008764267
0.5622087121009827
0.6046037673950195
0.30736246705055237
0.2212800830602646
0.10198327153921127
0.11655548959970474
-0.07082714140415192
0.08194128423929214
0.11161614209413528
0.19069527089595795
0.2287549376487732
0.7881454229354858
-0.012061210349202156
0.1628214567899704
0.5787966251373291
-0.09139490127563477
0.7837493419647217
0.3181084990501404
0.4991421401500702
0.01892915554344654
-0.21520891785621643
0.1321028620004654
0.1870688498020172
0.34858250617980957
0.26805055141448975
0.49370306730270386
0.3174815773963928
0.40932726860046387
0.922435998916626
0.41450369358062744
-0.04008719325065613
0.2072061151266098
0.3236944377422333
0.6444803476333618
0.28613585233688354
0.28613585233688354
0.28613585233688354
0.28613585233688354
0.28613585233688354
0.28613585233688354
1.021544098854065
1.095832109451294
0.7720934748649597
1.4090142250061035
1.4753881692886353
0.5610904097557068
0.28337839245796204
0.28337839245796204
0.675291121006012
0.8512334227561951
0.8512334227561951
0.8512334227561951
0.7133873701095581
-0.015949387103319168
0.9063028693199158
0.6401092410087585
0.6401092410087585
0.8873814940452576
0.5145254135131836
0.5145254135131836
0.5145254135131836
1.0408439636230469
0.5168325304985046
-0.0688588097691536
0.8254984617233276
1.3354700803756714
1.0022132396697998
0.47762414813041687
0.5965237617492676
0.7314876317977905
0.8207671046257019
0.970322847366333
0.9183489680290222
0.5132192373275757
0.8363635540008545
0.6167382001876831
0.8932598233222961
0.9770784378051758
0.8252144455909729
1.0770084857940674
1.1750943660736084
1.0495483875274658
1.00394606590271
0.996514081954956
1.218186855316162
0.9228956699371338
0.7901604771614075
0.7901604771614075
0.9159008860588074
0.7884931564331055
0.847038984298706
0.847038984298706
0.847038984298706
0.847038984298706
0.7903499007225037
1.0268234014511108
1.0268234014511108
1.0268234014511108
1.0268234014511108
1.0268234014511108
0.6332351565361023
1.0647475719451904
1.0647475719451904
1.0647475719451904
0.8245636820793152
1.025530219078064
1.025530219078064
1.1423405408859253
1.2299284934997559
1.2383556365966797
1.0866975784301758
1.1550991535186768
0.6398167610168457
1.0110183954238892
1.0115593671798706
0.9565733075141907
0.9565733075141907
0.5441064834594727
0.9492409825325012
1.097115397453308
0.9218894839286804
1.2325713634490967
1.2901109457015991
0.8287471532821655
1.124048113822937
0.49456584453582764
0.41546180844306946
0.898966372013092
1.1175203323364258
0.4708278179168701
0.13919751346111298
1.131251335144043
0.6933280825614929
0.32043784856796265
0.9304471015930176
1.3783810138702393
0.9319179654121399
0.5956588983535767
0.9072431325912476
0.5370040535926819
1.0179945230484009
0.8539073467254639
0.5673784017562866
0.9576970934867859
0.9049766063690186
0.9200405478477478
0.3808338940143585
0.2758810222148895
0.7108767628669739
0.8822535872459412
0.8315884470939636
0.6593050360679626
0.5410645008087158
0.8837113976478577
0.6516588926315308
0.8173563480377197
0.8746062517166138
0.4274401068687439
0.5532081723213196
0.37126386165618896
0.7619755864143372
0.7096775770187378
0.278756320476532
0.7613298296928406
1.0032917261123657
0.23621521890163422
0.6222944259643555
0.6788625121116638
0.5686177015304565
0.6517059206962585
0.26469242572784424
0.27892717719078064
0.28613585233688354
0.28613585233688354
0.28613585233688354
0.28613585233688354
0.28613585233688354
0.28613585233688354
0.28613585233688354
0.28613585233688354
0.28613585233688354
0.28613585233688354
0.28613585233688354
0.28613585233688354
0.28613585233688354
0.28613585233688354
1.7647329568862915
0.39786970615386963
1.0600688457489014
1.24174165725708
0.755473256111145
1.0573933124542236
1.0648279190063477
1.1803419589996338
1.3835819959640503
1.7813739776611328
0.9001323580741882
1.024413824081421
1.1496877670288086
1.4413464069366455
1.4413464069366455
0.6304572820663452
0.47050294280052185
1.1114435195922852
0.8226815462112427
0.569490373134613
0.746675968170166
0.7539342641830444
0.9833784699440002
0.3986819088459015
0.5377318859100342
0.29047176241874695
0.11861874163150787
0.8037273287773132
0.8072599172592163
0.6953327059745789
0.7897730469703674
0.7273558974266052
0.25363799929618835
0.40621837973594666
-0.028076812624931335
0.29768988490104675
0.1653081476688385
0.3233562409877777
0.8381257057189941
0.3167072534561157
0.3030160367488861
0.46546605229377747
0.5755423307418823
0.4099363088607788
-0.09762632101774216
0.26873162388801575
0.4687422513961792
0.21298326551914215
0.24395322799682617
0.3288920521736145
1.0725027322769165
0.49468234181404114
0.553639829158783
-0.08689533919095993
0.5054923295974731
-0.33131980895996094
0.36700278520584106
0.6610682010650635
0.245574489235878
0.26137471199035645
0.459209144115448
0.4157407283782959
0.6659807562828064
0.31825265288352966
0.03088187240064144
0.6575105786323547
0.24384371936321259
0.2049109786748886
0.4261317551136017
0.5578859448432922
0.39534828066825867
0.10035618394613266
0.397758811712265
0.6564094424247742
0.3410862982273102
0.2839846909046173
0.2875330150127411
-0.11195344477891922
0.4160733222961426
0.3623173236846924
0.2200794667005539
0.4636933505535126
0.37532779574394226
0.6025901436805725
0.3090344965457916
0.5215699672698975
0.267233669757843
0.4063453674316406
0.4160015285015106
0.4433307349681854
0.4878365993499756
0.5033700466156006
0.8995615839958191
0.5962133407592773
0.2066928595304489
1.0933914184570312
0.4186306297779083
0.49526476860046387
0.5323355793952942
0.3165472447872162
0.2805004119873047
0.4313834309577942
0.48097866773605347
0.29422760009765625
0.6979184150695801
-0.014270160347223282
0.15136845409870148
0.2236625701189041
0.37797707319259644
0.4391963481903076
0.3671937584877014
0.33120012283325195
0.39376169443130493
0.48347994685173035
0.1843966394662857
0.4366183280944824
0.5983482599258423
0.29503461718559265
0.11587261408567429
0.07972081750631332
0.2570890784263611
0.12153970450162888
-0.014740300364792347
0.3700646162033081
0.10094728320837021
0.13181021809577942
0.5160285830497742
0.38726457953453064
0.5161922574043274
0.35922786593437195
0.3509363830089569
0.28613585233688354
0.28613585233688354
0.28613585233688354
0.28613585233688354
1.0533331632614136
1.2808862924575806
0.11376334726810455
0.5436829328536987
1.2567559480667114
0.9000434875488281
0.5789930820465088
0.6246930360794067
0.6224076151847839
1.2944451570510864
0.869597315788269
0.429257869720459
0.8448041677474976
0.7166926264762878
0.975726306438446
0.5306215286254883
0.6256681084632874
0.03042733296751976
0.48729199171066284
0.8533254861831665
0.6602863073348999
0.47393667697906494
0.5203103423118591
0.9827268719673157
0.4169553518295288
1.1504379510879517
0.5777162313461304
0.980266809463501
0.26372620463371277
0.31984516978263855
0.7411837577819824
0.5823186635971069
-0.08966629952192307
1.1631568670272827
0.7144680023193359
0.5849658846855164
0.690094530582428
0.9275859594345093
0.6873498558998108
0.4062999486923218
0.19292648136615753
0.47829490900039673
0.32027682662010193
0.5442832112312317
0.22385989129543304
0.4057316184043884
0.18933917582035065
0.5069612860679626
0.6288589835166931
-0.0568457767367363
0.3004644513130188
0.293806254863739
0.03222803398966789
-0.0549422912299633
0.17956312000751495
0.22489936649799347
0.17671555280685425
0.7084249258041382
-0.17872367799282074
0.2235940396785736
0.3533036708831787
0.45250362157821655
0.4878806173801422
0.3611881136894226
-0.13049031794071198
0.3004084527492523
0.15857933461666107
0.3689199388027191
0.03512696549296379
0.03447270765900612
0.21025992929935455
0.6570172905921936
0.2880067527294159
0.4222680926322937
0.10731562227010727
0.35770243406295776
0.3982818126678467
0.2113545686006546
0.3306032121181488
0.17207856476306915
0.36346107721328735
0.13206112384796143
0.08608324080705643
0.4747779965400696
0.34679514169692993
0.4529815912246704
0.12482812255620956
0.28401893377304077
0.39835870265960693
0.3836575448513031
0.35749128460884094
0.35749128460884094
0.30316194891929626
0.3324454128742218
0.3404015004634857
0.15781337022781372
0.45563530921936035
0.010187383741140366
0.5596317648887634
0.30206096172332764
0.3306964933872223
1.4392117261886597
0.1793055385351181
0.5854187607765198
0.5854187607765198
0.5854187607765198
0.24314378201961517
0.20819208025932312
0.44152525067329407
0.36805665493011475
0.574023962020874
0.941507875919342
0.22713980078697205
0.45513641834259033
0.7493369579315186
0.45519158244132996
0.6114969849586487
0.9426815509796143
0.7166580557823181
0.7166580557823181
0.7166580557823181
0.7166580557823181
0.7166580557823181
0.7166580557823181
0.3936261236667633
0.3831886053085327
0.3283274173736572
0.6030368804931641
0.3356512486934662
0.19653210043907166
0.3211614787578583
0.30282682180404663
0.8272846937179565
0.5180681347846985
0.3939988613128662
0.307988703250885
0.21044698357582092
0.4849691092967987
0.7001568675041199
0.7001568675041199
0.7001568675041199
0.23175384104251862
0.3119213283061981
0.5203289985656738
0.4179738461971283
0.34742453694343567
0.8989897966384888
0.34690091013908386
0.4572950601577759
0.2628304660320282
0.24574267864227295
1.1274408102035522
0.3695788085460663
0.46083587408065796
0.4374110996723175
0.2031727433204651
0.223603755235672
0.1310863345861435
0.10980215668678284
0.5408853888511658
0.3217782974243164
0.28595492243766785
0.5173773169517517
0.39906859397888184
0.341424822807312
0.09682977199554443
0.1325644552707672
0.2118050456047058
0.19894948601722717
0.22979795932769775
0.2312730848789215
0.21228744089603424
0.6743177175521851
0.9275235533714294
0.41340792179107666
0.2700297236442566
0.2305893450975418
0.28613585233688354
0.28613585233688354
0.28613585233688354
0.28613585233688354
0.28613585233688354
0.28613585233688354
0.28613585233688354
0.40987253189086914
0.9954060912132263
0.6814472675323486
1.5806453227996826
1.1874415874481201
1.3160548210144043
0.9895834922790527
1.0110242366790771
0.8969292044639587
1.1415396928787231
0.6528562903404236
1.0993907451629639
0.3600183427333832
1.0125285387039185
0.5397157073020935
1.277319312095642
0.355152428150177
1.0319087505340576
1.0319087505340576
0.9677689075469971
0.7776603698730469
1.053895354270935
0.9245215654373169
0.4572278559207916
0.3188733458518982
0.3188733458518982
0.2451789230108261
0.2451789230108261
0.5358285307884216
0.967402994632721
0.6086268424987793
0.5431557297706604
0.24762775003910065
0.5272525548934937
0.8269414901733398
0.41544678807258606
0.8067994713783264
0.4219610393047333
0.3305053412914276
1.0958729982376099
0.4086591303348541
0.18572677671909332
0.407338947057724
0.24702511727809906
0.3344837725162506
0.4774656593799591
0.48873889446258545
0.562830924987793
0.4765287935733795
0.45153313875198364
0.1954599916934967
0.159835547208786
0.28844961524009705
0.7508612275123596
0.07280082255601883
0.43585658073425293
0.0881606936454773
0.28613585233688354
0.28613585233688354
0.28613585233688354
0.28613585233688354
0.28613585233688354
0.28613585233688354
0.28613585233688354
0.28613585233688354
0.28613585233688354
0.28613585233688354
0.28613585233688354
0.28613585233688354
0.28613585233688354
0.28613585233688354
0.28613585233688354
0.28613585233688354
0.28613585233688354
0.28613585233688354
0.28613585233688354
0.28613585233688354
0.28613585233688354
0.28613585233688354
0.28613585233688354
