0.9588074622453943
0.9588074622453943
0.9588074622453943
0.958807462245394
0.958807462245394
0.9588074622453943
0.9588074622453943
0.9588074622453943
0.9588074622453204
0.9588074622453943
0.9588074622452377
0.9588074612665414
0.9588074622376392
0.9588074622446172
0.9588074621726194
0.9588074622453888
0.9588074622453943
0.9588074622453943
0.9588074622090645
0.9588074622453943
0.9588074622453943
0.9588074622453943
0.9588074622453853
0.9588074622410564
0.9588074622453939
0.9588074600427969
0.9588074622453937
0.9588074622144981
0.958807462244897
0.9588074622453943
0.9588074622453882
0.9588074622453943
0.9588074622453913
0.9588074622453943
0.9588074622453877
0.9588074622453762
0.9588074622453943
0.9588074622453943
0.958807462245394
0.958807462245394
0.958807462245393
0.9588074622453928
0.958807462244222
0.9588074622453894
0.9588074622444794
0.9588074622453943
0.9588074622453349
0.9588074622449247
0.9588074622453935
0.9588074622453876
0.958807462244333
0.9588074622402597
0.9588074622453916
0.9588074622453192
0.9588074622453937
0.9588074622453839
0.9588074622450373
0.9588074622453855
0.9588074622416357
0.9588074622439279
0.9588074622453195
0.9588074619628
0.958807462245394
0.9588074622453782
0.9588074622450756
0.9588074622256306
0.9588074622453928
0.9588074622155967
0.9588074622452598
0.9588074622177676
0.9588074622228085
0.9588074622115882
0.9588074622313423
0.9588074622386848
0.958807462243603
0.9588074621635501
0.9588074622453117
0.9588074622055607
0.9588074622453935
0.9588074622453923
0.9588074622453923
0.958807462132691
0.9588074622376562
0.9588074556809043
0.9588074622453792
0.9588074622445053
0.958807462144975
0.9588074622186484
0.9588074622450109
0.9588074622452346
0.9588074622444747
0.9588074622429754
0.9588074543509757
0.9588074622453243
0.9588074622453484
0.95880746190544
0.9588074622000011
0.958807462241025
0.9588074622183352
0.9588074622395483
0.958807462138449
0.9588074620149247
0.9588074622411282
0.9588074609966526
0.9587808692006984
0.9588074622452324
0.9588074622453034
0.9588074622403909
0.9588074622398128
0.9588074622419992
0.9588074622207002
0.9588074622269197
0.9588074622453618
0.9588074622453802
0.9588074622119908
0.9588074620747767
0.9588074622443775
0.9588074622440952
0.9588074622440683
0.9588074622332744
0.9588074622213703
0.958807462194034
0.9588009829068276
0.9588074622453178
0.9588074622453346
0.9588074590991553
0.9588074622450627
0.9588074622446694
0.9588074615050625
0.9588074622452594
0.9588074622245424
0.9588074622044976
0.9588074577646006
0.9588073173483351
0.9588074620921252
0.9588074622351342
0.9588074620585759
0.9588074593603555
0.9588074599734083
0.9588074608047931
0.9588074622413247
0.9588074622452966
0.9588074457544692
0.9588074622232637
0.9588074622386883
0.958807456421989
0.9588074616945522
0.9588074620025054
0.958807460668278
0.958807462235857
0.9588074621824363
0.9588074622211392
0.9588067555824739
0.9588069992942831
0.9588074515873267
0.95880746206642
0.9588074460756256
0.9588074619701696
0.9588039889922149
0.9588074621500925
0.9588074621634654
0.9588074528649446
0.9588074622403839
0.9583665418029025
0.9588074620347596
0.9588074620531759
0.9588063142373173
0.9588074621513937
0.958807461616085
0.9588069605496421
0.9588074612191259
0.9588074622133809
0.9588074608201667
0.9588069881895283
0.958807462242224
0.9588074586801603
0.9588074014009681
0.9588074615753457
0.958807452612774
0.9588069719390073
0.9588074312864588
0.9588070021336557
0.9571272256034012
0.9588074619695227
0.9588074144917127
0.9588074108536759
0.9587921725771167
0.9588073855879496
0.9588073207090226
0.9588072064276967
0.9588066769254201
0.9587238401180093
0.9588014456197663
0.9355176827635707
0.9588048904462857
0.9395940528808749
0.9324415797493035
0.9562848949098062
0.9586714517075202
0.9586922017244626
0.910395847356943
0.9587646767917324
0.9587919153181687
0.8665546651090789
0.9578125561856397
0.9588074608408117
0.9588074622453906
0.9588074622453943
0.9588074622453943
0.9588071835682009
0.9588073684401418
0.9588074622453943
0.9588074622453943
0.9588074622453943
0.9588074622453943
0.9588074622453943
0.9588074622453943
0.9588074622453943
0.9588055514730276
0.9588033004537776
0.9588046658570113
0.9588022516651332
0.95879781129547
0.958806455135214
0.958801867655872
0.9588074622453943
0.9587995161461068
0.9587987088756135
0.958789122251409
0.9588074621695286
0.95877835585871
0.9587592668506588
0.9587385906917906
0.9587037426780971
0.9586947179976999
0.9586908205241321
0.9586889206861056
0.9586692837620335
0.958651882281419
0.9584697811652905
0.9582872357888312
0.9563261329816922
0.9576625237426235
0.9511247409142085
0.9462419242362686
0.9513869308413063
0.9352196222069779
0.8428507278353077
0.8830902425351639
0.6002460847987378
0.19395655822847985
0.19395655822847985
0.19395655822847985
0.19395655822847985
0.19395655822847985
0.19395655822847985
0.19395655822847985
0.19395655822847985
0.19395655822847985
0.19395655822847985
0.19395655822847985
0.19395655822847985
0.19395655822847985
0.19395655822847985
0.19395655822847985
0.19395655822847985
0.19395655822847985
0.19395655822847985
0.9588074622453943
0.9588074622453943
0.9588074622453867
0.9588071828015075
0.9588068014877188
0.9588063650893246
0.9588074622453925
0.9588074617567338
0.9588036055368524
0.9588074622453835
0.9588074622453933
0.9587970069394048
0.9587184838489506
0.9588074505008108
0.9588074622419305
0.9588074581758342
0.9578149057182808
0.9588074621680672
0.9573159651071509
0.9568447945704478
0.9554776433174226
0.9526780986598239
0.9522833490048536
0.9510780915252508
0.9483562945068521
0.9588074622409014
0.9345223027339248
0.933730338660169
0.9263267513062511
0.9587236861632731
0.7380791735933365
0.19395655822847985
0.19395655822847985
0.19395655822847985
0.19395655822847985
0.19395655822847985
0.19395655822847985
0.19395655822847985
0.19395655822847985
0.19395655822847985
0.19395655822847985
0.9588074622453943
0.9588074622453943
0.9588074545002178
0.9588074621742948
0.9588074622453943
0.9588074622453943
0.9588074622453943
0.9588074622453943
0.9588074622453943
0.9588074622453943
0.9588073118718133
0.9588071647343764
0.9588074622453939
0.9588074622453943
0.958807034955303
0.9588074622453927
0.9588046540740823
0.9588051044046211
0.9588074622453939
0.9588037811448992
0.9587592353629417
0.9588074621836193
0.958775462397894
0.9587687488385819
0.9588074610499815
0.9588074622435054
0.9587917193641019
0.9493499254956481
0.9588011913700182
0.952832031440483
0.9438559444813364
0.9588072935049178
0.9398880016576551
0.9587757045459884
0.9587965550161759
0.9586811139203641
0.9070691751472627
0.9586780759628006
0.9577155392940178
0.8663974767503
0.8594151492878768
0.6287259287497958
0.19395655822847985
0.19395655822847985
0.19395655822847985
0.19395655822847985
0.19395655822847985
0.19395655822847985
0.19395655822847985
0.19395655822847985
0.19395655822847985
0.19395655822847985
0.19395655822847985
0.19395655822847985
0.9588074622453943
0.9588074622453943
0.9588074622453943
0.9588074622453943
0.9588074622453943
0.9588074622453943
0.9588074622453943
0.9588074622453943
0.9588074622453943
0.9588074622453943
0.9588074622453943
0.9588074622453943
0.9588074622453943
0.9588074622453943
0.9588074622453943
0.9588074622453943
0.9588074622453943
0.9588074622453943
0.9588074622453943
0.9588074622453943
0.9588074622453939
0.9588071331579648
0.9588074622453943
0.9588074622453943
0.9588074622453943
0.9588074622453943
0.9588074622453943
0.9588067545403963
0.9588067562608205
0.9588074622453943
0.9588047859349469
0.9588074622453382
0.9588028946426608
0.9588012781590167
0.9587960421536472
0.9588074622451404
0.9587909136479885
0.9587912454436521
0.9587946284055481
0.958807462245393
0.9587901406142623
0.9588074622451214
0.958768825762457
0.9588074622453943
0.9587678278604347
0.958765632155688
0.9587605504408979
0.9587463592590817
0.9588040196735166
0.9543169352366914
0.9588074342851652
0.9587845654733947
0.9587664147912254
0.9587710554119167
0.9586767824024893
0.9586822862150378
0.9585808453866742
0.958424750793015
0.9586476160738419
0.958754652256045
0.8743992603472869
0.9065217102949457
0.8686390520727415
0.9567544011304249
0.9586594426362958
0.7783414043829922
0.6146102238140371
0.5682387919507959
0.19395655822847985
0.19395655822847985
0.19395655822847985
0.19395655822847985
0.19395655822847985
0.19395655822847985
0.19395655822847985
0.19395655822847985
0.19395655822847985
0.19395655822847985
0.19395655822847985
0.19395655822847985
0.19395655822847985
0.19395655822847985
0.19395655822847985
0.9588074622453943
0.9588074622453943
0.9588074622453943
0.9588074622453937
0.9588074622453943
0.9588074622453943
0.9588074622453943
0.9588074622453943
0.9588074622453943
0.9588074622453943
0.958807462245392
0.9588074622453943
0.9588074622453943
0.958807462245394
0.9588074622453943
0.9588074622453943
0.9588074622453943
0.9588074622453943
0.9588074622453943
0.9588074622453943
0.9588074622453943
0.9588074622453943
0.958807462245394
0.9588074622453943
0.9588074622453943
0.958807462245394
0.9588074622453939
0.9588074622453943
0.9588074622453943
0.9588074622431297
0.9588074622453943
0.9588074622453943
0.9588074622453903
0.9588074622453943
0.9588074622453923
0.9588074622453943
0.9588074622453943
0.9588074622377074
0.9588074622453943
0.958807462245391
0.9588074622453943
0.9588074622453943
0.9588074622453943
0.9588074622453849
0.9588071430232452
0.958807462245394
0.958807462245391
0.9588074622453708
0.9588074622451975
0.958807462245393
0.9588074622453865
0.9588074622452816
0.9588074622445768
0.9588074622445882
0.958807462245393
0.9588074622453725
0.9588074622453943
0.9588074622453943
0.9588074622453943
0.9588074622453943
0.958807462245394
0.9588074622453943
0.9588074622453943
0.9588074622452786
0.9588074622453943
0.958807462245394
0.9588074622453943
0.9588074622453943
0.9588074622453943
0.9588074622453943
0.9588074622453943
0.9588074622453935
0.9588074622453696
0.9588074622453943
0.9588074622453943
0.9588074622453943
0.9588074622453943
0.9588074622453943
0.9588074622453943
0.9588074622453943
0.9588074622453939
0.9588074622453943
0.9588074622453937
0.9588074622453937
0.9588074622453937
0.9588074622453937
0.9588074622453449
0.958807462245394
0.9588074622453933
0.9588074622453937
0.9588074622453943
0.9588074622453939
0.9588074622453302
0.9588074622453925
0.9588074622453925
0.9588074622453925
0.9588074622453487
0.9588074622453943
0.9588074622453506
0.9588074622453886
0.9588074622453877
0.9588074622453886
0.958807462245394
0.9588074622453927
0.9588074622453937
0.9588074622453896
0.9588074622453792
0.9588074622453794
0.9588074622453794
0.9588074622453794
0.9588074622452849
0.9588074622453882
0.9588074622453892
0.9588074622453939
0.9588074621844945
0.9588074622448577
0.9588074622450152
0.9588074622453923
0.9588074622453726
0.958807462245394
0.9588074622452073
0.9588074622453326
0.958807462245394
0.9588074622452408
0.9588074622453923
0.958807462245394
0.9588074622453904
0.9588074622450675
0.958807462245005
0.9588074622453208
0.9588074622451224
0.958807462245321
0.9588074622452448
0.9588074622451975
0.9588074622453943
0.9588074622453915
0.9588074622453943
0.9588074622451498
0.9588074622453835
0.958807462245392
0.958807462245394
0.9588074622453852
0.9588074622427423
0.9588074622450775
0.9588074617243713
0.9588074622453316
0.9588074622453927
0.9588074622453682
0.9588074622407049
0.9588061087490456
0.9588074622312625
0.958807462245391
0.9588074622448025
0.9588074622453857
0.958807462245393
0.9588074622452234
0.9588074621834063
0.9588074622453451
0.9588074622453124
0.9588074622453845
0.9588074622443828
0.9588074622452963
0.9588074622453923
0.9588074622453039
0.9588074622453204
0.9588074622453886
0.9588074622453877
0.9588074622451815
0.9588074622449381
0.958807462245392
0.9588074622453935
0.9588074622437989
0.9588074622437758
0.9587949646806851
0.958807462243021
0.9588074622440689
0.9588073983239755
0.9588074622452667
0.9588074622452667
0.9588074622452667
0.9587922937299153
0.9588074617201681
0.9588074622436239
0.9588074622448977
0.9588074622448977
0.9588074622448977
0.9588074622214386
0.9588074622395775
0.9588074622438919
0.9588074621391169
0.9588074622438802
0.9588074622438802
0.9587909117171529
0.9588074622415204
0.9588074622453923
0.9588074619363327
0.9588074622366933
0.9588074622366933
0.9588074622366933
0.9588074622453928
0.958807462227716
0.9588074622168347
0.958807462242772
0.9588074622389196
0.9588074622451294
0.9588070177440553
0.9588074622453063
0.9588074621829794
0.9588074622453641
0.9588074610258553
0.958807462245292
0.958807462235617
0.9587641737603485
0.9587770588097374
0.9587508049951076
0.9588071790436274
0.9587358261069713
0.9588074622398698
0.9588074622444975
0.9587433390115795
0.9587814008891663
0.9588074605482437
0.9588074622387166
0.9588074622453784
0.9588074622452849
0.958807460449392
0.9588074606925034
0.958807460974906
0.9588074622354469
0.958696731544961
0.9585110018460034
0.9588074621584118
0.9588074622449942
0.9588074622281743
0.9588066578349225
0.9588074620985665
0.9588056414779749
0.9582580072082251
0.9579973597012419
0.9578410034434759
0.957401788852818
0.9588069417422422
0.9587608616409582
0.9587937215130475
0.9587954421517477
0.915901823909836
0.954547800788917
0.9588054598263768
0.9268373144132698
0.9587585009012376
0.9587998592556
0.898491214877082
0.9157035971164568
0.8897924920355783
0.4053683591322049
0.19395655822847985
0.19395655822847985
0.19395655822847985
0.19395655822847985
0.19395655822847985
0.19395655822847985
0.19395655822847985
0.19395655822847985
0.19395655822847985
0.19395655822847985
0.19395655822847985
0.19395655822847985
0.19395655822847985
0.9588074622453943
0.9588074622432926
0.9588074622453943
0.9588070721842059
0.9588074622450279
0.958807462244353
0.9588074622445253
0.9588074620060868
0.9588074618125523
0.9588074622442863
0.9588074616042749
0.9588074622410808
0.9587961022977078
0.958807462220724
0.9588074534091952
0.9586788570978426
0.9587276259037004
0.958807439711431
0.958665168254459
0.9588073247130884
0.9577062397929642
0.9568241166920904
0.9566944883196461
0.9569687007486468
0.9569487531342263
0.9588006606761214
0.9540963970033971
0.9540271771497719
0.9530108614257599
0.9527553679743748
0.9383078293726766
0.9111878197979976
0.9076759580304533
0.9080424789899707
0.8784111250677334
0.8891586478034422
0.8738265675334504
0.8618289264163486
0.8409478152527594
0.9588042352802433
0.8569246978352706
0.7455911976010878
0.19395655822847985
0.19395655822847985
0.19395655822847985
0.19395655822847985
0.19395655822847985
0.19395655822847985
0.19395655822847985
0.19395655822847985
0.19395655822847985
0.19395655822847985
0.19395655822847985
0.19395655822847985
0.19395655822847985
0.19395655822847985
0.19395655822847985
0.19395655822847985
0.19395655822847985
0.19395655822847985
0.19395655822847985
0.19395655822847985
0.19395655822847985
0.19395655822847985
0.19395655822847985
0.19395655822847985
0.19395655822847985
0.19395655822847985
0.19395655822847985
0.19395655822847985
0.19395655822847985
0.19395655822847985
0.19395655822847985
0.19395655822847985
0.19395655822847985
0.19395655822847985
0.19395655822847985
0.19395655822847985
0.19395655822847985
0.19395655822847985
0.19395655822847985
0.19395655822847985
0.19395655822847985
0.19395655822847985
0.19395655822847985
0.19395655822847985
0.19395655822847985
0.19395655822847985
0.19395655822847985
0.19395655822847985
0.19395655822847985
0.19395655822847985
0.19395655822847985
0.19395655822847985
0.19395655822847985
0.19395655822847985
0.19395655822847985
0.19395655822847985
0.19395655822847985
0.19395655822847985
0.19395655822847985
0.19395655822847985
0.19395655822847985
0.19395655822847985
0.19395655822847985
0.19395655822847985
0.19395655822847985
0.9588074622453882
0.9588074622443059
0.9588074622453943
0.9588074622453943
0.9588074622453524
0.9588073297312828
0.9588074620659274
0.9588074622453877
0.9588074622453943
0.9588074622435927
0.9588074619885951
0.9588074622019681
0.9588074622437519
0.9588074622453928
0.9588074622453943
0.9588074622453939
0.958807462243316
0.9588074622453943
0.9588074622453913
0.9588074622453943
0.958807462233826
0.9588074621861549
0.9588074622453927
0.9588074619355248
0.958807462245392
0.9588074622453923
0.9588074618407325
0.9588074451329314
0.9588074622450985
0.9588074621205482
0.9588074622452143
0.9588074622232238
0.9588074622240376
0.9588074559954027
0.9588074622427155
0.9587897030250849
0.9588074622247816
0.9588074622453765
0.9588074280767885
0.9588074622453874
0.9588074622059192
0.9587865379070512
0.9587765062286888
0.9587786147370874
0.9588074621750811
0.9587837836082551
0.9588074603384473
0.9588074622214686
0.9588074622343944
0.9588074622432663
0.9588074622246024
0.9588074621836916
0.9587588721366266
0.9588074622090923
0.9588074621409278
0.9588074620932986
0.9588074621831444
0.9588074620449144
0.9588074618336675
0.9587272019493837
0.9588074618530374
0.9588074619776499
0.958807462232644
0.9587089766947976
0.9588074622350927
0.9588074597858637
0.9588074612877655
0.95880746215751
0.9588074614697314
0.9588074622394668
0.9588074622224995
0.9588074618633889
0.9586227486030721
0.9588074619213416
0.9588074619213416
0.9588074619213416
0.9588074619213416
0.958629932896606
0.9588074614402632
0.9588074614402632
0.9588074605901753
0.9588074605349599
0.9588074605349599
0.9588074621896892
0.9588074589980509
0.9588074589980509
0.9588074592110751
0.9588074611203112
0.9588074619044469
0.9588074565780264
0.9584523457068166
0.9583175367881117
0.958447605897159
0.9588074612618203
0.9588074614398284
0.9583794546964325
0.9588074614197053
0.9583386756160109
0.9588074613653506
0.9588074446551577
0.9577187979698168
0.9588074609466175
0.9588068937247368
0.9571865537453041
0.9588048237201255
0.9579671142005428
0.9576173435463122
0.9563655299049812
0.9588074482134059
0.9588073243565949
0.9588074269429206
0.9588074599253196
0.9552475311919228
0.9550945813650592
0.9542523387197295
0.955037646237425
0.9588071972864628
0.956260231336382
0.9588069806780086
0.9588064928648533
0.9550470874358394
0.9539915411162379
0.9588057097841971
0.958804537649321
0.9565344198929768
0.9587976060231971
0.9520299456069877
0.958807369991597
0.9587829042308874
0.9588072949350535
0.9491749877976823
0.9510600899055143
0.9587948553130168
0.9588073296015304
0.9462546729302843
0.9588074028565015
0.9511404178291313
0.9588073631710317
0.9495063770536294
0.958791554214676
0.9588065682914313
0.9588034160029993
0.9451303211075273
0.943082668034615
0.9432150724745416
0.9334065166078639
0.9363322063511771
0.9342569747565116
0.9167898713341247
0.8973169939363599
0.8089383782225077
0.8272032808858458
0.8451960151933928
0.6706490188640696
0.742816067429654
0.19395655822847985
0.19395655822847985
0.19395655822847985
0.19395655822847985
0.19395655822847985
0.19395655822847985
0.19395655822847985
0.19395655822847985
0.19395655822847985
0.19395655822847985
0.19395655822847985
0.19395655822847985
0.19395655822847985
0.19395655822847985
0.19395655822847985
0.19395655822847985
0.19395655822847985
0.19395655822847985
0.19395655822847985
0.9588074600973643
0.958807462245365
0.9588074622453943
0.9588074115242315
0.9588074622453331
0.9588074622453521
0.9588069090251808
0.9588069367367207
0.9588074622453755
0.9588074622453943
0.9588074622443568
0.9588074622453943
0.9588074622453943
0.9588074622453943
0.9588049423306344
0.9588074622453837
0.9588074622382636
0.9588074621745738
0.9588074622453939
0.9588074620733265
0.9588047837740447
0.9588074615046912
0.9588074617937633
0.9588074618806152
0.9588074622258237
0.9588074622002101
0.9588069968750059
0.9587948254865731
0.9587776310945114
0.9588074622090027
0.9588074470767856
0.9588074617462506
0.9587751974772
0.9588074350531999
0.9588074621748393
0.9587597944535402
0.958807435907216
0.9588074622185752
0.9588074614781816
0.9588074367939937
0.9588074622389247
0.9588074608407094
0.9588073896729097
0.9588072440640064
0.9588074622432554
0.9588074621339415
0.9588072098736962
0.958807445267161
0.9587117449264035
0.958807380880163
0.9585807001720198
0.9586346741202588
0.9588074622134135
0.9588074622322317
0.958807462192696
0.9586508113196505
0.9585572075705904
0.9588074618375314
0.958807456843729
0.9588074252556219
0.9588074618445857
0.9579965855502215
0.9588072771874951
0.9588074596963383
0.9588072600219285
0.958807460727819
0.9588070857056946
0.9588073760388027
0.9572853498325394
0.9579395009615876
0.9588066853073247
0.9588064704710119
0.9577590296103617
0.9588074578032004
0.9588069080167705
0.9588071538461239
0.9588074622315002
0.956394268396599
0.9581303464728357
0.9573078592095254
0.9572169810115858
0.9588071072860903
0.9588029938666469
0.9570658012261088
0.9588046783377098
0.9570834142626535
0.9561995231600507
0.9588073117882239
0.9588067101418308
0.955714030675884
0.9588072648379194
0.9588074532674438
0.9555559900101215
0.9588016925049658
0.9588057229592946
0.958801766045293
0.9588023408397378
0.9587527231896324
0.958804846925341
0.9588074473483469
0.9532263097695909
0.9588074619952107
0.9588074143745396
0.9536926277023112
0.9588074621894277
0.9519147710212492
0.9510331580105879
0.9564046446912116
0.9484062298402601
0.9588063588955974
0.9588073012531951
0.9488595075091634
0.9588074498124699
0.958801917339444
0.952574783286656
0.9588053747476658
0.9444439514425736
0.9588038352929636
0.9452450738202354
0.9588065992890454
0.9587179609202289
0.9434933112568519
0.9588062910947039
0.9587804614230808
0.9588003063290491
0.9587879889238099
0.9587771894556786
0.9385118970035186
0.9392872008923203
0.9587805678290728
0.9588065299072128
0.9319254980039002
0.9477335834318272
0.9587591873003375
0.958793172037478
0.8935370164653554
0.8924173116484347
0.9039879214394945
0.9005392160701955
0.8552408009716943
0.8774305049409613
0.836224423643232
0.7900980139884661
0.9191777360035502
0.7544591551835371
0.6581843957119022
0.4518072121229483
0.19395655822847985
0.19395655822847985
0.19395655822847985
0.9588074622453943
0.9588074622453943
0.9588074622453943
0.9588074622422975
0.9588074622453943
0.9588074622453943
0.958807462245394
0.9588074622453913
0.9588074618334531
0.9587995554237263
0.958798972371942
0.9588074622453536
0.9588074622425059
0.9588074622248286
0.9588074622163352
0.9588074480009552
0.9588074622446896
0.9588074621830543
0.9588074166271646
0.9588074622452873
0.9588074620363023
0.9588074622453014
0.9587698892280307
0.9588074622014179
0.9588073414122364
0.958807459090329
0.9588074550402677
0.9588074057415891
0.958807462245372
0.9588074604982904
0.9585837657221672
0.9586586289999433
0.9588074621733852
0.9588074622447755
0.9588074622350715
0.9588074622180695
0.9587989958207225
0.9588074621255775
0.9588074622407337
0.958807461596792
0.9588040101098817
0.9588074591167659
0.9588074622447059
0.9588058232892648
0.9588074621131659
0.9588071951105918
0.9588074621794419
0.9588074621610979
0.9588074622450007
0.9588074615101034
0.9588074622264242
0.9588074615988273
0.9588074582496326
0.9588074614161085
0.9588074587029641
0.9588074621106901
0.9588074567710392
0.9588074208543813
0.9588074619902343
0.9588074621709056
0.9588074621440079
0.9588074564845277
0.9588074622338851
0.9588074388375959
0.9588074603120825
0.9588074568758449
0.9588074532701395
0.9588074616904293
0.9588074429362906
0.9588074601471065
0.958807461995929
0.9588074622445039
0.9588044670246852
0.9588074619442035
0.9588074619259342
0.9588074106077568
0.9588074032471446
0.9588071150192092
0.9588071321793635
0.9588074608161357
0.9588072135120546
0.9588074562691259
0.9588074610798742
0.9588074303578628
0.9588071146713534
0.9587933257265742
0.9588074494029107
0.9588074506847553
0.9588074165730244
0.9588054251363838
0.9588074613703316
0.958807462174511
0.9588074526521928
0.9588074587354195
0.9588074602807009
0.9588074612262689
0.9588074553537278
0.9588073814360155
0.9588054239381597
0.9588074615173394
0.9588072473469955
0.9588074607867662
0.9588017505938188
0.9588074619805608
0.9588074607672027
0.9588072781592356
0.9588072426148486
0.958807456520773
0.9588074579964411
0.9588074270451291
0.9588070945512024
0.9588067120469116
0.9588074619756928
0.9588074362255709
0.9588074605576931
0.9588074598074497
0.9588072867337409
0.9587601498037859
0.9587943807569321
0.9588074542326077
0.9588074585003126
0.9588074359165162
0.9588074600605782
0.9588070975149418
0.958807391146123
0.9588074508971234
0.958807209469907
0.9588073513196143
0.9588051907762171
0.9588074601471437
0.9588073596739289
0.9587832066658312
0.9588072048170094
0.9586976160201328
0.9588024729061191
0.9586961497620293
0.35659402886233393
0.9588074622453943
0.9588074622453943
0.9588074622453943
0.9588074622453943
0.9588074622447643
0.9588074622453943
0.9588074622453943
0.9588074622453943
0.9588074622453943
0.9588074622453943
0.9588074622453943
0.9588074622453943
0.9588074622451642
0.9588074622453943
0.9588074622453943
0.9588074622453943
0.9588074622439131
0.958807462230893
0.9588074622451448
0.9588074622309937
0.9588074622288981
0.9588074622279988
0.9588074622156134
0.958807462238414
0.9588074620419905
0.9588074622390306
0.9588074622427527
0.9588074622440377
0.9588074621863684
0.9588074621771516
0.958807462186587
0.9588074622453193
0.9588074620212134
0.9588074616443716
0.9588074621681894
0.9588074622299881
0.9587982756563143
0.9587995392008238
0.9588074622453823
0.9587954122887566
0.9588074621916842
0.9588074615128259
0.9588074611507863
0.958807462088679
0.9588074589086165
0.9588074555823783
0.9588074622178874
0.9588074617863408
0.9588074493793426
0.9588074570901491
0.958807460845665
0.9588074617501066
0.9588074586744123
0.9588074574302431
0.9588074590110283
0.9588074613421361
0.9588074598188285
0.958723208676003
0.9588074370720037
0.9588074578651576
0.9588074607199746
0.9588074450589614
0.9588074606481656
0.9588074612978003
0.9588074591113973
0.9588074618148538
0.9588074608446244
0.9588074530164463
0.9586733807727785
0.9588074451650922
0.9588074617184291
0.9588074619938144
0.9588074600780975
0.9588073245388675
0.9588074606320391
0.9588074421012377
0.9588074562442367
0.9588074417981373
0.958807445819632
0.9588074595973819
0.9577187111860449
0.9584821535512772
0.9588074545455281
0.9588073891449107
0.9588073891449107
0.9588074607044833
0.9588074278124178
0.9588074576489685
0.9588074457448086
0.9588074609895061
0.9588074182419234
0.9588071904174006
0.9588074119913543
0.9588074421701093
0.9588074538837044
0.9588055021316073
0.9588069497327303
0.9588073984550421
0.9588074280679285
0.9562140952904071
0.9588074552899661
0.9566018845052411
0.9588073720431627
0.9557234696457995
0.9561333392302075
0.9552578371832001
0.958184180592716
0.958807358283071
0.9588072633186668
0.9493602059776033
0.9588055962927327
0.9588059764168658
0.949307901387317
0.9492475895331153
0.9388969891894744
0.9399049296224626
0.9395538853839834
0.9420242032790931
0.943708389897085
0.9268880674475799
0.8963149653039968
0.8988046218091563
0.8167360002300083
0.7864421573535078
0.19395655822847985
0.19395655822847985
0.19395655822847985
0.19395655822847985
0.19395655822847985
0.19395655822847985
0.19395655822847985
0.19395655822847985
0.9588074622453943
0.958807462245394
0.9588074622453925
0.9588074622453943
0.958807462245394
0.9588074622453939
0.9588074622453943
0.958807462245393
0.9588074622453923
0.9588074622453935
0.9588074622453939
0.958807462186694
0.9588074622453943
0.9588074622453939
0.9588074622437831
0.9588074622453939
0.9588074622453923
0.9588074622453892
0.9588074622453835
0.9588074622453937
0.9588074622453939
0.9588074622453872
0.9588074622453923
0.9588074622453937
0.9588074622453933
0.9588074622453823
0.9588074622453853
0.9588074622453864
0.9588074621263387
0.9588074622453923
0.9588074622453925
0.9588074622453943
0.9588074622453937
0.9588074622059776
0.9588074622453943
0.9588073151930068
0.9588074622453937
0.9588074622453869
0.958807462245394
0.9588074622453874
0.9588074622453772
0.9588074622453927
0.9588074622453937
0.9588074622453548
0.958807462245391
0.958807462245394
0.958807462245382
0.9588074622453943
0.9588074622453925
0.9588074622453903
0.958807462245394
0.9588074622453641
0.9588074622453728
0.958807462245393
0.9588074622453937
0.9588074622453918
0.9588074622368182
0.9588074622453341
0.9588074622453195
0.9588074622453535
0.9588074622453939
0.9588074622453835
0.9588074622453867
0.9588074622453943
0.9588074622453877
0.9588074622453939
0.9588074622453943
0.9588074622453928
0.958807462245255
0.9588074622453937
0.9588074622453935
0.9588074612168933
0.9588074622453925
0.9588074622453833
0.9588074622453918
0.9588074622453713
0.9588074620333847
0.9588074619248034
0.9588074622453879
0.9588074621461651
0.9588069523553316
0.9588074622453857
0.9588074622453843
0.9588074622453686
0.9588074622453943
0.9588074622453816
0.9588074622453788
0.9588074622453943
0.9588074622453394
0.9588074601352203
0.9588074622452873
0.958807462245394
0.9588074622453792
0.9588074622453776
0.9588074601435199
0.9588074622453943
0.958807462245391
0.958807462245391
0.958807462245391
0.9588074622278547
0.958807462245373
0.958807462245373
0.958807462245373
0.958807462245373
0.958807462245373
0.9588074622453928
0.9588074622453833
0.9588074622453928
0.9588074622453059
0.9588074622451815
0.95880746224522
0.9588074622443555
0.9588074622453725
0.9588074622452888
0.9588074622451175
0.9588074622451175
0.9588074622451175
0.9588074622451175
0.9588074622451175
0.9588074622453927
0.9588074622453867
0.9588074622453933
0.958807461649228
0.9588074622117013
0.9588074622453636
0.9588074622453892
0.9588074622453647
0.9588074622453763
0.9588074622446786
0.95880746224538
0.9588074622453753
0.9588074622453346
0.9588074610030284
0.958807459565139
0.958807462245382
0.9588074622437843
0.9588074622437843
0.9588074622452614
0.9588074608766193
0.9588074622453927
0.9588074622453937
0.958807458959233
0.958807462245393
0.9588074622442317
0.958807462245391
0.9588074622453694
0.9588074622450664
0.95880746224505
0.9588074622453845
0.9588074622450428
0.9588074622344177
0.9588074622449687
0.958807462245394
0.95880746224447
0.9588074622452674
0.9588074622453475
0.9588074622452516
0.9588074622453535
0.9588074604788818
0.9588074622445413
0.9588074603844652
0.9588074622453796
0.9588074584441169
0.9588074622453882
0.958807462245381
0.9588074622409617
0.958807456536716
0.9588074583488249
0.9588074622453032
0.9588074622453484
0.9588074621823152
0.9588019969041387
0.9588074622450479
0.958807462245322
0.9588074486432215
0.9588074622453706
0.9588074622453753
0.9588074622449773
0.9588074622453439
0.9588074622446399
0.9588074622453943
0.9588074622453903
0.9588074622453845
0.9588074622453757
0.9588074598653595
0.9588074622383972
0.9588074622452224
0.9588074622453825
0.9588074622451791
0.9588074316921396
0.9588074622441883
0.958807462244806
0.9588074588833227
0.9588074622443987
0.9587864307025373
0.9588074580344605
0.9588074622453421
0.9588074285410495
0.9588074622425612
0.9588074541045736
0.9588074571356863
0.9588074500452206
0.9588074533098287
0.9588074449874937
0.9588074448568842
0.9588074622453943
0.9587713257382229
0.9588074352109963
0.9588074622446338
0.9588074622393248
0.9588074549678075
0.9588074333615951
0.9588074489436123
0.9588074493495815
0.9588074304745906
0.9588073527564468
0.9588074622423124
0.9588072131540263
0.9588074622442816
0.9588074550808653
0.958807406365423
0.9588073578571704
0.9588073913899635
0.9588074368176197
0.9588073463641634
0.958558648938261
0.958807445517681
0.9584260461669684
0.9588067984805765
0.9583980586393546
0.9581485685372075
0.9588056689713448
0.9588067719545632
0.9588022197829515
0.9573955848340282
0.9587946891106609
0.9451575491631253
0.936290071846873
0.9218233005681564
0.7682089572890725
0.19395655822847985
0.19395655822847985
0.19395655822847985
0.9588074622323037
0.9588074621649365
0.9588074622453943
0.9588074622453943
0.9588074622453943
0.958807461713944
0.9588074622453943
0.9588074622453943
0.9588074622453943
0.9588074622453943
0.9588074622453943
0.9588074622453943
0.9588074622453943
0.9588074622453904
0.9588074622453943
0.9588074622453943
0.958807462245394
0.9588074622453943
0.9588074622453943
0.9588074622453943
0.9588074622453943
0.9588074622453943
0.958807462245394
0.9588074622453943
0.9588074622453943
0.9588074622453943
0.9588073402926707
0.9588074622453943
0.9588074622453943
0.9588074622453943
0.9588074622453943
0.9588074622453943
0.9588074622453943
0.9588074622453943
0.9588074622453943
0.9588070348881401
0.9588074622453943
0.9588074622453939
0.9588074622453939
0.9588074622453939
0.9588074622453939
0.9588074622453939
0.958807462245394
0.9588074622251358
0.9588063692635421
0.9588074622453933
0.9588074622453916
0.9588074622453916
0.9588074622446603
0.9588074622453943
0.9588074622453886
0.9588074622453886
0.9588074622453943
0.9588074621183763
0.9588074622453928
0.9588074622453943
0.9588074617269078
0.95880732473887
0.9588074622451097
0.9588074622453943
0.958807462245394
0.9588074621889073
0.9588074622453943
0.9588074622453943
0.9588074622453937
0.9588074612588879
0.9588074622453943
0.9588074616646091
0.9588074622453943
0.9588042152660905
0.9588074621819649
0.958807462245369
0.9588074622453943
0.9588074622453916
0.9588074622453943
0.9588074622434912
0.958807462245394
0.9588074622453943
0.9588074620021133
0.9588074622439966
0.9588045740600499
0.9588074622453937
0.9588074622453928
0.9588074622453943
0.9588074622453813
0.9588074622453808
0.9588046515231905
0.9588074622453943
0.9588074622453927
0.9588074622453308
0.958807461429156
0.958807462245252
0.958807462245394
0.9588074622453928
0.9588074622453923
0.9588074622453939
0.9588074578692258
0.9588074622449746
0.9587981992310771
0.9588074622453531
0.9588074622453913
0.9588074622453943
0.9588074622453943
0.9588074622453892
0.9588074622453928
0.958807462245394
0.9588074622453738
0.9588074622453939
0.9587921322650189
0.9588074619848097
0.9588074622453913
0.9588074622453845
0.9588074622453927
0.9588074622261192
0.9588074622452637
0.9588074622452404
0.958807462245394
0.9588074622453903
0.9588074622453908
0.9588074622453935
0.9588074622453772
0.9588074622453635
0.9588074622453865
0.9588074622453839
0.9588074622453227
0.9588074622453745
0.9588074622453586
0.9588074483014245
0.9588074622451802
0.9588074622452231
0.9588074622441538
0.9588074622453943
0.9588074622453843
0.9588074621198489
0.9588074622445992
0.9588074622445774
0.9588074622453431
0.958807446203281
0.9588074622453904
0.9588074621104088
0.9587394815657799
0.95880746224539
0.958807462245372
0.9588074622453837
0.9588074622453874
0.9586666897177865
0.9587741470227802
0.958807462245392
0.9588074622453232
0.9587610104451257
0.9585683344017915
0.9586258517648306
0.9588073997545754
0.958807391093003
0.958807462242594
0.9588074621807269
0.9584885049812538
0.9585644299939114
0.9587407501898823
0.9582790881471521
0.9588074622449417
0.9581329048371289
0.9588074622448091
0.9579991268231506
0.9588074622442551
0.9588074622128692
0.9582145308174218
0.9579511635953593
0.9577021461994307
0.9576357808506583
0.9563500143242104
0.9588074489339625
0.953658251286929
0.9588053852622034
0.9588072944181667
0.9417094693245363
0.8630313972533384
0.9035263229113201
0.6275240459276128
0.19395655822847985
0.19395655822847985
0.19395655822847985
0.19395655822847985
0.19395655822847985
0.19395655822847985
0.19395655822847985
0.19395655822847985
0.19395655822847985
0.19395655822847985
0.19395655822847985
0.19395655822847985
0.19395655822847985
0.19395655822847985
0.9588074622453943
0.9588074622453849
0.9588074622453864
0.9588074622453806
0.9588074622453943
0.9588074622453943
0.9588074622453943
0.9588074622453939
0.9588074622453657
0.9588074622453892
0.9588074622453813
0.95880746224537
0.9588074622453943
0.9588074622453943
0.9588074622453175
0.958807462245393
0.9588074622453769
0.9588074622453628
0.958807462245393
0.9588074622453728
0.9588074622453939
0.9588074622453937
0.9588074622453943
0.958807462245393
0.9588074622453806
0.9588074622453913
0.9588067440098047
0.9588074622453943
0.9588074622453935
0.9588074622453457
0.9588074622453935
0.9588074622452689
0.9588074622451865
0.9588074622453928
0.9588074622453943
0.9588074622453903
0.9588074622453457
0.9588074622453869
0.9588074622450795
0.9588074622453933
0.9588074622453906
0.958807462245391
0.9588074622453394
0.9588074622453626
0.9588074622453943
0.9588074622452085
0.958807462245394
0.95880746224509
0.9588074622452416
0.958807462245293
0.9588074622453763
0.9588074622453943
0.9588074622448723
0.9588074622453548
0.958807462245394
0.9588074622453278
0.9588074622453876
0.9588074622453663
0.9588074622453008
0.9588074622453596
0.9588074622453794
0.95880746224505
0.9588074622453533
0.9588074622425912
0.9588074622451693
0.9588074622421389
0.9588074622453886
0.9588074622451277
0.9588074622451644
0.9588074622453114
0.9588074622451087
0.958807462245079
0.9588074622453935
0.9588074622453377
0.9588074622449644
0.958807462245301
0.9588074622451983
0.9588062404722311
0.958807462244923
0.9588074622453665
0.9588074622453916
0.9588074622439684
0.95880746224539
0.9588074622453888
0.9588074622441628
0.9588074622446692
0.9588074622444012
0.9588074622453586
0.9588074622447529
0.9588055247759221
0.9588074622449985
0.9588074622448906
0.9588074622450612
0.9588074622452918
0.9588042021878618
0.9588074622453066
0.9588074621616336
0.958807462245349
0.9588074622453004
0.9588074617201493
0.9588074622447972
0.9588074622451946
0.9588074622452667
0.9588036894780246
0.9588074622452502
0.9588074622453939
0.9588074622451411
0.9588074622403883
0.9588074622434969
0.9588074622451085
0.9588030876957622
0.9588074622451128
0.9588074622429565
0.9588074622450938
0.958807462244813
0.9588074622448042
0.9588074622446895
0.9588074622438028
0.9588074622450893
0.9588074622453041
0.9588074622450569
0.9588074622443067
0.9588074622421829
0.9588074622422903
0.9588074622381239
0.958807462245161
0.9588074231601255
0.9588074622446161
0.958807462244292
0.9588074622453728
0.9588074622453943
0.958807462244689
0.9588074622438525
0.9588074622453672
0.9588074622450956
0.9587999685480214
0.9588074622447799
0.9588074622443629
0.958807462245234
0.958807462245234
0.9588074622441075
0.9588074622412791
0.9587966981315735
0.9588074622453137
0.9587982827748109
0.9588041041929354
0.9588074622447779
0.9588074622447779
0.9588074622441582
0.95880746224539
0.9588074622453913
0.9588074313420981
0.9588074622453541
0.9588074622423607
0.9588074622446903
0.9588074622445343
0.9588074622453624
0.958807462243581
0.958807462243581
0.958807462243581
0.958807462243581
0.958807462243581
0.9588074622426763
0.9588074622444605
0.9588074622409555
0.958807462245097
0.9588074622453014
0.9588073825893189
0.9587997660699769
0.9588074622442125
0.9588074622358752
0.9588074622383003
0.958807462245381
0.9588074622453431
0.9588074622453598
0.9588074622432436
0.9588074622441083
0.9588074622453906
0.9588073336667083
0.9588074622370171
0.958807462077695
0.9588074622453345
0.9588074622439482
0.958807462244282
0.9588074622445247
0.9588074621552953
0.9588074622453002
0.9588074622448599
0.9588074622452004
0.9588074622431524
0.9588074620971674
0.958807462240086
0.9588074622405389
0.9588074622444084
0.9587796094209448
0.958807462223115
0.9588074622448733
0.9588074622420057
0.9588074622310278
0.9587802267560328
0.9588074622431271
0.9588074621976395
0.9588074622453195
0.9587726153022595
0.9588074622350505
0.9588074622378556
0.9588074622428631
0.958807462242312
0.9587723010348708
0.95880746222664
0.9587914141778875
0.9587706411984298
0.9588074621975866
0.9587698237037227
0.9587589928720298
0.9588074622337778
0.9588074622344761
0.9587742955322168
0.9588074622143962
0.9587695378791123
0.9588074622453698
0.9588074556703811
0.9588074622452706
0.9588074622409579
0.9588074622453872
0.9588074621005734
0.9588074622443834
0.9587154995175587
0.958807462238544
0.9588074622351886
0.9587718025323472
0.9588074622057822
0.9588074622448753
0.9588074622400969
0.9588074622435802
0.9588071539730233
0.9588072750940503
0.9588074622367296
0.9588074622453409
0.9588074622363206
0.9588074621629479
0.9588074622403011
0.9588074621879237
0.9588074622400368
0.95880746222778
0.958807462238131
0.958722676457799
0.9588074621986274
0.9588074621717173
0.9588074622451381
0.9588074621754994
0.9588074622244516
0.9588074620856295
0.9588074622433289
0.9588074622432123
0.9588074621535437
0.9588074621499335
0.9588074622411648
0.9588074622137148
0.9588074622258687
0.9588074622012579
0.9588074622359086
0.9586768960058613
0.958807462245351
0.9588074621266935
0.9588074621808702
0.9588074622343444
0.9588074579750043
0.9588074622432832
0.9588074621742756
0.9588074622001782
0.9585850068531716
0.9588074621667919
0.9588059662240142
0.9588074621859037
0.9588074622261521
0.9588074620890996
0.9588074584848467
0.9584022284685071
0.9583236454870094
0.9588074199502141
0.9588074619137151
0.9588074621971188
0.9588074619760382
0.9588074621615886
0.9588052027294431
0.9588074621528478
0.9583295881435767
0.9588074619227454
0.9575059230338512
0.9577861930494074
0.957706757259315
0.9579710461487946
0.9576890316124407
0.9575540997040679
0.9573634447710155
0.9572149210681486
0.9588042500528076
0.9565854396986917
0.9568955438637892
0.9563540898255255
0.9566690790380911
0.956635977271693
0.9588050934185254
0.9547518003424406
0.9588073799328702
0.9587678824662386
0.9479316041932181
0.9587787732461411
0.9582063609384337
0.5867214925281267
0.45553372895114663
0.19395655822847985
0.19395655822847985
0.19395655822847985
0.19395655822847985
0.19395655822847985
0.19395655822847985
0.19395655822847985
0.19395655822847985
0.9588074622453943
0.9588074580266092
0.9588074622453943
0.9588074487408095
0.9588074622432036
0.9588074622453943
0.9588074622387326
0.9588074622361547
0.9588074622453943
0.9588074622453943
0.9588072689145736
0.9588074622453939
0.9588074622453943
0.9588074105826292
0.9588074326810495
0.9588072438523848
0.9588074622453943
0.9588074622452367
0.9588074622453852
0.958806974758262
0.9588069011392866
0.95880746223665
0.9588053226770689
0.9588074622453825
0.9588074622397221
0.9588068816491893
0.9587775370258466
0.9587836359839427
0.9587906056579522
0.9587946596489709
0.9587526891393044
0.9588074622402089
0.9587556887952337
0.9588074622376209
0.958792759833043
0.9586181124177281
0.9586819483136565
0.9588074622453943
0.9586985564105184
0.958591259543371
0.9586059327515052
0.9585886325026375
0.9588074617546417
0.9584003393837257
0.9583984300693712
0.9585335086358578
0.9588074621960341
0.9582805391406087
0.9588074622418723
0.9585270373201802
0.9582927816612745
0.9580505583803234
0.9584622048331058
0.958503429349804
0.9582649684599541
0.9582932628793307
0.957746479769193
0.9579776280207469
0.9585318332998419
0.9588074621818257
0.958200921970935
0.9574549602150735
0.9570409957578091
0.9572713363569902
0.9568802908098825
0.958807400966542
0.9565086869244951
0.9588074388228566
0.9588072287865342
0.954298521863031
0.9561920993650633
0.953654913451021
0.9491123002750791
0.9243391268753572
0.9336023626358715
0.9113298241023374
0.951270381030816
0.9372141307772502
0.8928414474730526
0.9168153022827441
0.9248091158525727
0.9014894501333741
0.9088454605993395
0.8739273283224522
0.7258378554873517
0.8507142603916042
0.7682145154982363
0.7061289716373628
0.5653156739417489
0.6336716737437214
0.6647714881983353
0.1931929551342155
0.1931929551342155
0.1931929551342155
0.1931929551342155
0.1931929551342155
0.1931929551342155
0.1931929551342155
0.1931929551342155
0.1931929551342155
0.1931929551342155
0.1931929551342155
0.1931929551342155
0.1931929551342155
0.1931929551342155
0.1931929551342155
0.1931929551342155
0.1931929551342155
0.1931929551342155
0.1931929551342155
0.1931929551342155
0.1931929551342155
0.1931929551342155
0.1931929551342155
0.1931929551342155
0.1931929551342155
0.1931929551342155
0.1931929551342155
0.1931929551342155
0.1931929551342155
0.1931929551342155
0.1931929551342155
0.1931929551342155
0.1931929551342155
0.1931929551342155
0.1931929551342155
0.1931929551342155
0.1931929551342155
0.1931929551342155
0.1931929551342155
0.1931929551342155
0.1931929551342155
0.1931929551342155
0.9588074622453943
0.9588074622453943
0.9588074622453943
0.9588074622453943
0.958807462245394
0.9588074622434392
0.9588074622453234
0.9588074622453943
0.9588074622453906
0.9588074622423514
0.958807462245394
0.9588074622453943
0.9588074622437751
0.958807462199712
0.9588074622140429
0.9588068022462966
0.9588074622160956
0.9588074622107934
0.958807462227863
0.9588074621952014
0.9588074622372057
0.9588074619745272
0.9588074622453192
0.9588074622451377
0.9588074622448894
0.9588074622431174
0.9588074622431174
0.9588074616455421
0.9588074622383376
0.9588074619949922
0.9588074617393394
0.9588074620806412
0.9588074621243587
0.9588074612091876
0.958807462209187
0.9588074622448621
0.9588074622448174
0.9588074621957493
0.9588074619589999
0.9588074622421279
0.9588074620519204
0.9588074598176728
0.9588074618192027
0.958807459425332
0.9588074616453381
0.9588074618171114
0.9588074618487963
0.9588074584920097
0.9588074598911783
0.9588074383814758
0.9588074611789854
0.9588074550589458
0.9588074610167635
0.9588074571212327
0.9588074596901927
0.9588074609823569
0.9588074601110111
0.958807452552248
0.958706908937112
0.9588074621226377
0.9588074572403146
0.958807461322348
0.958807461322348
0.9588074566205469
0.9587628440287024
0.9588074590473927
0.9588074590473927
0.9588074590473927
0.9588074590473927
0.9588074558924505
0.9588074545144524
0.9588074469942462
0.9588074469942462
0.9588074469942462
0.9588074621664173
0.9588074609176358
0.9586450090611003
0.9588074564178416
0.9588074564178416
0.958807438613308
0.9588074587441433
0.9587539723250946
0.9588074571784934
0.9588073949325061
0.9588074522589576
0.9588073849318284
0.9588074528321557
0.9588074487023528
0.9588069394434376
0.9588074490099513
0.9588074370049021
0.9588071592058126
0.9583450566918578
0.9588074417930459
0.9588074460878714
0.9585771609761367
0.9588074222951961
0.9588074560222655
0.9588074539124469
0.9587006179428473
0.9588074031688523
0.9588073797368208
0.9588073754565514
0.9588074553110807
0.9588072923935718
0.9566490258713495
0.9588074305748161
0.9588048486120997
0.956728790584646
0.9587895703285221
0.9557554105836575
0.9556060428208444
0.953149223148645
0.9587955223603116
0.9478039186612788
0.9585953748512848
0.9273320740567418
0.8967013966347441
0.8942763242271293
0.8816202359061366
0.854659355749594
0.8338100529046397
0.7881103084891046
0.8236604974477417
0.9571638526668526
0.5627837940026981
0.6034300614380563
0.5043141648347061
0.19395655822847985
0.19395655822847985
0.19395655822847985
0.19395655822847985
0.19395655822847985
0.19395655822847985
0.19395655822847985
0.19395655822847985
0.19395655822847985
0.19395655822847985
0.19395655822847985
0.19395655822847985
0.19395655822847985
0.19395655822847985
0.19395655822847985
0.19395655822847985
0.19395655822847985
0.19395655822847985
0.19395655822847985
0.9588074622453943
0.9588074622453943
0.9588074622453943
0.9588074622453943
0.9588074622453943
0.9588074622453943
0.9588074622453943
0.9588074622453943
0.9588074622444661
0.9588074622199793
0.9588074622450181
0.9588074622441534
0.9588074622453937
0.9588074622453937
0.958806772404426
0.9588074622453937
0.9588074622451367
0.9588074622453943
0.9588060962470344
0.9588074622453855
0.958807462245312
0.958807462245312
0.958807462245312
0.9588074622453686
0.958807462244144
0.9588074622405783
0.9588074622452571
0.9588048658527136
0.958807462245394
0.9588074620084323
0.9588007271338254
0.9588074618478052
0.9588074622372943
0.9588074622430758
0.9588074622437619
0.958802011350676
0.9588074619743994
0.9588074622445732
0.9588074622453935
0.9588074622403078
0.9587805898291757
0.958807462245391
0.9588074621500983
0.9587275527304384
0.9587673769561049
0.9588072043389188
0.9588074621571513
0.9584820067789657
0.958474092997828
0.9588074558776623
0.9588074197259968
0.9588070370425604
0.9588074621878996
0.9588071363647087
0.9588065333688833
0.958807451141922
0.9581370559308172
0.9588073307121182
0.958805774941339
0.958807322863492
0.9588017234555996
0.957588338334227
0.9588024511440075
0.9587936628296342
0.9587977619859958
0.9587994812082018
0.9586854662960933
0.9588043233746684
0.9451629893046631
0.9587918531984487
0.9095114977410392
0.8694423336160989
0.6562955645622941
0.6028384052962187
0.4827927934325336
0.19395655822847985
0.19395655822847985
0.19395655822847985
0.19395655822847985
0.19395655822847985
0.19395655822847985
0.9588074622447543
0.9588074622449478
0.9588074622453943
0.9588074622453943
0.9588074622453943
0.9588074622453943
0.958807462245394
0.958807462245394
0.9588074622453943
0.9588074622453913
0.9588074622453913
0.9588074622453913
0.9588074622413887
0.9588074622453916
0.9588074622453943
0.958807462245394
0.958807462245394
0.9588074622450399
0.9588074622453915
0.9588074622453915
0.9588074622453915
0.9588074622453943
0.9588074621878453
0.9588041823596308
0.9588074620327725
0.9588074619018166
0.9588009271307474
0.9588074622425673
0.9588023417208813
0.9588015856176857
0.9587929163786743
0.9588074622452663
0.958807462242087
0.9587821167612017
0.9588074621955156
0.9587804667138277
0.9588074618595122
0.9588074500964416
0.958807293407417
0.9588074611210391
0.9588074612442814
0.9588074618428628
0.9588074622283751
0.9588074618223592
0.9588074614756528
0.9588074620809921
0.9588074615643721
0.9588074615643721
0.9588074603516781
0.9588074619268229
0.9588074580511676
0.9588074580511676
0.9588074580511676
0.9588074580511676
0.9588074603457793
0.9588074542161243
0.9588074542161243
0.9588074542161243
0.9588074542161243
0.9588074542161243
0.9588074602836814
0.9588074483490352
0.9588074483490352
0.9588074483490352
0.9586275452633164
0.9588074399037937
0.9588074399037937
0.9588074540537601
0.9588074621029087
0.9588074613583394
0.9588074543806321
0.9588074596583804
0.9587321805900927
0.9588074282856384
0.9588074241858944
0.9588074128533985
0.9588074128533985
0.9587275213607926
0.9588074553283749
0.9588074543142334
0.9588073929165329
0.9588074573027056
0.9588074587122519
0.9588074587359502
0.9588074539851057
0.9584516799374146
0.9586861916494259
0.958807457308837
0.9588074440540071
0.9586816763490958
0.9586687048008371
0.9588074201471956
0.9588074615834342
0.9586397743229923
0.9588074563258389
0.9588074600755049
0.9588074266133395
0.9581143783644817
0.9588074423954354
0.9582996156687646
0.9588074365904212
0.9588074354943062
0.9578380727112141
0.9588074576330724
0.9588074146060924
0.9588071568601988
0.9576626138300294
0.9576918082617423
0.9588074357647928
0.9588074162219201
0.9588073462301488
0.9588073633462808
0.9569982221720014
0.9588072447600029
0.9567523755246647
0.9588072869706629
0.958807429807608
0.9560238729160192
0.9588074515916092
0.9547455877202358
0.958806961036986
0.9588072159244619
0.9521842387498893
0.9588072912795091
0.9588074510814846
0.9483565999876571
0.9588070919919023
0.9588061773004447
0.9587834109924307
0.9587815411109578
0.8429008201237722
0.7774416926786385
0.19395655822847985
0.19395655822847985
0.19395655822847985
0.19395655822847985
0.19395655822847985
0.19395655822847985
0.19395655822847985
0.19395655822847985
0.19395655822847985
0.19395655822847985
0.19395655822847985
0.19395655822847985
0.19395655822847985
0.19395655822847985
0.9588074622453943
0.9588074622453943
0.9588074622453943
0.9588074622453943
0.9588074622453943
0.9588074622453943
0.9588074622453943
0.9588074622453943
0.9588074622453943
0.9588074622453943
0.9588074622453943
0.9588074622453943
0.9588074622453943
0.9588074622453943
0.9588074622453943
0.958807462245394
0.9588066516056417
0.9588074622453943
0.958807462245394
0.9588074622453943
0.9588074622453928
0.9588065656740934
0.9588074622453943
0.9588074622449001
0.9588074527605228
0.9588074622453061
0.9588074622452786
0.9588074622453806
0.9588074622453359
0.9588074622452333
0.9588047330662919
0.9588074622453259
0.9588074622453928
0.9587979149552546
0.9588074618331361
0.9588074621498872
0.9588074622453862
0.9588074622453271
0.9588074622453943
0.9588074560069628
0.958807462245154
0.9588074622453455
0.9587969236719722
0.9587947773081094
0.9588074622452993
0.95880746224527
0.9588074622449658
0.958807462245308
0.9588074622451956
0.9588074622451777
0.958807462245394
0.9587780506957544
0.9587790687105292
0.9588074622451669
0.9588074622394103
0.9588074605177366
0.9588074483037344
0.9588074622453322
0.9588074565863215
0.9588074616487259
0.9587872587023634
0.9588074622431083
0.9588074622451586
0.9588074561921014
0.9587813947318308
0.9588074622447088
0.9587791472149746
0.9588074619020656
0.9588074582883862
0.9588074622452216
0.9587757622937064
0.9588074616038101
0.9588074622394478
0.9588074622418682
0.9588074622106459
0.9588074622451589
0.9588074570799574
0.9588074622451975
0.9588074622370056
0.9588074622446426
0.9587435290559356
0.9587045890063636
0.9588074590062202
0.9588074622408265
0.9588074573020883
0.9588074622453937
0.9588074556167435
0.9588074387739657
0.9588074621952477
0.9588073489694545
0.9588074622445927
0.9588073631781058
0.9587354039783409
0.9586247463295983
0.9586942683992251
0.9588074622453933
0.9584998077040329
0.9588074622363676
0.9583792214341688
0.958545489658959
0.9585174301489118
0.9588074622136399
0.9588074622349568
0.9585375180269649
0.9584848602108347
0.95880736092963
0.9587992666704241
0.9584502675158518
0.9583179136013874
0.9588072431214908
0.9588068596042328
0.9585170217255885
0.9580394245737255
0.957773210889354
0.9588074372961105
0.9578297224669153
0.9572394468705486
0.9576095413455892
0.9573881617228168
0.9588074268884244
0.9567928116560096
0.9588073934988302
0.9588072835021326
0.9588073955020578
0.9588070282061882
0.9538376749297272
0.9588068105595375
0.9051297949082618
0.958761679790399
0.8229951240191289
0.9586066859862693
0.19395655822847985
0.19395655822847985
0.19395655822847985
0.19395655822847985
0.9588074622453943
0.9588074622453889
0.9588074622449159
0.9588074622453935
0.9588074622453889
0.9588074622435976
0.9588074622453928
0.958807462245394
0.9588074622450422
0.958807462245394
0.9588074622453943
0.958807461254214
0.9588074622262645
0.9588056979336776
0.9588074622439058
0.9588074622453892
0.9588074622355878
0.9588074622453397
0.9588050150877127
0.9588074621682318
0.9588074622411525
0.9588074622453869
0.958807462245391
0.9588039397171173
0.9588074622401123
0.9588074622379242
0.9588074622084428
0.9588074622446618
0.9588074621902885
0.958807462245394
0.9588074622410158
0.9588074622453686
0.9588074622067115
0.9588020533666287
0.9587955952098418
0.9588074267685227
0.9587909933592524
0.958784133967474
0.9588074622451805
0.9588074621759933
0.9588074622028111
0.9588074622379389
0.9588074618553545
0.958807462226827
0.9588074622440117
0.9588074621423455
0.9588074621735853
0.9588074617368773
0.9588074618618139
0.9588074622331274
0.9588074616548106
0.9588074619634626
0.9588074620589466
0.9588074622218461
0.9588074613106122
0.958807462003842
0.9588074606268133
0.9588074622026439
0.9588074619578283
0.9587534265753723
0.958807462230694
0.9588074618925603
0.9588074612162721
0.95874885602203
0.9588074619585486
0.9588074619136004
0.9588074620421636
0.9588074594948967
0.9588074620894075
0.9588074617356437
0.9588074616236173
0.958807462229534
0.958807461457668
0.9588074619258653
0.9588074620963775
0.9588074601680884
0.9588074610410613
0.9588074590090201
0.9588074583662936
0.958807444514553
0.9588074508236457
0.9588074331523305
0.9588074616449632
0.9588074615552903
0.9588074615049016
0.9586968971553786
0.9588074621028965
0.9588074566248431
0.9588074206312333
0.9588074598703582
0.9588074599334514
0.9588074599490894
0.9588074608631828
0.9588074501052951
0.9588074533143982
0.9588074620515339
0.9588074603215964
0.9588074608829291
0.9588073370361404
0.9588074552656306
0.9588074511954982
0.9588074622421737
0.9588074487194963
0.9588074621886133
0.9588074621886133
0.9588074621886133
0.9588074613966798
0.9588074613243533
0.9588074591412056
0.9588074613032479
0.9588074543132987
0.9588074619131509
0.9588074603487768
0.9588074478466356
0.9585323843229083
0.9585546834414646
0.9588074622409415
0.9586447064677484
0.9588074610846541
0.9588074610846541
0.9588074610846541
0.9588074610846541
0.9588074610846541
0.9588074610846541
0.958807436613207
0.9588074499931032
0.9588074539491742
0.9588074592172445
0.9588074214155748
0.9588074610062691
0.9588074608844033
0.9584167246375763
0.9588074550364346
0.9584140693504863
0.9588074566912423
0.9586084576871927
0.9583919665312993
0.9584230919110258
0.9588074268712137
0.9588074268712137
0.9588074268712137
0.9588074586235631
0.9588074528217523
0.9583285367285829
0.9588074465232765
0.9588074489209825
0.9588073746648937
0.9588074562207117
0.9588073858166117
0.9588074171478248
0.9588074330313131
0.9586421203604734
0.9581894345636497
0.9588068550180345
0.9588072841379073
0.9581842936883014
0.9588073610407203
0.958807450310385
0.9588073534849979
0.9583482517158378
0.9576127599090865
0.9570070984604212
0.9581237067791559
0.9577543455163046
0.9568302775894253
0.9543842946712163
0.9538039635263784
0.9547636353792827
0.954071849844056
0.954306662692804
0.95362677074406
0.9494452360461731
0.9396247535955881
0.9587955038571285
0.9580822660712301
0.6590586288279368
0.5728987395524632
0.19395655822847985
0.19395655822847985
0.19395655822847985
0.19395655822847985
0.19395655822847985
0.19395655822847985
0.19395655822847985
0.9588074622453943
0.9588074622453557
0.9588074622453702
0.9588074622453943
0.9588074622453923
0.9588074622452608
0.9588074622453565
0.9588074622453943
0.9588074622453898
0.9588074622453889
0.958807462244867
0.9588074622453651
0.9588074622451973
0.9588074622453865
0.958807462245022
0.9588074622453943
0.9588071801572557
0.9588074622453867
0.9588074622453867
0.9588074622453696
0.9588074113419058
0.9588074622453711
0.9588074622453674
0.9588074622447224
0.9588074622425257
0.9588074622425257
0.9588074622360199
0.9588074622360199
0.958807462219911
0.9588074622453531
0.958807462243509
0.9588074622426079
0.958807462242642
0.9588074622415423
0.9588074622448158
0.9588048064126934
0.9588034818030271
0.9588072512351474
0.9588036105315689
0.9588074622441107
0.9588074622337882
0.9587914977112962
0.9587805315844229
0.9587811740904423
0.9587997379642639
0.9587781683324754
0.958777149349677
0.9587775283613595
0.9587575827127036
0.958740396366724
0.9587364449149843
0.9587271221578801
0.9586999023853102
0.9588074618026965
0.9586409426630449
0.9178201080431772
0.7014208603792408
0.19395655822847985
0.19395655822847985
0.19395655822847985
0.19395655822847985
0.19395655822847985
0.19395655822847985
0.19395655822847985
0.19395655822847985
0.19395655822847985
0.19395655822847985
0.19395655822847985
0.19395655822847985
0.19395655822847985
0.19395655822847985
0.19395655822847985
0.19395655822847985
0.19395655822847985
0.19395655822847985
0.19395655822847985
0.19395655822847985
0.19395655822847985
0.19395655822847985
0.19395655822847985
