1.2461448652310276
1.2433831487882125
0.9130172154423031
0.9916212127722618
0.8540000135361737
1.079311733939858
1.1228874199518606
0.7756532062848914
0.6868478040305481
0.9694791859552833
0.9130172154423031
0.6468814540085426
0.7340386801563694
0.901190889661995
0.7340386801563694
0.5544644370474078
1.0003442347622071
1.0439471835943441
0.6986741298108562
0.6245618816390317
0.9885179089818992
0.7451606452914746
0.4954472351412783
0.662599444646904
0.5780084357858489
0.3964636832131434
0.8288667003243243
0.4954472351412783
0.45777317398109757
0.7631626809922993
0.6848593813269331
0.9885179089818992
0.7094268189250338
0.7321754372580144
0.6989932080253127
0.6744257704272121
1.0075534202159353
0.9258762371231463
0.8355909684017412
0.7321754372580144
0.5881681182606232
0.522305232748457
0.36697934902313917
0.522305232748457
0.565908181580594
0.891826645915589
0.6127355558587236
0.618996495814767
0.5999944440409313
0.522305232748457
0.566232836332952
0.4876288390029934
0.43481445319376705
0.5003699508207857
0.566232836332952
0.47580251322268535
0.47580251322268535
0.47580251322268535
0.30865030371705954
0.30865030371705954
0.30865030371705954
0.30865030371705954
0.8207564887917169
0.47580251322268535
0.47580251322268535
0.3204766294973676
0.566232836332952
0.47580251322268535
0.6632423731317739
0.1918887257391258
0.4876288390029934
0.3204766294973676
0.30865030371705954
0.47580251322268535
0.30865030371705954
0.30865030371705954
0.566232836332952
0.30865030371705954
0.6856727177322427
0.6923969858096596
0.6019666626993928
0.47580251322268535
0.4876288390029934
0.30865030371705954
0.47580251322268535
0.47580251322268535
0.3590409352447517
0.47580251322268535
0.3590409352447517
0.30865030371705954
0.3590409352447517
0.3708672610250598
0.20966675178892466
0.47580251322268535
0.3590409352447517
0.20371505151943387
0.47580251322268535
0.30865030371705954
0.1918887257391258
0.4494712583550184
0.47580251322268535
0.3590409352447517
0.3590409352447517
0.47580251322268535
0.032951302052979685
0.30865030371705954
0.566232836332952
0.3590409352447517
0.30865030371705954
0.3590409352447517
0.1918887257391258
0.3590409352447517
0.4686321763089953
0.3590409352447517
0.1918887257391258
0.3590409352447517
0.1918887257391258
0.3590409352447517
0.3590409352447517
0.3590409352447517
0.30865030371705954
0.1918887257391258
0.04477762783328773
0.4686321763089953
0.42490382075691785
0.1918887257391258
0.3590409352447517
0.30865030371705954
0.20371505151943387
0.47580251322268535
0.47580251322268535
0.1918887257391258
0.1918887257391258
0.09290517381099096
0.20371505151943387
0.3590409352447517
0.20371505151943387
0.1918887257391258
0.1918887257391258
0.3590409352447517
0.3590409352447517
0.3590409352447517
0.1918887257391258
0.1918887257391258
0.30865030371705954
0.1918887257391258
0.1918887257391258
0.1918887257391258
0.20371505151943387
0.3590409352447517
0.1918887257391258
0.3590409352447517
0.20966675178892466
0.09290517381099096
0.1918887257391258
0.1918887257391258
0.1918887257391258
0.1734590134711187
0.07447546154298386
0.34061122297674457
0.34061122297674457
0.1734590134711187
0.1734590134711187
0.014521589784972574
0.1734590134711187
0.1734590134711187
0.07447546154298386
0.1734590134711187
0.1734590134711187
0.1734590134711187
0.16946612159826954
0.1734590134711187
0.16946612159826954
0.1734590134711187
0.1734590134711187
0.1734590134711187
0.16946612159826954
0.1734590134711187
0.1734590134711187
0.16946612159826954
0.16946612159826954
0.16946612159826954
0.010528697912123434
0.33661833110389544
0.1734590134711187
0.16946612159826954
0.07048256967013472
0.16946612159826954
0.16946612159826954
0.16946612159826954
0.16946612159826954
0.07048256967013472
0.16946612159826954
0.010528697912123434
0.16946612159826954
0.010528697912123434
0.010528697912123434
0.07048256967013472
0.0599538717580113
0.07048256967013472
0.010528697912123434
0.07048256967013472
0.24162767104860974
0.010528697912123434
0.0599538717580113
0.5869275822505317
0.6745511771471526
0.9639504713837985
1.0691959185444861
0.20804192533699303
0.3483361372354402
1.077840201939623
1.077840201939623
1.077840201939623
1.077840201939623
1.077840201939623
1.016572359906464
0.891826645915589
0.16153920581122141
0.04477762783328773
0.14971288003091335
0.14971288003091335
0.04477762783328773
0.25823046887753165
0.14971288003091335
0.7158212365940914
0.14971288003091335
0.14971288003091335
0.14971288003091335
0.3708672610250598
0.14971288003091335
0.032951302052979685
0.032951302052979685
0.04477762783328773
0.04477762783328773
0.032951302052979685
0.014521589784972574
0.014521589784972574
0.014521589784972574
0.014521589784972574
0.014521589784972574
0.010528697912123434
0.014521589784972574
0.010528697912123434
0.010528697912123434
0.010528697912123434
0.010528697912123434
0.0
0.010528697912123434
0.0
0.0
0.0
0.0
0.0
0.0
0.0
0.0
0.0
0.0
0.0
0.0
0.0
0.0
0.0
0.0
0.0
0.0
0.0
1.2433831487882125
0.9885179089818992
0.7309353763660067
0.5751012564702235
0.5751012564702235
0.4814076608186304
0.5709672515143587
0.3550480433719026
0.19331582886305038
0.5424879032809912
0.5543142290612992
0.19331582886305038
0.04078473596043859
0.33661833110389544
0.3803466866559729
0.361185768701996
0.010528697912123434
0.361185768701996
0.010528697912123434
0.010528697912123434
0.010528697912123434
0.010528697912123434
0.010528697912123434
0.010528697912123434
0.010528697912123434
0.5240581910129839
0.010528697912123434
0.010528697912123434
0.010528697912123434
0.0599538717580113
0.0
0.0
0.0
0.0
0.0
0.0
0.0
0.0
0.0
0.0
0.0
1.2353477524836143
1.1655345299433677
0.5869275822505317
0.4554808851192728
0.7507260311157393
1.154333750348281
1.0739049903611453
0.8636454193263062
0.8355909684017412
1.1658871816107963
0.20804192533699303
0.20804192533699303
0.6137929884797009
0.6923969858096596
0.25823046887753165
0.48520508472145923
0.14971288003091335
0.16153920581122141
0.5510679702336255
0.16153920581122141
0.04477762783328773
0.38360837284285215
0.032951302052979685
0.014521589784972574
0.34061122297674457
0.4502024640409881
0.07447546154298386
0.014521589784972574
0.07048256967013472
0.0
0.014521589784972574
0.33661833110389544
0.014521589784972574
0.07048256967013472
0.22710608126363718
0.0599538717580113
0.0
0.0599538717580113
0.0599538717580113
0.0
0.0
0.0
0.0
0.0
0.0
0.0
0.0
0.0
0.0
0.0
0.0
0.0
0.0
0.0
1.2579711910113356
1.133091103593039
1.2707123028291283
1.3890643735518955
1.2707123028291283
1.0321208578140362
1.2433831487882125
1.016572359906464
1.016572359906464
1.0321208578140362
1.016572359906464
1.016572359906464
1.016572359906464
1.0075534202159353
0.9885179089818992
0.9885179089818992
0.9639504713837985
0.9416905347037694
1.0321208578140362
1.0321208578140362
0.7309353763660067
0.33650981145513215
0.9885179089818992
1.1540608558304883
0.9885179089818992
0.9639504713837985
1.0075534202159353
0.33650981145513215
0.4814076608186304
0.8207564887917169
0.14971288003091335
0.3590409352447517
0.14971288003091335
0.14971288003091335
0.14971288003091335
0.4494712583550184
0.14971288003091335
0.14971288003091335
0.14971288003091335
0.43481445319376705
0.14971288003091335
0.4494712583550184
0.032951302052979685
1.0108668732384074
0.14971288003091335
0.14971288003091335
0.14971288003091335
0.014521589784972574
0.07447546154298386
0.014521589784972574
0.16946612159826954
0.07048256967013472
0.07048256967013472
0.0599538717580113
0.0599538717580113
0.07048256967013472
0.07048256967013472
0.07048256967013472
0.0599538717580113
0.0599538717580113
0.0
0.010528697912123434
0.010528697912123434
0.0599538717580113
0.0599538717580113
0.0
0.0
0.0
0.0
0.0
0.0
0.0
0.0
0.0
0.0
0.0
0.0
0.0
0.0
0.0
0.0
0.0
0.0
0.901190889661995
1.2336539011933605
0.7942038001426164
0.7874795320651995
0.8724696491564613
0.8120469696633001
0.7284623301590701
0.8791939172338782
1.2433831487882125
1.2433831487882125
0.6744257704272121
0.8983548351878551
0.7284623301590701
0.662599444646904
0.8474172941820493
0.7402886559393782
1.1540608558304883
0.69158364940435
0.7507260311157393
0.8940071168753699
0.8940071168753699
1.0624825553630999
0.6245618816390317
0.5999944440409313
1.1546864020157095
0.7530297677571708
0.662599444646904
0.8547518863557181
0.8983548351878551
0.36697934902313917
0.7507260311157393
0.8355909684017412
0.7284623301590701
0.8355909684017412
0.5881681182606232
0.7580606232894082
1.1428600762354015
0.45184428630914125
0.8288667003243243
0.7451606452914746
0.7507260311157393
0.8288667003243243
1.1540608558304883
0.522305232748457
0.33650981145513215
0.6318964738127005
0.6127355558587236
0.522305232748457
0.3551530232428311
0.522305232748457
0.6127355558587236
0.3551530232428311
0.522305232748457
0.522305232748457
0.522305232748457
0.534131558528765
0.8547518863557181
1.2321823691931257
1.2321823691931257
1.2321823691931257
0.7321754372580144
0.6127355558587236
1.0461688131690914
0.522305232748457
1.2433831487882125
0.7321754372580144
1.0573695927641782
0.8828063372802831
0.8828063372802831
0.8828063372802831
0.7580606232894082
0.6245618816390317
0.5881681182606232
0.7388997053354313
0.8636454193263062
0.8636454193263062
0.8636454193263062
0.8636454193263062
0.8636454193263062
0.8636454193263062
0.8355909684017412
0.7388997053354313
0.8288667003243243
0.8288667003243243
0.8288667003243243
0.8288667003243243
0.534131558528765
0.7321754372580144
0.5881681182606232
0.6318964738127005
0.7388997053354313
0.8355909684017412
0.522305232748457
0.8288667003243243
0.8288667003243243
0.8288667003243243
0.534131558528765
0.7388997053354313
0.5881681182606232
0.6848593813269331
0.6848593813269331
0.6848593813269331
0.7321754372580144
0.7321754372580144
0.7321754372580144
0.6848593813269331
0.6127355558587236
0.618996495814767
0.618996495814767
0.618996495814767
0.522305232748457
0.6127355558587236
0.522305232748457
0.7321754372580144
0.3551530232428311
0.6435639334128677
0.522305232748457
0.5881681182606232
0.522305232748457
0.7388997053354313
0.3551530232428311
0.618996495814767
0.7388997053354313
0.522305232748457
0.5881681182606232
0.7388997053354313
0.5881681182606232
0.522305232748457
0.522305232748457
0.5881681182606232
0.522305232748457
0.522305232748457
0.522305232748457
0.522305232748457
0.7580606232894082
0.522305232748457
1.0573695927641782
0.522305232748457
0.522305232748457
0.7321754372580144
0.7388997053354313
0.522305232748457
0.2502177710452055
0.3551530232428311
0.5200129438866323
0.4832328660629976
0.7321754372580144
0.47580251322268535
0.30865030371705954
0.14971288003091335
0.47580251322268535
0.42490382075691785
0.47580251322268535
0.4494712583550184
0.6856727177322427
0.5416653987348515
0.20371505151943387
0.566232836332952
0.4367301465372259
0.47580251322268535
0.47580251322268535
0.47580251322268535
0.6856727177322427
0.4494712583550184
0.566232836332952
0.6856727177322427
0.594287287257517
0.5416653987348515
0.47580251322268535
0.6134482052114939
0.6923969858096596
0.30865030371705954
0.3590409352447517
0.14971288003091335
0.47580251322268535
0.3590409352447517
0.20966675178892466
0.566232836332952
0.566232836332952
0.566232836332952
0.14971288003091335
0.30865030371705954
0.3590409352447517
0.5416653987348515
0.5416653987348515
0.5416653987348515
0.3590409352447517
0.20371505151943387
0.3590409352447517
0.1918887257391258
0.47580251322268535
0.47580251322268535
0.14971288003091335
0.47580251322268535
0.6923969858096596
0.20371505151943387
0.47580251322268535
0.47580251322268535
0.47580251322268535
0.6923969858096596
0.30865030371705954
0.1918887257391258
0.3590409352447517
0.1918887257391258
0.4494712583550184
0.20966675178892466
0.4494712583550184
0.47580251322268535
0.42490382075691785
0.1918887257391258
0.4494712583550184
0.3590409352447517
0.14971288003091335
0.14971288003091335
0.14971288003091335
0.20966675178892466
0.032951302052979685
0.3590409352447517
0.4494712583550184
0.14971288003091335
0.14971288003091335
0.1918887257391258
0.3590409352447517
0.5689111397543091
0.42490382075691785
0.1918887257391258
0.1918887257391258
0.30865030371705954
0.3590409352447517
0.14971288003091335
0.032951302052979685
0.1918887257391258
0.4686321763089953
0.3590409352447517
0.09290517381099096
0.1918887257391258
0.09290517381099096
0.014521589784972574
0.014521589784972574
0.014521589784972574
0.014521589784972574
0.2376347791757606
0.07048256967013472
0.07048256967013472
0.07048256967013472
0.010528697912123434
0.010528697912123434
0.2376347791757606
0.010528697912123434
0.07048256967013472
0.0599538717580113
0.010528697912123434
0.010528697912123434
0.010528697912123434
0.0
0.0
0.0
0.0
0.0
0.0
0.0
0.0
0.0
0.0
0.0
0.0
0.0
0.0
1.2433831487882125
0.7340386801563694
1.1989539891052057
0.43121911727809187
0.2383914452648974
0.3551530232428311
0.2502177710452055
0.4053415667833697
0.3522532525491966
0.30865030371705954
0.3522532525491966
0.1918887257391258
0.1457199881580642
0.1918887257391258
0.30865030371705954
0.032951302052979685
0.028958410180130536
0.1918887257391258
0.028958410180130536
0.16946612159826954
0.014521589784972574
0.010528697912123434
0.014521589784972574
0.014521589784972574
0.010528697912123434
0.07048256967013472
0.010528697912123434
0.010528697912123434
0.010528697912123434
0.014521589784972574
0.010528697912123434
0.0
0.010528697912123434
0.010528697912123434
0.0
0.0
0.0
0.0
0.0
0.15893742368614613
0.0
0.0
0.0
0.0
0.0
0.0
0.0
0.0
0.0
0.0
0.0
0.0
0.0
0.0
0.0
0.0
0.0
0.0
0.0
0.0
0.0
0.0
0.0
0.0
0.0
0.0
0.0
0.0
0.0
0.0
0.0
0.0
0.0
0.0
0.0
0.0
0.0
0.0
0.0
0.0
0.0
0.0
0.0
0.0
0.0
0.0
0.0
0.0
0.0
0.0
0.0
0.0
0.0
0.0
0.0
0.0
0.0
0.0
0.0
0.0
0.0
0.0
0.0
0.0
0.0
0.0
0.0
0.7458650059366775
0.618996495814767
0.7402886559393782
1.1540608558304883
0.618996495814767
0.33650981145513215
0.45184428630914125
0.662599444646904
0.7094268189250338
0.36697934902313917
0.45184428630914125
0.534131558528765
0.45184428630914125
0.522305232748457
1.072531160535551
0.566232836332952
0.47580251322268535
0.6454046881629667
0.682085017353239
1.02602844100978
0.30865030371705954
0.30865030371705954
0.566232836332952
0.3590409352447517
0.6629240993992621
0.4494712583550184
0.3590409352447517
0.10473149959129903
0.4367301465372259
0.30865030371705954
0.5416653987348515
0.1918887257391258
0.47580251322268535
0.20966675178892466
0.47580251322268535
0.032951302052979685
0.566232836332952
0.4494712583550184
0.09290517381099096
0.4494712583550184
0.3590409352447517
0.032951302052979685
0.14971288003091335
0.14971288003091335
0.3590409352447517
0.032951302052979685
0.3590409352447517
0.46129758413532646
0.3708672610250598
0.4367301465372259
0.3590409352447517
0.20371505151943387
0.032951302052979685
0.3590409352447517
0.20371505151943387
0.1918887257391258
0.3590409352447517
0.1918887257391258
0.1918887257391258
0.032951302052979685
0.1918887257391258
0.1918887257391258
0.42490382075691785
0.04477762783328773
0.42490382075691785
0.1918887257391258
0.1918887257391258
0.3590409352447517
0.1918887257391258
0.4494712583550184
0.42490382075691785
0.1918887257391258
0.032951302052979685
0.3590409352447517
0.3590409352447517
0.3590409352447517
0.3590409352447517
0.032951302052979685
0.1918887257391258
0.1918887257391258
0.1918887257391258
0.1918887257391258
0.1918887257391258
0.42490382075691785
0.1918887257391258
0.1918887257391258
0.1918887257391258
0.4494712583550184
0.3590409352447517
0.1918887257391258
0.032951302052979685
0.032951302052979685
0.032951302052979685
0.1734590134711187
0.34061122297674457
0.014521589784972574
0.34061122297674457
0.014521589784972574
0.1734590134711187
0.1734590134711187
0.014521589784972574
0.34061122297674457
0.07447546154298386
0.014521589784972574
0.07048256967013472
0.014521589784972574
0.014521589784972574
0.014521589784972574
0.1734590134711187
0.1734590134711187
0.34061122297674457
0.34061122297674457
0.014521589784972574
0.014521589784972574
0.014521589784972574
0.014521589784972574
0.1734590134711187
0.014521589784972574
0.1734590134711187
0.1734590134711187
0.014521589784972574
0.014521589784972574
0.1734590134711187
0.1734590134711187
0.014521589784972574
0.07447546154298386
0.010528697912123434
0.33661833110389544
0.07447546154298386
0.1734590134711187
0.010528697912123434
0.014521589784972574
0.07048256967013472
0.33661833110389544
0.010528697912123434
0.1734590134711187
0.014521589784972574
0.1734590134711187
0.014521589784972574
0.07048256967013472
0.34061122297674457
0.07447546154298386
0.014521589784972574
0.014521589784972574
0.014521589784972574
0.014521589784972574
0.014521589784972574
0.014521589784972574
0.00399289187284914
0.010528697912123434
0.0
0.0
0.0
0.0
0.0
0.0
0.0
0.0
0.0
0.0
0.0
0.0
0.0
0.0
0.0
0.0
0.0
0.0
0.0
0.0
0.0
0.0
0.0
0.0
0.5869275822505317
0.7458650059366775
1.1540608558304883
0.3483361372354402
0.534131558528765
0.618996495814767
0.20804192533699303
0.19621559955668497
0.6308228215950751
1.077840201939623
0.3204766294973676
0.740388674192192
0.740388674192192
0.8453239263898176
0.032951302052979685
0.48045850208930335
0.30865030371705954
0.3954346986231602
0.7039949108137833
0.3886452870748586
0.14971288003091335
0.09290517381099096
0.30865030371705954
0.3590409352447517
0.3590409352447517
0.1918887257391258
0.09290517381099096
0.14971288003091335
0.032951302052979685
0.3590409352447517
0.09290517381099096
0.1918887257391258
0.032951302052979685
0.09290517381099096
0.20371505151943387
0.032951302052979685
0.09290517381099096
0.1918887257391258
0.1918887257391258
0.09290517381099096
0.3590409352447517
0.1918887257391258
0.09290517381099096
0.09290517381099096
0.4494712583550184
0.3590409352447517
0.09290517381099096
0.26005738331661693
0.014521589784972574
0.07447546154298386
0.014521589784972574
0.014521589784972574
0.34061122297674457
0.4502024640409881
0.1734590134711187
0.014521589784972574
0.014521589784972574
0.1734590134711187
0.1734590134711187
0.24162767104860974
0.33661833110389544
0.014521589784972574
0.07447546154298386
0.1734590134711187
0.07447546154298386
0.34061122297674457
0.07048256967013472
0.18528533925142676
0.014521589784972574
0.014521589784972574
0.07048256967013472
0.07048256967013472
0.014521589784972574
0.1734590134711187
0.07447546154298386
0.07447546154298386
0.3651786605748451
0.014521589784972574
0.014521589784972574
0.010528697912123434
0.010528697912123434
0.1734590134711187
0.07447546154298386
0.014521589784972574
0.07048256967013472
0.010528697912123434
0.014521589784972574
0.2376347791757606
0.2376347791757606
0.014521589784972574
0.16946612159826954
0.33661833110389544
0.014521589784972574
0.07048256967013472
0.07048256967013472
0.07048256967013472
0.07048256967013472
0.07048256967013472
0.07048256967013472
0.33661833110389544
0.014521589784972574
0.35243754875705263
0.1734590134711187
0.010528697912123434
0.4502024640409881
0.010528697912123434
0.010528697912123434
0.014521589784972574
0.014521589784972574
0.1734590134711187
0.1734590134711187
0.010528697912123434
0.33661833110389544
0.07048256967013472
0.010528697912123434
0.07048256967013472
0.014521589784972574
0.07048256967013472
0.010528697912123434
0.2376347791757606
0.07048256967013472
0.014521589784972574
0.1734590134711187
0.07048256967013472
0.07447546154298386
0.07447546154298386
0.07048256967013472
0.010528697912123434
0.010528697912123434
0.07048256967013472
0.16946612159826954
0.010528697912123434
0.010528697912123434
0.07048256967013472
0.0599538717580113
0.0
0.0
0.010528697912123434
0.010528697912123434
0.010528697912123434
0.010528697912123434
0.010528697912123434
0.0
0.010528697912123434
0.0
0.0
0.0
0.0
0.0
0.0
1.3584066308328726
0.9961540736909402
0.7324013293667628
0.47580251322268535
0.6678295482115592
0.6427263847416096
0.7710597991114885
0.5416653987348515
0.1918887257391258
0.032951302052979685
0.14971288003091335
0.4494712583550184
0.5003699508207857
0.47580251322268535
0.47580251322268535
0.20966675178892466
0.4494712583550184
0.3590409352447517
0.09290517381099096
0.4494712583550184
0.3590409352447517
0.4494712583550184
0.032951302052979685
0.3708672610250598
0.1734590134711187
0.1734590134711187
0.1734590134711187
0.1734590134711187
0.43104154608701123
0.34061122297674457
0.014521589784972574
0.014521589784972574
0.34061122297674457
0.528051082885833
0.34061122297674457
0.43104154608701123
0.07447546154298386
0.3651786605748451
0.34061122297674457
0.34061122297674457
0.07447546154298386
0.1734590134711187
0.4502024640409881
0.07447546154298386
0.3651786605748451
0.1734590134711187
0.34061122297674457
0.3651786605748451
0.5395247569987128
0.34061122297674457
0.43104154608701123
0.34061122297674457
0.1734590134711187
0.34061122297674457
0.34061122297674457
0.3651786605748451
0.1734590134711187
0.16946612159826954
0.34061122297674457
0.34061122297674457
0.34061122297674457
0.34061122297674457
0.4270486542141621
0.33661833110389544
0.1734590134711187
0.361185768701996
0.34061122297674457
0.3651786605748451
0.1734590134711187
0.34061122297674457
0.33661833110389544
0.5853837133405139
0.07447546154298386
0.33661833110389544
0.34061122297674457
0.16946612159826954
0.35243754875705263
0.1734590134711187
0.16946612159826954
0.33661833110389544
0.16946612159826954
0.33661833110389544
0.18528533925142676
0.33661833110389544
0.18528533925142676
0.07048256967013472
0.33661833110389544
0.33661833110389544
0.16946612159826954
0.24162767104860974
0.35243754875705263
0.35243754875705263
0.1734590134711187
0.1734590134711187
0.1734590134711187
0.18528533925142676
0.34061122297674457
0.16946612159826954
0.2376347791757606
0.34061122297674457
0.16946612159826954
0.34061122297674457
0.07048256967013472
0.34061122297674457
0.34061122297674457
0.18528533925142676
0.16946612159826954
0.35243754875705263
0.35243754875705263
0.1734590134711187
0.16946612159826954
0.1734590134711187
0.4270486542141621
0.33661833110389544
0.34061122297674457
0.33661833110389544
0.16946612159826954
0.07048256967013472
0.07048256967013472
0.35243754875705263
0.34061122297674457
0.16946612159826954
0.3651786605748451
0.33661833110389544
0.1734590134711187
0.33661833110389544
0.16946612159826954
0.16946612159826954
0.1734590134711187
0.37301209448230405
0.33661833110389544
0.07447546154298386
0.33661833110389544
0.07048256967013472
0.33661833110389544
0.07048256967013472
0.0
1.2825386286094362
0.9801641630128813
0.9801641630128813
1.2433831487882125
0.7458650059366775
1.1042666879102088
0.9885179089818992
0.9885179089818992
0.9885179089818992
0.9885179089818992
0.9885179089818992
0.9885179089818992
0.8540000135361737
1.0439471835943441
1.0075534202159353
0.7451606452914746
0.662599444646904
0.39875597207496816
0.565908181580594
0.39875597207496816
0.39875597207496816
0.39875597207496816
0.39875597207496816
0.4105822978552762
0.39875597207496816
0.522305232748457
0.522305232748457
0.522305232748457
0.3551530232428311
0.36697934902313917
0.3551530232428311
0.6318964738127005
0.36697934902313917
0.30865030371705954
0.30865030371705954
0.47580251322268535
0.14971288003091335
0.14971288003091335
0.47580251322268535
0.14971288003091335
0.30865030371705954
0.1918887257391258
0.1918887257391258
0.3590409352447517
0.20371505151943387
0.20371505151943387
0.3590409352447517
0.1918887257391258
0.1918887257391258
0.1918887257391258
0.1918887257391258
0.3590409352447517
0.20371505151943387
0.1918887257391258
0.1918887257391258
0.3590409352447517
0.1918887257391258
0.14971288003091335
0.1918887257391258
0.1918887257391258
0.3590409352447517
0.1918887257391258
0.3590409352447517
0.3590409352447517
0.3590409352447517
0.1918887257391258
0.3590409352447517
0.1918887257391258
0.14971288003091335
0.1918887257391258
0.1918887257391258
0.3590409352447517
0.3590409352447517
0.1918887257391258
0.3590409352447517
0.1918887257391258
0.3590409352447517
0.1918887257391258
0.1918887257391258
0.1918887257391258
0.032951302052979685
0.032951302052979685
0.3590409352447517
0.1918887257391258
0.1918887257391258
0.1918887257391258
0.1918887257391258
0.1918887257391258
0.1918887257391258
0.3590409352447517
0.1918887257391258
0.1918887257391258
0.1918887257391258
0.1918887257391258
0.1918887257391258
0.1918887257391258
0.1918887257391258
0.1918887257391258
0.3590409352447517
0.032951302052979685
0.1918887257391258
0.014521589784972574
0.1734590134711187
0.014521589784972574
0.014521589784972574
0.014521589784972574
0.014521589784972574
0.1734590134711187
0.1734590134711187
0.014521589784972574
0.1734590134711187
0.1629303155589953
0.014521589784972574
0.014521589784972574
0.014521589784972574
0.014521589784972574
0.014521589784972574
0.014521589784972574
0.014521589784972574
0.014521589784972574
0.0
0.00399289187284914
0.0
0.0
0.0
0.0
0.0
0.0
0.0
0.0
0.0
0.0
0.9788801009544692
0.7458650059366775
0.7458650059366775
0.901190889661995
0.7458650059366775
0.7458650059366775
1.2101547687002925
0.4954472351412783
0.4954472351412783
0.662599444646904
0.7284623301590701
0.7340386801563694
1.018754199811022
0.7284623301590701
0.6744257704272121
0.7402886559393782
0.4954472351412783
0.4954472351412783
0.4954472351412783
0.6966857071072412
0.6848593813269331
0.4636706120894493
0.618996495814767
0.6744257704272121
0.7284623301590701
0.4954472351412783
0.4954472351412783
0.4954472351412783
0.4954472351412783
0.662599444646904
0.6848593813269331
0.6966857071072412
0.6848593813269331
0.4636706120894493
0.9944096471729139
0.33650981145513215
0.7402886559393782
0.5072735609215863
0.5999944440409313
0.45184428630914125
0.36697934902313917
0.6848593813269331
0.7284623301590701
0.4954472351412783
0.618996495814767
0.7094268189250338
0.45184428630914125
0.6308228215950751
0.3551530232428311
0.662599444646904
0.7094268189250338
0.45184428630914125
0.45184428630914125
0.6848593813269331
0.7094268189250338
0.6848593813269331
0.45184428630914125
0.45184428630914125
0.4636706120894493
0.45184428630914125
0.6127355558587236
0.36697934902313917
0.618996495814767
0.522305232748457
0.618996495814767
0.7094268189250338
0.9944096471729139
0.534131558528765
0.45184428630914125
0.7094268189250338
0.5999944440409313
0.45184428630914125
0.5881681182606232
0.618996495814767
0.6848593813269331
0.3551530232428311
0.5072735609215863
0.45184428630914125
0.618996495814767
0.4636706120894493
0.33650981145513215
0.3551530232428311
0.36697934902313917
0.45184428630914125
0.6318964738127005
0.618996495814767
0.618996495814767
1.0837319401306378
0.3551530232428311
0.45184428630914125
0.3551530232428311
0.7285877368790107
0.534131558528765
0.618996495814767
0.4636706120894493
0.909544709886912
0.7094268189250338
0.7094268189250338
0.7094268189250338
0.45184428630914125
0.6848593813269331
0.6848593813269331
0.6848593813269331
0.6848593813269331
0.6848593813269331
0.5881681182606232
0.5881681182606232
0.6127355558587236
0.6848593813269331
0.3551530232428311
0.3551530232428311
0.45184428630914125
0.522305232748457
0.45184428630914125
0.618996495814767
0.618996495814767
0.618996495814767
0.618996495814767
0.618996495814767
0.6127355558587236
0.522305232748457
0.6848593813269331
0.45184428630914125
0.4636706120894493
0.45184428630914125
0.534131558528765
0.522305232748457
0.5881681182606232
0.45184428630914125
0.5881681182606232
0.522305232748457
0.45184428630914125
0.3551530232428311
0.45184428630914125
0.5881681182606232
0.45184428630914125
0.45184428630914125
0.3551530232428311
0.3551530232428311
0.7094268189250338
0.6127355558587236
0.3551530232428311
0.7094268189250338
0.2383914452648974
0.6127355558587236
0.4714065402826895
0.3551530232428311
0.3551530232428311
0.4714065402826895
0.3551530232428311
0.3551530232428311
0.2383914452648974
0.7285877368790107
0.2383914452648974
0.47580251322268535
0.47580251322268535
0.1918887257391258
0.47580251322268535
0.20371505151943387
0.30865030371705954
0.4053415667833697
0.3590409352447517
0.30865030371705954
0.6383566618011617
0.42490382075691785
0.1918887257391258
0.1918887257391258
0.20371505151943387
0.47580251322268535
0.47580251322268535
0.30865030371705954
0.032951302052979685
0.1918887257391258
0.47580251322268535
0.1918887257391258
0.6383566618011617
0.47580251322268535
0.1918887257391258
0.42490382075691785
0.1918887257391258
0.8319572683868037
0.566232836332952
0.6383566618011617
0.42490382075691785
0.30865030371705954
0.30865030371705954
0.4053415667833697
0.20371505151943387
0.3590409352447517
0.1918887257391258
0.1918887257391258
0.30865030371705954
0.1918887257391258
0.30865030371705954
0.032951302052979685
0.1918887257391258
0.5416653987348515
0.1918887257391258
0.1918887257391258
0.1918887257391258
0.30865030371705954
0.1918887257391258
0.30865030371705954
0.1918887257391258
0.1918887257391258
0.8319572683868037
0.032951302052979685
0.1918887257391258
0.3590409352447517
0.1918887257391258
0.30865030371705954
0.30865030371705954
0.1918887257391258
0.1918887257391258
0.1918887257391258
0.1918887257391258
0.1918887257391258
0.1918887257391258
0.3590409352447517
0.30865030371705954
0.1918887257391258
0.1918887257391258
0.1918887257391258
0.1918887257391258
0.1918887257391258
0.032951302052979685
0.1918887257391258
0.032951302052979685
0.1918887257391258
0.032951302052979685
0.014521589784972574
0.18528533925142676
0.1734590134711187
0.1734590134711187
0.014521589784972574
0.1629303155589953
0.00399289187284914
0.00399289187284914
0.0
0.0
0.0
0.0
0.0
0.7340386801563694
0.3964636832131434
0.7451606452914746
0.9885179089818992
1.0003442347622071
0.40829000899345147
1.1540608558304883
0.9885179089818992
0.7451606452914746
0.9885179089818992
1.1540608558304883
1.0003442347622071
0.9885179089818992
0.7094268189250338
1.077840201939623
1.077840201939623
0.7451606452914746
0.8110235308036408
1.016572359906464
1.016572359906464
1.016572359906464
1.016572359906464
0.7451606452914746
1.016572359906464
1.016572359906464
1.016572359906464
0.2929068626229951
1.1540608558304883
0.6484693822251645
0.8110235308036408
0.8110235308036408
0.8110235308036408
0.8110235308036408
0.8110235308036408
0.8110235308036408
0.20804192533699303
0.891826645915589
0.7451606452914746
0.7451606452914746
0.7451606452914746
0.7451606452914746
0.7451606452914746
0.6602957080054725
0.45184428630914125
0.2929068626229951
0.7451606452914746
0.7451606452914746
0.7451606452914746
0.45184428630914125
0.7868913937179635
0.7451606452914746
0.7451606452914746
0.891826645915589
0.45184428630914125
0.6127355558587236
0.9036529716958971
0.3551530232428311
0.2929068626229951
0.618996495814767
1.0573695927641782
0.7143322677373306
0.3551530232428311
0.891826645915589
0.891826645915589
0.543534130027539
0.45184428630914125
0.7750650679376554
0.3551530232428311
0.8453239263898176
0.14971288003091335
0.5003699508207857
0.1918887257391258
0.740388674192192
0.4970314105017673
0.8453239263898176
0.3590409352447517
0.48520508472145923
0.5628942960139336
0.47580251322268535
0.20371505151943387
0.14971288003091335
0.48520508472145923
0.7285623484118839
0.7285623484118839
0.3657652033221685
0.48520508472145923
0.14971288003091335
0.7285623484118839
0.48520508472145923
0.19861299381654257
0.30865030371705954
0.1918887257391258
0.5510679702336255
0.48520508472145923
0.48520508472145923
0.7285623484118839
0.20371505151943387
0.1918887257391258
0.14971288003091335
0.19861299381654257
0.48520508472145923
0.8941052952604737
0.8941052952604737
0.48520508472145923
0.48520508472145923
0.7285623484118839
0.3657652033221685
0.7285623484118839
0.14971288003091335
0.20371505151943387
0.48520508472145923
0.19861299381654257
0.5510679702336255
0.20371505151943387
0.19861299381654257
0.19861299381654257
0.7285623484118839
0.48520508472145923
0.48520508472145923
0.48520508472145923
0.48520508472145923
0.48520508472145923
0.48520508472145923
0.48520508472145923
0.3657652033221685
0.48520508472145923
0.48520508472145923
0.1918887257391258
0.1918887257391258
0.19861299381654257
0.1918887257391258
0.8941052952604737
0.48520508472145923
0.3590409352447517
0.1918887257391258
0.1918887257391258
0.48520508472145923
0.20371505151943387
0.5510679702336255
0.1918887257391258
0.032951302052979685
0.5510679702336255
0.48520508472145923
0.48520508472145923
0.6678295482115592
0.032951302052979685
0.032951302052979685
0.7285623484118839
0.3657652033221685
0.032951302052979685
0.032951302052979685
0.032951302052979685
0.1918887257391258
0.1918887257391258
0.4494712583550184
0.3590409352447517
0.032951302052979685
0.032951302052979685
0.032951302052979685
0.032951302052979685
0.3657652033221685
0.014521589784972574
0.46278248058060295
0.010528697912123434
0.46278248058060295
0.16946612159826954
0.014521589784972574
0.010528697912123434
0.010528697912123434
0.010528697912123434
0.010528697912123434
0.34061122297674457
0.010528697912123434
0.1734590134711187
0.33661833110389544
0.010528697912123434
0.0
0.010528697912123434
0.0
0.0
0.0
0.0
0.0
0.0
0.0
0.0
0.0
0.0
0.0
0.0
0.0
0.0
0.0
1.293739408204523
0.7458650059366775
0.7340386801563694
0.7458650059366775
0.7216166465530334
0.9099139116519405
0.8546264796357778
0.7530297677571708
0.5072735609215863
0.662599444646904
0.5072735609215863
0.4954472351412783
0.999718688576986
0.8042992627262239
0.45184428630914125
0.7384363772140577
0.36697934902313917
0.36697934902313917
0.36697934902313917
0.36697934902313917
0.618996495814767
0.6308228215950751
0.9639504713837985
0.7094268189250338
0.522305232748457
0.6848593813269331
0.33650981145513215
1.2366588807107957
0.618996495814767
0.618996495814767
0.7094268189250338
0.36697934902313917
0.45184428630914125
0.7094268189250338
0.8288667003243243
0.5881681182606232
0.45184428630914125
0.45184428630914125
0.3551530232428311
0.8042992627262239
0.3551530232428311
0.618996495814767
0.522305232748457
0.522305232748457
0.6127355558587236
0.45184428630914125
0.7143322677373306
0.2502177710452055
0.2502177710452055
0.3551530232428311
0.534131558528765
0.8288667003243243
0.3551530232428311
0.36697934902313917
0.6127355558587236
0.522305232748457
0.522305232748457
0.41736998055083135
0.45184428630914125
0.522305232748457
0.522305232748457
0.36697934902313917
0.522305232748457
0.3551530232428311
0.3551530232428311
0.3551530232428311
0.522305232748457
0.3551530232428311
0.2502177710452055
0.2502177710452055
0.3551530232428311
0.3551530232428311
0.618996495814767
0.522305232748457
0.3551530232428311
0.2502177710452055
0.3551530232428311
0.19621559955668497
0.2502177710452055
0.522305232748457
0.6127355558587236
0.3551530232428311
0.522305232748457
0.47580251322268535
0.30865030371705954
0.20371505151943387
0.30865030371705954
0.47580251322268535
0.30865030371705954
0.16153920581122141
0.30865030371705954
0.1918887257391258
0.30865030371705954
0.47580251322268535
0.14971288003091335
0.47580251322268535
0.30865030371705954
0.30865030371705954
0.47580251322268535
0.20371505151943387
0.1918887257391258
0.30865030371705954
0.3590409352447517
0.032951302052979685
0.3590409352447517
0.6856727177322427
0.5724937762889956
0.30865030371705954
0.20371505151943387
0.47580251322268535
0.032951302052979685
0.30865030371705954
0.1918887257391258
0.47580251322268535
0.1918887257391258
0.1918887257391258
0.30865030371705954
0.1918887257391258
0.1918887257391258
0.47580251322268535
0.30865030371705954
0.30865030371705954
0.30865030371705954
0.20371505151943387
0.30865030371705954
0.47580251322268535
0.20966675178892466
0.30865030371705954
0.30865030371705954
0.47580251322268535
0.9174477518580271
0.30865030371705954
0.30865030371705954
0.6629240993992621
0.3590409352447517
0.14971288003091335
0.47580251322268535
0.1918887257391258
0.6383566618011617
0.6383566618011617
0.30865030371705954
0.30865030371705954
0.032951302052979685
0.5416653987348515
0.032951302052979685
0.14971288003091335
0.47580251322268535
0.47580251322268535
0.30865030371705954
0.47580251322268535
0.5416653987348515
0.20966675178892466
0.47580251322268535
0.1918887257391258
0.30865030371705954
0.1918887257391258
0.566232836332952
0.47580251322268535
0.47580251322268535
0.47580251322268535
0.47580251322268535
0.47580251322268535
0.1918887257391258
0.1918887257391258
0.30865030371705954
0.47580251322268535
0.42490382075691785
0.20966675178892466
0.14971288003091335
0.1918887257391258
0.30865030371705954
0.30865030371705954
0.47580251322268535
0.47580251322268535
0.4494712583550184
0.30865030371705954
0.1918887257391258
0.566232836332952
0.20966675178892466
0.1918887257391258
0.1918887257391258
0.47580251322268535
0.30865030371705954
0.47580251322268535
0.47580251322268535
0.30865030371705954
0.5416653987348515
0.47580251322268535
0.42490382075691785
0.1918887257391258
0.30865030371705954
0.1918887257391258
0.1918887257391258
0.3590409352447517
0.032951302052979685
0.1918887257391258
0.3590409352447517
0.1918887257391258
0.30865030371705954
0.14971288003091335
0.1918887257391258
0.30865030371705954
0.47580251322268535
0.032951302052979685
0.47580251322268535
0.30865030371705954
0.30865030371705954
0.47580251322268535
0.14971288003091335
0.30865030371705954
0.14971288003091335
0.032951302052979685
0.1918887257391258
0.032951302052979685
0.032951302052979685
0.1918887257391258
0.47580251322268535
0.032951302052979685
0.1918887257391258
0.032951302052979685
0.3590409352447517
0.1918887257391258
0.4494712583550184
0.1918887257391258
0.5443437021562086
0.1918887257391258
0.3590409352447517
0.032951302052979685
0.1918887257391258
0.1918887257391258
0.14971288003091335
0.1918887257391258
0.42490382075691785
0.1918887257391258
0.3590409352447517
0.20966675178892466
0.09290517381099096
0.1918887257391258
0.3590409352447517
0.1918887257391258
0.1918887257391258
0.3590409352447517
0.1918887257391258
0.3590409352447517
0.1918887257391258
0.1918887257391258
0.032951302052979685
0.1918887257391258
0.1918887257391258
0.4494712583550184
0.1918887257391258
0.1918887257391258
0.1918887257391258
0.1918887257391258
0.3590409352447517
0.1918887257391258
0.1918887257391258
0.3590409352447517
0.1918887257391258
0.1918887257391258
0.1918887257391258
0.3590409352447517
0.032951302052979685
0.3590409352447517
0.1918887257391258
0.1918887257391258
0.3590409352447517
0.1918887257391258
0.42490382075691785
0.1918887257391258
0.1918887257391258
0.032951302052979685
0.1918887257391258
0.09290517381099096
0.1918887257391258
0.3590409352447517
0.1918887257391258
0.1918887257391258
0.032951302052979685
0.014521589784972574
0.1734590134711187
0.1734590134711187
0.34061122297674457
0.1734590134711187
0.1734590134711187
0.07447546154298386
0.1734590134711187
0.014521589784972574
0.1734590134711187
0.014521589784972574
0.014521589784972574
0.014521589784972574
0.014521589784972574
0.014521589784972574
0.014521589784972574
0.014521589784972574
0.014521589784972574
0.07048256967013472
0.010528697912123434
0.014521589784972574
0.014521589784972574
0.014521589784972574
0.014521589784972574
0.16946612159826954
0.014521589784972574
0.16946612159826954
0.07048256967013472
0.010528697912123434
0.16946612159826954
0.0599538717580113
0.0
0.0
0.0
0.0
0.0
0.0
0.0
0.0
0.0
0.0
1.2149987694085236
0.3483361372354402
1.021011517786371
0.53973670612471
0.662599444646904
0.7929105444620439
0.6308228215950751
0.3964636832131434
0.7284623301590701
0.7212531447053419
0.3483361372354402
0.6966857071072412
0.7741816742846578
0.5279103803444021
0.5279103803444021
0.24640414309722347
1.107558136304717
0.4053415667833697
0.44894451561550675
0.2900070919293606
0.2900070919293606
0.6160967251211326
0.14971288003091335
0.5416653987348515
0.682085017353239
0.2900070919293606
0.14971288003091335
0.032951302052979685
0.14971288003091335
0.24640414309722347
0.032951302052979685
0.3590409352447517
0.14971288003091335
0.34061122297674457
0.13128316776290622
0.014521589784972574
0.014521589784972574
0.6133804839707085
0.014521589784972574
0.014521589784972574
0.014521589784972574
0.014521589784972574
0.33661833110389544
0.014521589784972574
0.014521589784972574
0.014521589784972574
0.446209572168139
0.014521589784972574
0.5240581910129839
0.010528697912123434
0.014521589784972574
0.014521589784972574
0.010528697912123434
0.010528697912123434
0.014521589784972574
0.010528697912123434
0.014521589784972574
0.014521589784972574
0.010528697912123434
0.446209572168139
0.010528697912123434
0.014521589784972574
0.014521589784972574
0.010528697912123434
0.014521589784972574
0.33661833110389544
0.010528697912123434
0.3646727820284605
0.33661833110389544
0.010528697912123434
0.010528697912123434
0.010528697912123434
0.010528697912123434
0.010528697912123434
0.010528697912123434
0.010528697912123434
0.010528697912123434
0.010528697912123434
0.010528697912123434
0.0
0.010528697912123434
0.0
0.010528697912123434
0.0
0.0
0.010528697912123434
0.0
0.0
0.0
0.0
0.0
0.0
0.0
0.0
0.0
0.0
0.0
0.0
0.0
0.0
0.0
0.0
0.0
0.0
0.0
0.0
0.0
0.0
0.0
0.0
0.0
0.0
0.0
0.0
0.0
0.0
0.0
0.0
0.0
0.0
0.0
0.0
0.0
0.0
0.0
0.0
0.0
0.0
0.0
0.0
0.0
0.0
0.0
1.0932179246508686
1.2433831487882125
0.9639504713837985
0.9659388940874134
0.4526711162782063
0.6373474170900593
0.458568554386558
0.6216113846179859
0.3618772913202479
0.39875597207496816
0.7143322677373306
0.6127355558587236
0.4876288390029934
0.30865030371705954
0.20371505151943387
0.38471639775232014
0.1918887257391258
0.30865030371705954
0.20371505151943387
0.20371505151943387
0.3590409352447517
0.1918887257391258
0.4494712583550184
0.3153745717944763
0.4494712583550184
0.3590409352447517
0.3590409352447517
0.1918887257391258
0.3590409352447517
0.1918887257391258
0.1918887257391258
0.20371505151943387
0.3590409352447517
0.20371505151943387
0.1918887257391258
0.5464807951538403
0.3590409352447517
0.1918887257391258
0.1918887257391258
0.3590409352447517
0.1918887257391258
0.1918887257391258
0.20371505151943387
0.20371505151943387
0.1918887257391258
0.1918887257391258
0.1918887257391258
0.1918887257391258
0.1918887257391258
0.09290517381099096
0.1918887257391258
0.1918887257391258
0.1918887257391258
0.1918887257391258
0.1918887257391258
0.1918887257391258
0.1918887257391258
0.1918887257391258
0.032951302052979685
0.3590409352447517
0.1918887257391258
0.3590409352447517
0.3590409352447517
0.1918887257391258
0.032951302052979685
0.1918887257391258
0.1918887257391258
0.1918887257391258
0.1918887257391258
0.1918887257391258
0.1918887257391258
0.1918887257391258
0.1918887257391258
0.1918887257391258
0.1918887257391258
0.1918887257391258
0.032951302052979685
0.1918887257391258
0.1918887257391258
0.1918887257391258
0.1918887257391258
0.14971288003091335
0.1918887257391258
0.1918887257391258
0.1918887257391258
0.1918887257391258
0.1918887257391258
0.1918887257391258
0.1918887257391258
0.1734590134711187
0.1734590134711187
0.1734590134711187
0.014521589784972574
0.1734590134711187
0.1734590134711187
0.014521589784972574
0.1734590134711187
0.1734590134711187
0.1734590134711187
0.014521589784972574
0.1734590134711187
0.1734590134711187
0.1734590134711187
0.1734590134711187
0.1734590134711187
0.014521589784972574
0.1734590134711187
0.07048256967013472
0.010528697912123434
0.07048256967013472
0.014521589784972574
0.010528697912123434
0.010528697912123434
0.07048256967013472
0.010528697912123434
0.07048256967013472
0.010528697912123434
0.010528697912123434
0.010528697912123434
0.010528697912123434
0.010528697912123434
0.010528697912123434
0.0
0.010528697912123434
0.0599538717580113
0.0
0.0
0.0
0.0
0.0
0.0
0.0
0.0
0.0
0.0
0.0
0.0
0.0
0.0
0.0
0.0
0.0
0.0
0.0
0.0
0.0
0.0
1.046934057455528
1.1050442504311766
1.4480815754580254
1.3890643735518955
1.2433831487882125
1.016572359906464
1.057853374305355
1.2235214267033063
0.7458650059366775
0.6868478040305481
0.39875597207496816
0.8785674511342744
0.6245618816390317
0.7451606452914746
0.20804192533699303
0.8288667003243243
0.20371505151943387
0.9174477518580271
0.14971288003091335
0.594287287257517
0.566232836332952
0.566232836332952
0.566232836332952
0.46129758413532646
0.47580251322268535
0.30865030371705954
0.5416653987348515
0.19331582886305038
0.6856727177322427
0.26509602640136987
0.14971288003091335
0.3522532525491966
0.30865030371705954
0.1918887257391258
0.1918887257391258
0.14971288003091335
0.47580251322268535
0.3590409352447517
0.7826822545310647
0.30865030371705954
0.14971288003091335
0.6856727177322427
0.1918887257391258
0.032951302052979685
0.14971288003091335
0.07447546154298386
0.33661833110389544
0.014521589784972574
0.014521589784972574
0.35243754875705263
0.08630178732329193
0.07048256967013472
0.34061122297674457
0.07048256967013472
0.07048256967013472
0.3651786605748451
0.014521589784972574
0.34061122297674457
0.07447546154298386
0.33661833110389544
0.07048256967013472
0.014521589784972574
0.07048256967013472
0.07048256967013472
0.07048256967013472
0.07048256967013472
0.07048256967013472
0.16946612159826954
0.010528697912123434
0.0599538717580113
0.0
0.0
0.0
0.0
0.0
0.0
0.0
0.0
0.0
0.0
0.0
0.7458650059366775
0.5426381112670997
0.8042992627262239
0.8161255885065319
1.2433831487882125
0.8288667003243243
0.8042992627262239
0.8042992627262239
0.9757767971641066
0.7384363772140577
0.7384363772140577
0.7384363772140577
0.36697934902313917
0.3551530232428311
1.0573695927641782
0.7285877368790107
0.7285877368790107
0.41736998055083135
0.7094268189250338
0.7094268189250338
0.7094268189250338
0.7697560265335835
0.2383914452648974
0.07945402157875125
0.2502177710452055
0.2383914452648974
0.032951302052979685
0.1918887257391258
0.032951302052979685
0.14971288003091335
0.032951302052979685
0.3590409352447517
0.42490382075691785
0.032951302052979685
0.1918887257391258
0.032951302052979685
0.1918887257391258
0.20371505151943387
0.1918887257391258
0.20371505151943387
0.1918887257391258
0.1918887257391258
0.42490382075691785
0.1918887257391258
0.1918887257391258
0.3590409352447517
0.1918887257391258
0.1918887257391258
0.1918887257391258
0.1918887257391258
0.1918887257391258
0.1918887257391258
0.1918887257391258
0.1918887257391258
0.1918887257391258
0.1918887257391258
0.1918887257391258
0.1918887257391258
0.1918887257391258
0.1918887257391258
0.1918887257391258
0.1918887257391258
0.1918887257391258
0.1918887257391258
0.032951302052979685
0.1918887257391258
0.1918887257391258
0.1918887257391258
0.3590409352447517
0.1918887257391258
0.1918887257391258
0.1918887257391258
0.032951302052979685
0.1918887257391258
0.1918887257391258
0.1918887257391258
0.1918887257391258
0.032951302052979685
0.1918887257391258
0.1918887257391258
0.1918887257391258
0.1918887257391258
0.1918887257391258
0.1918887257391258
0.1918887257391258
0.032951302052979685
0.032951302052979685
0.1918887257391258
0.1918887257391258
0.032951302052979685
0.032951302052979685
0.1918887257391258
0.3590409352447517
0.032951302052979685
0.1918887257391258
0.3590409352447517
0.1918887257391258
0.032951302052979685
0.1918887257391258
0.032951302052979685
0.1918887257391258
0.1918887257391258
0.032951302052979685
0.1918887257391258
0.1918887257391258
0.1918887257391258
0.032951302052979685
0.032951302052979685
0.1918887257391258
0.1734590134711187
0.1734590134711187
0.1734590134711187
0.014521589784972574
0.1734590134711187
0.014521589784972574
0.1734590134711187
0.1734590134711187
0.014521589784972574
0.34061122297674457
0.014521589784972574
0.1734590134711187
0.1734590134711187
0.014521589784972574
0.1734590134711187
0.34061122297674457
0.014521589784972574
0.33661833110389544
0.1734590134711187
0.15893742368614613
0.15893742368614613
0.0
0.0
0.0
0.0
0.0
0.0
0.0
0.0
0.0
0.0
0.0
0.0
0.0
0.0
0.0
0.0
1.4362552496777174
0.9069194134644902
1.1048677413427097
1.043321637409123
0.7684440208311631
0.8514901388520452
1.0075534202159353
0.9639504713837985
0.8672592083174886
0.9885179089818992
0.9639504713837985
0.891826645915589
1.1821153067550536
1.0570513190316668
1.0570513190316668
0.543534130027539
0.19621559955668497
0.9639504713837985
0.9639504713837985
0.7321754372580144
0.4832328660629976
0.14971288003091335
0.5259648067636761
0.30865030371705954
0.20966675178892466
0.1918887257391258
0.1918887257391258
0.3708672610250598
0.1918887257391258
0.20371505151943387
0.032951302052979685
0.20371505151943387
0.46129758413532646
0.032951302052979685
0.1918887257391258
0.1918887257391258
0.42490382075691785
0.20371505151943387
0.7285623484118839
0.20966675178892466
0.20371505151943387
0.20371505151943387
0.032951302052979685
0.14971288003091335
0.1918887257391258
0.20371505151943387
0.1918887257391258
0.5416653987348515
0.1918887257391258
0.1918887257391258
0.7039949108137833
0.04477762783328773
0.032951302052979685
0.1918887257391258
0.20371505151943387
0.1918887257391258
0.09290517381099096
0.5416653987348515
0.1918887257391258
0.1918887257391258
0.14971288003091335
0.1918887257391258
0.42490382075691785
0.1918887257391258
0.032951302052979685
0.3590409352447517
0.032951302052979685
0.1918887257391258
0.1918887257391258
0.42490382075691785
0.032951302052979685
0.1918887257391258
0.1918887257391258
0.1918887257391258
0.1918887257391258
0.42490382075691785
0.1918887257391258
0.1918887257391258
0.1918887257391258
0.3590409352447517
0.032951302052979685
0.032951302052979685
0.1918887257391258
0.3590409352447517
0.1918887257391258
0.7791707107891479
0.1918887257391258
0.1918887257391258
0.1918887257391258
0.1918887257391258
0.42490382075691785
0.1918887257391258
0.032951302052979685
0.032951302052979685
0.032951302052979685
0.6931357185662458
0.032951302052979685
0.3590409352447517
0.032951302052979685
0.032951302052979685
0.032951302052979685
0.3590409352447517
0.3590409352447517
0.032951302052979685
0.032951302052979685
0.1918887257391258
0.09290517381099096
0.032951302052979685
0.032951302052979685
0.1918887257391258
0.07447546154298386
0.014521589784972574
0.014521589784972574
0.014521589784972574
0.1734590134711187
0.014521589784972574
0.014521589784972574
0.014521589784972574
0.014521589784972574
0.1734590134711187
0.014521589784972574
0.1734590134711187
0.1734590134711187
0.1734590134711187
0.1734590134711187
0.014521589784972574
0.1734590134711187
0.00399289187284914
0.07048256967013472
0.00399289187284914
0.0599538717580113
0.0
0.0
0.0
0.0
1.146373611989391
0.9916212127722618
0.7340386801563694
0.7756532062848914
0.6907882689988896
0.4459468482007895
0.522305232748457
0.7129138322514982
0.4459468482007895
0.534131558528765
0.8865176045115172
0.3551530232428311
0.3551530232428311
0.239818548388822
0.522305232748457
0.5881681182606232
0.3551530232428311
0.36697934902313917
0.19331582886305038
0.30865030371705954
0.47580251322268535
0.5416653987348515
0.7205750035864548
0.14971288003091335
0.47580251322268535
0.47580251322268535
0.30865030371705954
0.47580251322268535
0.30865030371705954
0.4367301465372259
0.47580251322268535
0.42490382075691785
0.1918887257391258
0.19331582886305038
0.14971288003091335
0.1918887257391258
0.032951302052979685
0.032951302052979685
0.4367301465372259
0.3590409352447517
0.1918887257391258
0.20371505151943387
0.1918887257391258
0.3590409352447517
0.3590409352447517
0.1918887257391258
0.1918887257391258
0.20371505151943387
0.1918887257391258
0.3590409352447517
0.1918887257391258
0.1918887257391258
0.1918887257391258
0.3590409352447517
0.1918887257391258
0.1918887257391258
0.1918887257391258
0.3590409352447517
0.1918887257391258
0.032951302052979685
0.42490382075691785
0.1918887257391258
0.20371505151943387
0.032951302052979685
0.1918887257391258
0.1918887257391258
0.1918887257391258
0.1918887257391258
0.1918887257391258
0.1918887257391258
0.1918887257391258
0.3590409352447517
0.1918887257391258
0.1918887257391258
0.1918887257391258
0.1918887257391258
0.1918887257391258
0.1918887257391258
0.20371505151943387
0.1918887257391258
0.1918887257391258
0.1918887257391258
0.1918887257391258
0.1918887257391258
0.1918887257391258
0.032951302052979685
0.3590409352447517
0.1918887257391258
0.1918887257391258
0.1918887257391258
0.1918887257391258
0.1918887257391258
0.1918887257391258
0.1918887257391258
0.1918887257391258
0.3590409352447517
0.1918887257391258
0.1918887257391258
0.30865030371705954
0.1918887257391258
0.1918887257391258
0.5387935513127431
0.1918887257391258
0.42490382075691785
0.42490382075691785
0.42490382075691785
0.1918887257391258
0.1918887257391258
0.1918887257391258
0.1918887257391258
0.1918887257391258
0.3590409352447517
0.1918887257391258
0.1918887257391258
0.032951302052979685
0.032951302052979685
0.42490382075691785
0.032951302052979685
0.1918887257391258
0.1918887257391258
0.1918887257391258
0.1918887257391258
0.1918887257391258
0.1918887257391258
0.1918887257391258
0.1918887257391258
0.1918887257391258
0.1918887257391258
0.1918887257391258
0.1918887257391258
0.1918887257391258
0.032951302052979685
0.3590409352447517
0.032951302052979685
0.1918887257391258
0.032951302052979685
0.032951302052979685
0.032951302052979685
0.1918887257391258
0.1918887257391258
0.1918887257391258
0.1918887257391258
0.1918887257391258
0.032951302052979685
0.1918887257391258
0.1918887257391258
0.1918887257391258
0.1918887257391258
0.1918887257391258
0.1918887257391258
0.1918887257391258
0.032951302052979685
0.032951302052979685
0.1918887257391258
0.1918887257391258
0.032951302052979685
0.1918887257391258
0.1918887257391258
0.1918887257391258
0.014521589784972574
0.014521589784972574
0.014521589784972574
0.014521589784972574
0.014521589784972574
0.014521589784972574
0.014521589784972574
0.014521589784972574
0.014521589784972574
0.014521589784972574
0.014521589784972574
0.014521589784972574
0.014521589784972574
0.010528697912123434
0.16946612159826954
0.07048256967013472
0.0
0.0
0.0
0.0
0.0
0.0
0.0
0.0
0.0
0.8120469696633001
0.5544644370474078
0.5544644370474078
1.1540608558304883
0.7684440208311631
0.5544644370474078
0.6966857071072412
0.7094268189250338
0.7530297677571708
0.7094268189250338
0.4636706120894493
0.6848593813269331
0.45184428630914125
0.7094268189250338
0.45184428630914125
0.9530912791362612
0.2929068626229951
0.7094268189250338
0.7094268189250338
0.7094268189250338
0.5279103803444021
0.7094268189250338
0.7094268189250338
0.6848593813269331
0.6848593813269331
0.6848593813269331
0.45184428630914125
0.45184428630914125
0.45184428630914125
0.6127355558587236
0.45184428630914125
0.3551530232428311
0.3551530232428311
0.3551530232428311
0.6848593813269331
0.19621559955668497
0.14971288003091335
0.4814076608186304
0.14971288003091335
0.5416653987348515
0.30865030371705954
0.14971288003091335
0.032951302052979685
0.14971288003091335
0.14971288003091335
0.14971288003091335
0.14971288003091335
0.14971288003091335
0.14971288003091335
0.14971288003091335
0.032951302052979685
0.032951302052979685
0.032951302052979685
0.4064741084889108
0.014521589784972574
0.0
0.0
0.0
0.0
0.0
0.0
0.0
0.0
0.0
0.0
0.0
0.0
0.0
0.0
0.0
0.0
0.0
0.0
0.0
0.0
0.0
0.0
0.0
0.0
0.0
