17.761856738920592
5.958960013731485
21.029381818340795
19.16103625524009
15.026206506707855
17.722929601654613
17.632774236608075
16.950945384759724
14.785692969756957
17.15702683232941
13.581159817754353
12.602679323222832
13.38444036891776
13.959106858345558
15.396966235054707
17.070177728560175
16.097540705640352
16.39113273175993
12.3319381721584
16.236655827493507
14.598139059054942
16.465615039659337
14.48284279900754
14.562623206759914
15.097595993758976
12.083372234821583
4.630196835297324
12.615942870433118
16.828290262855354
18.892153876913216
4.570083851660956
14.676101103862631
12.898451236227945
14.700872925808312
12.694269987175714
13.627100257793217
13.666793506042099
13.36533705266212
4.937651321320085
11.667588990915442
13.244746129787204
12.940996612607561
12.953585907742243
12.329900014273091
12.443724191124858
13.283526408660006
11.993005696713317
10.95126113527443
13.298719145024563
13.078220093872426
12.582181738899672
12.771976220798843
11.858344629101857
11.892348888126888
13.701641723666173
11.966446856410117
11.936807577696943
12.710337317836668
12.362399966394952
12.019900837482194
12.222457620390504
10.208257807015196
10.763358665324592
13.197032335968384
11.312821980663825
11.264108357002781
11.47708869627569
11.358682836485654
9.37957271682527
13.02774785458114
10.988623379626647
12.280256301214093
10.622607597991617
10.476158406575667
10.967428196211685
9.758575400632925
9.15567996598385
11.673326125731602
10.7792018825005
9.586831052998669
10.375538130243593
9.025359833340682
9.36786569604424
9.71175737639516
10.153530405448478
9.739744046932522
8.974045165197063
9.621171972661495
10.823804895845514
10.268085125135462
11.549035565189552
11.31124440175361
10.364868063616086
10.653276425080652
10.736487025916615
10.100886925260182
10.762837279043415
9.580542712125313
8.98339969103782
10.071248298189703
10.080054750588575
8.646861918339043
9.681555765426078
10.51091179897985
7.284428288502221
10.551310261125126
10.069955682811836
9.168516023915709
9.855039582434962
8.72869022419817
9.219506639332229
3.275576582688435
10.63961519417448
10.515774583011083
10.82741621740066
9.289773739851908
11.824111376164065
10.560238869848005
10.603820473265966
8.669507187789213
8.555063438747414
8.192990231914477
8.295720289688372
9.301222181239469
8.189099283875924
8.468538432232892
9.518887016792798
8.18564952831288
9.372872081911053
8.666766317302587
8.995829060065228
8.16871836512817
8.142949411522155
6.758377802532384
10.142033446908536
9.304234475648972
8.901844040333392
8.02600004048616
9.237130661153314
7.669209996093554
8.700707402128046
8.6658533120862
7.411893049652838
8.16271710431731
8.327764033967137
7.279499580627296
7.592330927407529
7.739310381419214
8.500864253501208
7.727143812969377
8.680235136069488
7.145933759982578
5.85055912573723
7.121992649356372
7.755875449063834
7.239452243397075
6.438889383062382
8.113244138854789
5.672073416438044
7.286522670416655
7.167987053053205
6.448479274520602
6.514468094876528
6.607771904607392
6.806227960142001
6.680560719110051
7.25628689632421
6.341959711451651
6.599102029284483
6.70828947284731
6.5642606560595045
8.353117078881223
6.193521111138326
5.663101460552126
7.771126312869826
6.246794506996986
5.702296391348745
4.886007698386798
7.011217458321014
4.975301464725713
5.584905052781967
4.937273679073928
4.206130262717768
5.8397909622542015
6.342126776189808
5.501217772558111
4.835794157054399
5.052433757541754
5.017603656795189
4.180359003956719
3.9842305047557396
3.534981021257943
3.1745987312469497
3.092169206597617
3.5275782807984073
3.2005927584245337
2.816815894993136
2.21166375753266
3.454846102535954
3.405475402749982
3.4223556145838696
2.4294149258163693
0.8494828868792066
2.572521793793724
1.6265251692799771
15.27949861886794
14.115077167525895
21.990513180420574
21.818773340126818
14.594000561608736
13.812083840416543
6.624842143015212
6.624842143015212
6.624842143015212
6.624842143015212
6.624842143015212
6.57607588365899
19.62974195787308
14.277621749469436
13.249108395055401
9.849377055143616
13.880029111533261
12.788069461084435
12.08705713529108
14.057795680073529
17.821581797071005
13.79562931273631
11.554255420935329
12.67164579354819
13.211420932927487
12.416541435719656
11.735519879607521
11.417920491234474
10.489396554753213
10.463949110071544
10.905531192779051
10.851271949873208
10.595448270591081
10.571170820031062
9.608498576302285
9.276808250412937
1.766112342665387
8.215453835691092
1.2987309370870297
1.0382157453623317
1.5052042931784082
1.170765044187773
0.6809280991587979
0.6820050224899786
0.24502882293875639
0.0
0.0
0.0
0.0
0.0
0.0
0.0
0.0
0.0
0.0
0.0
0.0
0.0
0.0
0.0
0.0
0.0
0.0
6.415722302633583
6.327975355730505
6.092381946494834
15.719967261726277
15.134001104530068
14.826618242781002
7.441559966255718
4.855657081036455
13.755868422618317
6.5280660159635415
7.018328777823584
12.962986452583497
2.095067792409796
3.6974854174187937
4.963559125734408
3.3716415804572164
1.5620810501758726
4.821355528982586
1.4868616672305013
1.2208262468977655
1.3453518891590321
1.0925556860426067
1.0433011930164102
0.9755691008864246
0.9206358842349097
4.1823281913797326
0.693632308621299
0.6751159008321233
0.6941367114076161
1.8996643263740056
0.30024839293666045
0.0
0.0
0.0
0.0
0.0
0.0
0.0
0.0
0.0
0.0
22.526536443834498
6.8295888825549795
15.234720019756319
16.341670982999588
20.50993861209524
5.47960632773869
5.453599748414277
5.430941560559495
5.4107546692891475
19.14975920484474
14.674734693806645
13.56876706251266
16.969218316375024
16.95925806503117
12.676850069188651
16.50300605472159
13.303278086971302
12.547543169590423
15.928177617348485
11.653370760034933
5.366807686009285
6.623670783076211
11.188388440329451
11.074190773518149
6.423082536743311
3.9333564093419895
3.3521397620817335
3.2776488551285214
1.9990604145870885
0.934375419914377
3.0165263609025237
2.479055886969955
2.729389604908246
1.86252870426774
1.4173569737948541
1.3093930491080272
0.6208233751327464
1.2433041878786553
1.04254521891773
0.5057066813568594
0.3753650726084008
0.23969405157497878
0.0
0.0
0.0
0.0
0.0
0.0
0.0
0.0
0.0
0.0
0.0
0.0
22.49165457721364
21.54612635209295
22.056621816784467
21.93813020237117
21.87298722666985
21.058448092593373
6.737947477089848
6.700773259193644
6.700773259193644
20.51867102127326
6.668790929440274
6.668790929440274
6.668790929440274
20.40465934744235
6.640626813135431
6.640626813135431
6.592482219200308
20.05610347344083
19.958495489236842
19.73085529042154
6.485769795653049
13.480658596061875
18.33153783170126
18.228998048146956
18.20318548322748
18.078087740954874
17.55145821274773
12.949818473147609
12.967106226767422
16.539438734105985
12.634598954931509
12.227984026130637
11.474811573062421
11.398457956418966
11.119418000346203
3.861678237395028
10.800600168902841
10.800600168902841
10.601092000984254
15.018911692307029
10.654659272168894
10.354472350785574
11.063194307520783
6.782613745491507
9.896764437469633
9.896764437469633
9.654216759170327
9.397482388739428
6.6858929316586355
5.657324338815952
3.4541397216515435
2.1878616745744894
2.083184939866271
1.9209851976487646
1.8884636914852322
1.0243928084258345
1.7467287348026
0.9874168229588843
1.5630956270965
1.5286500917602919
0.7269448021296557
1.0741347599642561
0.7832490909834575
1.2339589381108407
1.271066683074417
0.5927830804954961
0.3692288642411286
0.2679363188531134
0.0
0.0
0.0
0.0
0.0
0.0
0.0
0.0
0.0
0.0
0.0
0.0
0.0
0.0
0.0
18.829287347459932
16.55418367670577
16.34554602858495
15.713443925495815
15.972777779127906
17.099823448287523
16.096259282801146
15.753965281373002
5.083730137696173
5.083730137696173
14.854610462277748
18.63773618136538
14.552146008877976
15.165693968317036
16.97953666884524
14.933371161179597
15.315531843887285
16.4725898251836
16.66080774923313
6.578048984962437
6.578048984962437
14.468953915014463
14.966144488075736
15.218735033222861
15.899242669226851
17.12509596380218
13.715135862174298
15.882247426139664
13.613836889700753
13.735698763022025
14.622923747743375
15.621293795159769
13.230858362691274
5.793842860149565
16.044414804456995
14.202303182878925
15.286405737471586
12.41591009568412
13.930123219405877
4.68920776742039
13.943862003089382
14.942609851568122
13.526244403798382
15.494022633860903
10.391120247726759
14.82844543972548
14.999104290395932
13.922478725271647
12.778327477378888
14.109890959694358
12.727046863134682
14.699050286630532
11.270979121809034
12.43457563846177
14.852103510371714
14.553142797079957
11.474555418493498
4.098602743180915
4.098602743180915
4.098602743180915
13.770842111452534
18.763246380563537
13.494064417910261
11.937943072574836
4.1405460906622
13.576289217572143
15.282924744170518
4.043515517036055
4.043515517036055
4.043515517036055
13.343701946463856
13.94671732146062
13.79357129387257
13.465162576702294
3.9960306839806163
3.9960306839806163
3.9960306839806163
3.9960306839806163
3.9960306839806163
3.9960306839806163
4.550747096242789
13.260295310464167
3.9541406218446156
3.9541406218446156
3.9541406218446156
3.9541406218446156
13.666871005374214
13.140389264439467
13.169976204430924
12.744527666751448
13.106342610148715
3.995897972884889
13.187318383368671
3.9165518889977067
3.9165518889977067
3.9165518889977067
15.607191788544364
12.679389522399154
13.685239527471019
3.882375968044676
3.840606237909207
3.882375968044676
12.744993963022218
11.24271543736441
12.611305650766107
3.924011052979291
12.97195409029025
3.8509797558558017
3.8509797558558017
3.8509797558558017
12.545131000411358
11.741296944568441
12.663894997063123
12.62018941732522
11.43346020576538
11.330683827988624
11.78806266035915
12.322260531295907
15.68462287253103
12.394903277540388
15.7176802234018
3.8362245250141123
12.699088838928605
3.7550858580031488
12.673996915611813
12.312354411517447
12.73012654885778
12.234570254324044
12.685169211054022
11.67240970215373
3.7453194280672255
15.072305528533033
12.540526154121892
12.474699708492638
12.26609564810023
12.49175263965849
13.66855475222825
12.132394130267391
12.207749105879117
11.531346941205747
11.779707677824483
10.878294044223411
13.329233907389849
11.874921066594322
9.479405858982672
13.223332947388936
10.333209631001965
11.747974709655832
3.6238346836249145
11.41079865792054
10.18528168617165
14.181428245638255
11.382605086331502
12.735536535312907
11.336852075825814
10.346636351871808
11.745299780082815
12.711345951723255
12.289765343028483
11.2036994706971
12.748938467253838
11.451558678143916
10.616843239569171
12.822300849763415
12.252244711921541
10.449006693809753
3.6280852669878363
12.154267704642864
9.23647883516282
3.0707745939253295
10.28616517464761
9.921971302970805
11.690114302856259
7.8244481131279695
9.85146581202742
11.74111992201535
8.415660455042758
2.984494165455396
2.984494165455396
2.984494165455396
7.999457297240923
10.105873698437753
11.36320859553751
2.950148921025122
2.950148921025122
2.950148921025122
12.337153693672771
11.121877494200056
9.901042639916021
9.866556294857858
2.919578092860925
2.919578092860925
8.000400436881383
2.8919185246393355
9.435765096466792
11.084342155320703
2.866575466091486
2.866575466091486
2.866575466091486
9.73512463016897
2.8431281013868595
10.694473716302229
9.969251812236502
10.472452673743222
10.72302277879376
8.140397556084894
10.582338149912768
9.976192441760949
9.777832338289883
11.02299062618698
10.067227751348767
10.010370211382297
8.1251515171098
6.425220999754131
7.841457031205828
8.467016609909424
7.063292967466098
9.835950959022078
8.337410939086196
7.128642122447165
6.227362007986112
9.46588341715738
9.46100765084005
8.422516791571645
8.281844490301543
10.250109213176009
10.299419115898667
1.9934793628297478
8.50280300953208
5.697005071882191
6.5235294681782525
7.408248095774588
3.0707745939253295
7.972989116405516
6.678940105419093
7.566355860059349
6.0398984665031605
5.345847099466437
4.988469889062826
4.190545071751301
4.4120625750042075
2.2458236444663067
2.1817080601985386
2.345985879378114
1.970376586670468
0.5840635699584892
1.2222774717644458
2.2009006097668657
0.8024473036075749
1.6524622199168042
2.013405606110832
0.5959476948899277
1.0009117660987699
0.8026536025301244
0.14739129496526363
0.0
0.0
0.0
0.0
0.0
0.0
0.0
0.0
0.0
0.0
0.0
0.0
0.0
6.83337682717351
17.943919235140672
20.238643838925434
13.095497234794609
18.024406425838514
15.113683804797196
17.40479619720445
11.030771061752585
12.837055234204994
12.875974624069512
10.956786874630353
13.430015996811537
4.151072705250364
11.554522550010933
9.564149355207936
9.956060517761625
3.60713557323442
8.499026539896942
3.237857732550815
3.909101838571555
7.668226580840328
2.060193438269667
6.70443828082577
6.655897773746811
2.5731399084044773
2.082997626074907
2.083098198550972
1.8205227930130157
1.9199641248833694
5.289784062053209
1.400987581594707
0.9092478170117927
1.1283587213357298
1.024364807182796
0.8340174400647392
0.8654096368694612
0.8112684218707819
0.8038267727954013
0.753636140666506
2.272630803887729
0.6498071975160773
0.5163888564288179
0.0
0.0
0.0
0.0
0.0
0.0
0.0
0.0
0.0
0.0
0.0
0.0
0.0
0.0
0.0
0.0
0.0
0.0
0.0
0.0
0.0
0.0
0.0
0.0
0.0
0.0
0.0
0.0
0.0
0.0
0.0
0.0
0.0
0.0
0.0
0.0
0.0
0.0
0.0
0.0
0.0
0.0
0.0
0.0
0.0
0.0
0.0
0.0
0.0
0.0
0.0
0.0
0.0
0.0
0.0
0.0
0.0
0.0
0.0
0.0
0.0
0.0
0.0
0.0
0.0
18.75824922197175
14.54194322015289
15.86825287586654
16.10142060435061
14.009849602079345
12.24503110777142
11.71927245665761
13.092163631197575
13.620380697485464
12.969488666166013
10.959301927238139
12.554130526968576
16.75028479142127
15.203993151960804
5.08128700018931
15.25187809696878
13.742801740821994
13.711477202567297
9.577803909439265
4.832986040696513
12.593267822520431
13.082648709485637
12.342295920105421
10.357357015499705
4.698639427798956
12.536196493451069
10.027386029685056
9.860962884874997
12.9479607841498
10.46743573329467
12.89481419847487
12.016576039372717
12.161373389716376
8.350212294717274
10.340348688395544
9.23299278948283
8.275366060962574
10.307684222708257
8.731935503794865
10.366440888968173
9.808861136390664
9.131949687948683
6.536685906785342
6.728051660467217
4.763787109463692
9.289745878006164
8.019728203449601
8.534843543467373
12.248265312413237
12.428128093143217
12.234530735062844
11.498854011762134
8.177361346471852
11.653485177625305
11.296459796446825
11.67578406888565
11.057611391731307
11.153043006548522
10.800776823829816
7.592164975158842
10.705019740356922
10.955800167850107
11.021321165841577
8.145708316827717
11.155958060324648
8.7493617016505
10.282060139079313
9.88935159543403
10.404464548430072
9.872651286243656
2.8275614243461993
9.910863530836544
4.208308448331871
2.7725539830341126
2.7725539830341126
2.7725539830341126
2.7725539830341126
8.676944727510676
2.750236368868178
2.750236368868178
9.47840847351869
2.73015601816112
2.73015601816112
9.325245614946652
2.7118084126508366
2.7118084126508366
9.2721627942434
4.582043767086889
9.219495774367305
2.6948464991738867
5.644147881114279
7.194983453899202
5.577093460545959
8.814736198492367
8.409169057175694
4.98651350689023
8.317300339173897
3.234157612867157
9.311540585637216
7.560290384717514
6.311537884335775
7.441443990219949
4.137048979694846
5.985925101439515
3.523957735926081
4.844086875526788
7.025173342663356
5.773259132332244
2.578327060410055
4.725811367282174
4.903975549112035
2.7978924816774007
5.04298538899033
5.2049676183823195
5.023532386608668
5.04298538899033
2.6026432105812543
3.2709104029412037
1.656396308899561
1.6364369201391622
5.285761220158279
5.245454039234175
1.61821028626689
1.6013680222303697
3.899784559414784
1.5569717087010717
2.404596169294089
3.331944053295012
1.5190430632161998
2.6641492278452685
1.9674098395886759
4.196073778698996
2.7693187175337606
2.9932515699071276
1.8839469048810218
2.7118084126508366
4.345712135637069
2.6948464991738867
4.195103247862993
3.5691229279118803
1.430487876794689
1.3885217489066404
3.903779225565552
3.6512657618672684
3.5976001332470213
3.189952969017643
3.261275670961102
3.1760355630730164
2.6086024221987016
1.2784217937903146
0.8496151477932524
0.8584697073766099
1.033362662902953
0.5224618543891647
0.692625677441611
0.0
0.0
0.0
0.0
0.0
0.0
0.0
0.0
0.0
0.0
0.0
0.0
0.0
0.0
0.0
0.0
0.0
0.0
0.0
15.02177028372431
16.96399281617059
16.87108916354302
14.072282837444764
17.61963161919187
11.890316297597588
12.916872146799959
10.628556147371773
12.776995290584969
5.127352734637194
16.084790574652335
13.840024074443656
14.174121133204086
12.80773108380271
12.188066874125127
14.675691809128537
10.010154484471819
9.472611551214122
12.282999013967645
8.394611627020048
7.873259927416402
10.379526389380729
9.848995177806025
8.239531975314605
9.236482159899012
12.556979256409168
7.508079815432299
6.499072717178921
9.182776627650146
9.597608676751154
8.013342773660957
8.279775891806672
9.733953975202184
6.722893409938989
9.489845193014899
7.866571775238672
5.993302142680966
12.197858584273806
9.603379151160665
6.6781342673183115
12.559823751287654
10.064887802566064
6.339286725807853
9.431751803195729
12.471453130719905
10.041008180546264
7.482971175504354
5.516588747139462
8.567359157180887
7.020874510218186
5.373653940729819
7.103425754499823
2.39227888321098
6.195529475959844
6.123835443793525
3.2969158987231304
6.060568432318088
2.3393098368277836
9.772970450987954
4.440995670285141
4.813332456263155
6.368619869704056
4.725756970988694
8.774414417605815
4.987634964229563
4.826468846079894
3.4296147812539783
4.593938140403352
6.80617980499581
5.89332614205984
3.4212110735784793
3.194936644608926
7.041350637183376
7.553255661081732
5.286568798780487
3.694310556691517
5.463408642469959
6.331322505615856
8.356029892448015
2.316536284355833
1.9909145505711618
5.314488691265039
5.1726739978334475
4.7966240514031115
3.3822491414936082
1.7333521795741078
6.15002580810334
3.6814724453041663
2.895674574153854
4.508654885537874
3.790941131386597
3.6492624660452133
4.823507849298715
2.6848369278723636
2.7091738768406
2.632911154741214
2.4792800724257655
2.406321909793907
2.7392307296198353
3.0412694521234016
5.187849533864483
6.250583026071642
4.716461486710918
1.65347121880983
5.0843455156655954
1.5787579121240611
1.3109018452274244
2.5506748075989734
2.454750346782095
3.782083990955261
3.741892057077556
1.4755411848239859
4.594164634086012
2.9928471651624915
1.442421573138094
3.5290053448434504
4.2604998409055375
3.124525661720799
1.2574880169814373
3.0576673450454295
1.869702613608435
4.074718806852235
1.7013003363268762
1.9597527728109712
1.0947885743566776
1.0577825417480535
2.220157427267604
0.9472944568778556
1.1984456244783728
2.107142344896798
2.784814276884101
1.2848604645285808
1.5818243586979919
1.8887695845595274
1.7360518030392833
0.6947306372170237
0.7405869722922291
0.9404865304239064
1.1129212255596324
0.7596024783529255
0.681637511272102
0.6555144952340345
0.5888016140084231
0.8359037610083305
0.4276506459292568
0.36505200130521775
0.15602755478162308
0.0
0.0
0.0
20.765804092483933
20.379497375167013
14.25147134607154
13.812023845345626
13.125478565781155
14.097305760927068
4.822912091643053
4.762966373840875
12.786704756314519
12.33564121553755
11.576925807101071
14.237918846792152
12.755853687271834
8.578833768063554
8.745940183997986
11.367151595004826
8.956433990723848
11.502124863364564
11.554895287460994
3.629501408856658
7.199132613419319
7.268317496185718
9.779912311672069
8.423906917333618
7.9105969875313376
6.76369376627243
5.9738577417517
7.901081786637913
9.50343138965376
7.936756676256785
6.222489290602956
8.526272133266495
9.376346672178705
7.817775938514262
6.924293451963895
6.309562023372523
6.234119511546177
6.323943050960013
7.345195420857928
5.8393144810234485
7.030275043876489
5.856044110110632
6.57621704072723
5.739174754330237
6.4947009182887
7.47398177589635
3.7983027953996933
6.740104469330269
3.0951811060420464
5.957708409530173
3.0252606230307553
5.976743772431519
6.1446760058386465
5.60524600690796
5.3071543712030556
6.25675776598345
5.871845590073135
4.423274387664528
6.000362695053769
5.686260853199894
5.495183690662119
4.961483916547934
5.627682523206596
4.039799643530494
6.310581824641189
3.7471364566951655
5.081138943078344
5.264074177355349
5.117666288899339
5.859552447587325
5.34038965741389
4.663418026635432
3.944521378426403
5.137990738460215
5.42386670903127
4.748307188288913
4.610308681368593
3.1810762038404374
4.606967354587554
5.133867974426033
4.389708247771115
4.757703119708149
6.137778389180557
4.258520159467903
4.275041455178615
3.0825181095780634
4.347383489353024
3.7137009342815914
4.318480256806444
4.862629317047661
5.685351162553041
6.792241858288219
5.521334158082792
6.415725504769765
6.450289104060405
6.222871642240023
5.425465328005282
4.4117515018818265
3.023401271830063
6.458517184219846
3.480075179673778
6.209665491582798
3.000289151626725
6.132035010625233
6.253734661056516
4.3702785340991674
4.70794873239833
5.086829859345843
5.084010562930406
4.881839659376297
4.64516554623841
3.9714513343267974
4.249788905384598
4.521880581685667
5.607534629799209
5.0190586094915295
4.27533868555953
2.7553767939623004
3.4500445023750768
4.974251279849477
5.540557501102039
4.762670380681818
2.050401511563999
2.926793302215462
4.296004437507467
4.958296129720185
3.951667391186182
4.238438580346902
1.554221790963562
4.512339746793105
3.6911690843142577
4.279471931408255
2.98978387446528
1.7822343349783638
2.019161670498842
2.035159878938822
0.442958060582617
22.661986318060826
20.570375957591512
20.372698286977563
6.7772817407113095
17.37528781301436
6.690895767895344
6.622368264036564
6.622368264036564
6.622368264036564
6.622368264036564
6.565182483418634
6.565182483418634
16.666101612659666
18.983964571245405
18.109903126148236
6.433220713923198
15.096159986555044
16.16843910797857
15.501362545802273
13.534541442478917
13.892599269457037
15.09064116719727
14.936365242090881
15.138056077463856
14.865476857325133
13.449610595001205
14.568471824975305
14.93945615317567
13.128282024793736
13.672259380561314
12.881577652156697
13.393749129342273
13.038523732801282
12.679355546406624
12.508247028605686
11.272610379247068
9.827844787166054
10.228940918408949
13.899497483144799
9.65433543469127
12.11461674158555
9.450728703542646
12.05817037645336
12.278150883774957
11.400394169252904
11.266724724521454
11.636784554423297
11.869471636775133
11.134126546266836
11.161326612457586
11.04877540127157
10.833365043081363
10.417403764904723
10.192497899844478
11.374040311213138
10.544621483019117
10.131710281445137
7.581647116218694
9.328797010415814
9.413764436588309
9.976044729037598
9.250115198261266
9.888549595863806
9.254184593748409
9.011285081220583
11.325422398817699
8.643521926817796
8.544833504470983
7.240282955817693
8.537953714760665
11.267515015998258
2.6098640644811733
8.391007103424517
8.273984306662758
2.5629559303539535
8.390627181912663
2.525044204364273
10.185714428820013
2.492870542500029
10.109157719649636
6.626329338530829
8.165246071175856
7.782459725758573
2.439464127829534
2.439464127829534
10.040097813227874
7.698298143684457
9.378764296741384
9.29385893633679
9.407017592004271
7.259035745109577
7.143894862187213
7.031897311516255
9.161389572634338
9.231112963046098
2.2931056477966307
6.92348851783883
6.836748378811544
2.525044204364273
5.802829476893369
8.030023639250164
6.146833098490353
7.804117368626877
5.894269831465693
5.830414197271511
5.563059359678641
5.141878156861007
5.419936903619745
6.902028743899014
4.566473976015865
4.823223044348866
4.679047686371973
4.582387464773103
4.993553016631511
3.860809582548001
3.938445586305707
3.823089673467038
4.013870420407563
4.299016481370261
3.529325599638292
2.7268460807018715
3.0249284875177054
2.2749499671567817
2.206924510926281
0.0
0.0
0.0
0.0
0.0
0.0
0.0
0.0
18.780716401800124
18.913662494237443
17.950570842489995
19.825367156929694
17.140510815584594
17.14910026528073
17.920229497860348
16.24078906527055
15.779713709958694
15.670264426184934
16.348734735755055
15.776356520665797
16.91606180832156
15.62996975729874
15.376931968227654
15.500550346759441
15.209382724416662
15.21223414267283
15.599602706234933
15.704157670659995
15.02531039119228
15.791819192170589
15.470741222206463
16.177044756997468
14.76093876295741
14.800781108317
15.92032962806795
14.525226812652845
12.785477870911217
14.127142243881126
14.613642308876996
17.99854941179574
14.925353015641019
13.79433059643228
14.81241730328264
12.911373354878778
14.15966752494198
14.64187510585865
16.9748017709219
14.792862068152976
16.82767701476586
5.246488020541528
13.906978912279097
13.914624933203257
14.7421011526694
17.079750128197094
14.620484405407206
17.40190578088537
17.3069535514106
13.34697213183222
13.783753766084391
17.34933682986872
13.055110019521537
13.757012563292035
12.73583100510799
12.660293401573796
15.240747212359777
14.110093736772393
14.5819486419242
5.988674674096941
15.547627743958024
15.656452351609245
13.844526675855946
17.196971607135126
13.353732015250698
13.224374759842593
15.746427881750401
16.34807631618513
13.927507976242559
4.192910816863406
15.444242876893332
12.572703583598877
15.392172255390696
13.293274710553819
4.161713160330587
15.187757521557003
12.38486395264288
12.805615950789266
13.787457249811721
12.912110854538922
10.92277693299952
15.34792031460464
15.203904057895159
12.474115492302733
14.651585874788852
13.04797633732755
12.475946157405597
3.3979914875086354
14.606300752183571
12.21491202364988
15.185095977403597
3.3153643985548267
14.355630369141542
13.039074363619294
12.149687014733253
14.353041074421219
3.255516627797657
3.255516627797657
3.255516627797657
12.955717672465136
3.2081849772499025
3.2081849772499025
3.2081849772499025
3.2081849772499025
3.2081849772499025
14.610179949114322
13.878306132331577
13.78803218098021
3.168798174191894
13.842595742181736
13.872694395470882
11.773644896230232
13.844009904438703
11.027103277879773
3.134914462344842
3.134914462344842
3.134914462344842
3.134914462344842
3.134914462344842
13.58682466752277
14.15129962891276
12.245513526713715
11.103937656141285
12.269335635501207
11.307863284672813
14.379442413708077
13.580898746341257
13.457904930877467
3.1050765169077073
13.482975581884535
13.735518777600472
12.091958761581727
10.849375610981136
11.524872068271872
12.806818167277314
3.078346386403561
3.078346386403561
13.578866466142179
12.877425084779825
11.812929608559532
13.71988361578856
12.122800773988212
11.047259401467315
13.20488950820284
12.549161458644301
12.967024827077395
11.792582626819371
13.077198100451685
12.982309387162825
11.70085683486717
3.0027685832186264
12.859917069327748
11.152377729982998
12.7348485989415
12.054698435198382
11.729607563907962
12.61475361113156
11.18164021453503
11.4125383292271
11.54264956343828
10.161180461467467
13.16511610118637
11.851446561850985
11.159197228915383
12.479537066651584
12.566954728347403
11.147126635306924
11.633659681204424
10.334660885767164
11.437724599995796
2.941026679573363
10.465773595524832
11.934455667758215
11.031494232944297
10.714987684515943
10.293740738209372
11.44869964566707
12.015604345314802
11.78954847090879
11.504136107287755
12.191661822803072
10.306927271366316
10.135459056328777
11.419573536631638
9.959794415318543
9.825009989869468
9.423918396327219
13.28823740677533
11.417659820914718
10.076742602529782
11.228988787938118
9.613948013964057
11.013003503164583
9.759013652322453
9.275250413211632
10.654306214355943
7.042014900999279
9.752688427504934
10.26739892065344
10.592591181679047
9.023913930951275
9.526267631152244
8.348307693155462
9.160646302705109
10.103372496185282
10.265244130043843
9.637304751868607
9.897170565370669
9.817227130626085
9.825449002110842
8.177499911321464
8.576955381216115
9.512875512624385
9.076875977639645
8.811130507196165
8.903430750227319
8.508898189039124
8.588063700622625
9.511406915302695
7.288917318173092
8.350567003803878
7.9813504195629035
7.731035576502354
7.90169818202012
6.179451348785162
6.820105057270796
8.03889727456946
6.681234067109698
6.4809759963716145
6.808145701839645
6.559370404209256
6.111566020278379
5.820472653987789
5.367803204543887
5.102689613188625
4.216686378041617
3.251874511439816
2.6677247146816283
2.745386504668281
1.4020075699714167
0.0
0.0
0.0
13.405180923021927
13.642478258836762
12.506971811511884
17.081609614695466
17.906155810107133
11.099865443738349
13.005221878765619
16.989461615237587
16.166212556924872
15.131309201764147
15.012308436268974
14.9986121472509
16.024776386382943
10.215279895642945
5.353443297314564
5.353443297314564
6.419428517399112
13.785709236976404
5.293295700081131
5.293295700081131
5.293295700081131
5.293295700081131
13.856815942990755
5.240142673142772
5.240142673142772
5.240142673142772
15.390715292874516
12.95569629295853
13.329845591870471
5.192362470878358
5.192362470878358
5.192362470878358
5.192362470878358
5.192362470878358
5.192362470878358
9.759511524143132
12.857683282772767
5.148851845515907
5.148851845515907
5.125032516381541
5.148851845515907
5.148851845515907
13.250793295442865
14.762819705367418
9.883978731438551
5.108819725149966
5.071680197441924
5.071680197441924
17.155167958088697
12.685913891726623
5.036987642931525
5.036987642931525
11.889258892916166
13.33455640734661
11.849574449192966
12.031539004112206
13.267383096553193
14.725835007273577
10.400959820071222
11.637393927752369
11.196511959771032
12.384104736118989
11.806861071970312
10.710151024906882
11.416164209726423
9.219294633390952
11.042213705949097
11.558075177386275
6.372509534786871
10.342382561636272
10.674804077911253
11.00249583544997
11.187724154127071
10.726202683463374
5.353443297314564
9.51486153842155
11.759616650797378
12.440419595101025
10.655167811369715
10.42618131773707
11.232612191961085
10.434666021983329
5.240142673142772
10.699687970738424
9.615902251342352
8.309786391750944
11.558685462386785
9.359479870025528
9.319412164123012
9.315321322967472
9.866519725712113
9.223574271642807
11.344304460274554
9.54945269845385
9.116367407757172
9.114208539305901
8.416747977910022
9.001448773156833
8.554795074690253
8.878291723007006
9.013293909154127
5.423088863811653
7.019396339626874
8.837581328431096
9.424216359181358
9.60539545426537
9.505290363035826
9.025289324151627
5.604652007639124
8.523772161536312
8.985067371240689
10.274102310132916
8.571711783818655
8.508958493049482
8.56772306028465
8.39831398125713
8.952764756853687
8.441180483281297
8.596636913364877
9.822735097656
8.343025909153123
8.267219579620317
8.452809520403969
8.21945768307213
8.209783921157367
8.18509094229371
8.132169728663497
7.376565279202603
8.692187272050544
8.00285656041844
7.96539280496353
8.511308172575701
8.270276411860205
11.913825216373592
7.869247709977616
7.863474728879131
7.879326131844081
7.509936508011028
7.903294917558526
7.636532450082614
6.708093934616336
7.796857729473281
7.700630394724005
7.715680460991354
7.275097870702491
4.892451122659086
10.386420571218256
7.613245609494561
7.5713918674533005
9.904858460713596
4.259918296744012
4.498433855476639
5.003221112523286
5.9527655468937155
6.182776264383467
5.727205819876774
3.936640467202603
6.157201536823944
6.758513964482554
3.5627764441160847
6.7592166193733805
3.3781467806608982
5.071680197441924
3.1942502673807125
5.036987642931525
4.768401230049028
4.317237003096939
3.0097576888046196
2.9675619614028896
2.9330408156734777
2.861021256788148
1.7113774387790932
2.5624626911925152
1.4160006312167333
1.7532662232631098
2.4979436285631094
1.03494347582989
1.5862499381544135
0.635460558887273
0.0
0.0
0.0
0.0
0.0
0.0
0.0
0.0
0.0
0.0
0.0
0.0
0.0
0.0
19.180037546436377
16.944832464040367
15.349684241555519
15.823167941069844
20.043520158265625
17.028097163578078
17.007509205915426
16.132561955461153
16.05747552383981
17.255335022824035
16.91752773855218
16.89602629282722
14.100755448737662
14.638734518098978
14.16412358472126
5.181010015400924
16.22172800350848
16.483391085010787
18.087128766897916
15.975917295176167
13.874924373308035
15.258094624657181
13.309442580305927
14.692200655687074
16.24605805902092
16.007652818756892
10.618502285295213
5.087474452623959
14.54161098147765
12.807359687466668
15.386612017399372
15.254075757144523
12.449106146230736
14.43137180477515
4.9517230676541715
15.482431173450312
4.821929217539319
11.43620330521769
14.721634616012018
4.85859494179395
14.66787179916881
4.820587289735574
14.33673417590202
12.783729718577892
19.022103222704494
11.039256700641353
13.064627075339013
16.328229250339735
16.333013327078813
14.099833486617825
16.6510409101501
11.96864129655071
14.149078949448072
16.394205429025448
17.1699662178367
14.192936634795362
18.086534393312988
15.957216546678474
4.7006815571619756
16.75571532219246
16.666008716980713
18.114620414270195
15.826424256470702
14.008276635612052
16.033651303343593
13.885477127171065
14.21104667731202
15.944550208246607
15.480164529646927
15.375138841296422
13.486377783785837
16.538280439326552
12.358660442757131
15.626188402033808
15.963855911690992
15.224463911435695
15.704829649993357
13.230906943880818
15.269923223620335
15.354894610704218
16.055984943871703
11.34374248895223
13.944582275756455
16.24045328779986
12.643482767468342
15.046041968049277
11.850463141550158
15.346337530251748
15.793834067948566
12.264960812087558
11.020389416817522
14.772119891744286
15.064414288153475
15.06251773960334
10.358055799437947
12.54628014863658
12.244561534767051
12.210626214592267
12.529893957494092
13.157054872019469
14.499578323491729
14.934984018513397
14.259820240901927
11.767391219512708
14.401295621478727
12.224926808352992
9.673975877710834
12.15223895146313
14.023883590642562
11.898359940435462
11.346078199698855
14.63434120251154
14.057244007122343
11.600657711400977
14.026499302282577
14.09580753015506
9.949220308328002
14.077825477788409
13.842826914996383
14.027498635038388
14.318589863841304
12.45873681664509
12.123414180966893
13.74438272524467
11.739287763728424
13.987346291116562
9.130866556788101
13.819630118947533
10.786855368195017
10.566792261905439
11.486319404202009
14.143900866377681
13.708790273395795
3.7296928754317897
13.317393017014805
9.180009395667604
10.501231308570311
13.213464810233265
3.6872713044448804
3.6872713044448804
13.244314371338298
10.92170800370646
10.419359721851391
11.42162412222925
10.764489579036805
7.818262588509142
3.6515487604860293
3.6515487604860293
10.406026120371877
12.05298441209611
10.97750525598069
9.754350729332026
12.195860504401526
12.828829395588766
10.372749043785557
12.812632511224773
10.539487238666688
3.620482716112781
3.620482716112781
3.620482716112781
3.620482716112781
3.620482716112781
12.75042346402239
12.718085508591454
3.592849812181019
10.740618580769205
12.517522686186247
9.17223033160954
7.944448250566619
12.459015656927924
3.5678628722991648
9.895135155355156
10.973353743097801
10.083813363070883
12.251411996794612
9.945079393055412
12.170941484088107
10.405031497648931
8.519027443194927
12.176567163476243
10.441842375707385
11.6628352237309
9.72699312642159
9.715753274960363
9.67851310002192
3.4855845606240137
8.945541108163681
9.506939158468544
11.333921187000652
11.403846963765584
3.450036647387735
10.566512166320202
11.654200008665086
10.495301237787775
9.504214077888221
11.63199586068054
11.448573940104875
11.547111065309092
8.920143568855224
8.089151171420003
11.389874991799864
9.337499698916758
9.674370283965072
9.247061129727797
6.218626752754883
9.57913437784578
9.315055842409706
5.020811544774397
7.705039380687431
9.499153471073392
9.615943400074594
8.06610434753363
10.882829527938057
8.948050706934543
8.666892411809028
9.312951612507206
6.3636393923296
8.30625668522561
9.944106984165064
7.6336939960574055
9.966626766262335
10.454747238290206
10.476818378418844
10.464373295249928
9.844302091589686
10.409291872812481
9.755430277965388
8.139398039882229
8.47415652276013
9.793858678153384
8.304411031225541
9.63543920686108
8.6009303215688
8.692158994285304
9.4357577044429
8.134885164678002
8.569951868831957
9.258305587879267
9.338713416996715
9.219971460370871
8.471208988435425
9.136057529518698
9.169548987079242
9.029428564656914
9.684004885584521
8.372148585319461
7.525303403564574
9.039395296237785
9.056280347537832
8.963772105821821
9.019668024786906
8.908275246793927
9.320019843157738
8.893068853397669
8.100986705627756
8.61926682253672
8.567604106349286
8.373737031976987
8.342110926653794
8.34091377727448
4.0982065936071885
8.317090354308233
6.185131410729871
8.649440615265561
8.827538718380069
8.669263616162047
8.169729103514833
12.617181506404524
8.011671090189616
7.390850791296977
7.829319874960126
5.938717085230455
7.74539514139307
6.212084903773518
7.632670037236916
7.406764832043431
6.947250910131219
2.1174426007150804
5.98074423778598
6.394728759429946
2.0528716426987215
7.128854149834667
3.938661978778368
3.5678628722991648
7.0285205771469315
5.604211859348355
4.107635767801884
4.6004918412564635
6.641791724519322
7.452419417663502
5.572230765403156
5.19736884061449
4.582285415694487
5.229092704047194
4.270084962101827
4.958286968270208
4.820784692586529
3.411973378819688
2.060871803979477
4.641703605954318
4.365875793174028
3.9756193378327653
4.4314892556781
2.0022750974892847
3.6069376630776806
3.343274289194523
2.584327222740969
1.251597536676861
1.9722100547159862
1.1756570507084276
0.2679302012849745
0.25172304812273333
0.0
0.0
0.0
0.0
0.0
0.0
0.0
0.0
21.390896541955115
11.623751244803113
13.050113684742625
10.451123253865074
12.116190419446742
13.280451564016555
11.989537888522843
11.60311769977776
12.47075039610262
12.391946274833192
9.506591344890714
12.596288812379711
13.32648555535999
8.895444272128023
9.372315596227374
8.849133589813087
14.108735404087358
10.824222436175647
9.582386243748152
7.298771853089171
8.475456649847604
8.422845419338516
8.257331652822502
11.56303688294424
8.23911253218809
10.302618781855717
5.940076793366269
5.905782926456456
6.398627320940481
11.292086288696657
5.710410333248124
9.123048227499398
6.944541045673613
8.263804661490838
10.133313905487302
5.530085044328255
6.139254068655909
6.639591636275101
4.644072020578817
4.377676846141295
4.703612759289029
4.703612759289029
3.6489992776931963
5.1870123214866535
5.084730892626137
4.51727859843001
3.663155789562659
5.109818659284166
3.9595019508733764
1.4832411780265264
4.112767674379454
4.505410183724234
1.5652007451150256
1.391650734736328
4.074272929861844
1.504081597598099
4.3281735842746905
4.542905106875093
1.4077578408843847
3.75865904783885
1.2899463220438958
4.166048080660188
3.9603558987242846
1.1230533687619653
3.787977286885741
3.086625160626687
1.0212253109165634
1.9094077792792221
2.626906328009664
1.076611002629843
1.402282110345686
0.8150094319739134
0.9813090166557629
0.6209114127948162
0.5803541795810726
0.5940107832761198
0.7570502496450731
0.5017518658395734
0.44469975137263096
0.3513513889009829
0.48583756785961385
0.29128377585260234
0.5942497464675535
0.30327277905825695
0.1528152624333004
0.36523340118044406
0.24291380244177319
0.2204953070862295
0.17804753322216335
0.18490824288630028
0.11336311935551463
0.0
0.0
0.0
0.0
0.0
0.0
0.0
0.0
0.0
0.0
0.0
0.0
0.0
0.0
0.0
0.0
0.0
0.0
0.0
0.0
0.0
0.0
0.0
0.0
0.0
0.0
0.0
0.0
0.0
0.0
0.0
0.0
0.0
0.0
0.0
0.0
0.0
0.0
0.0
0.0
0.0
0.0
20.776786909737538
5.979678354292456
5.7963300302497585
17.951240128645505
18.899850565758026
17.860187440370968
4.637852371809769
16.936305403853382
12.457125083857143
15.507485147832197
15.843943593906308
13.765791219044116
14.214014663866802
10.717396073809866
11.30079835282975
11.605229461364155
10.927858620309504
10.844746928682607
10.550785565320906
11.207583048278973
10.949790674516994
9.89154263657338
3.351627403756068
5.08402558261132
3.3898693486323754
3.3565388833626963
3.3565388833626963
9.616917910220256
3.328694931559297
9.288031435816524
9.719959185422418
10.488788281284359
9.022900219301146
10.30184944559467
3.2834155771075126
9.510303739869329
9.947643770278233
10.88698545290984
10.503749823354589
10.029295281178936
10.44199261946059
10.144271975017418
9.735696091531953
10.041924181869602
10.019319588647097
9.689926037235491
9.93489933776085
9.697189184488636
9.610189143476234
9.732483175777062
9.585228217400253
9.744597625573904
9.404539209723433
9.372811948414338
9.282386900792005
8.41712093849676
9.518274872668341
9.300628217684258
7.564204530894222
2.2442991962375953
9.232184795327365
2.2131989810770145
2.2131989810770145
9.243105479669302
6.741585963583959
2.189988292048383
2.189988292048383
2.189988292048383
2.189988292048383
9.097548911847587
2.171131258483509
2.155054439033163
2.155054439033163
2.155054439033163
9.13593828649972
9.031538387255084
7.308970172108476
2.251334239712334
2.251334239712334
8.690046720527144
8.473737339161469
9.333363178166735
8.716425295224687
2.1861162601969744
8.624857873543183
8.472842372998077
8.377041034029025
8.346431112859598
2.021409219294969
8.03915817646542
8.042641212879069
2.133856249222471
6.620794369452728
7.919858052175927
7.784664315598402
6.577999071957602
7.773399699583447
7.885410192330024
2.759922480067205
5.8728613805474685
7.124801564132689
7.000262243997426
7.114720346021417
6.989225443733822
6.374444664404448
5.212379765965888
2.2701918021233833
2.63166746374338
1.6781412103786304
2.1277029920458745
4.257226432443123
1.5118062954699387
1.201681586446542
2.4547491988488765
0.9491489838652004
1.638221975750679
0.711868737107799
0.7260160019861747
0.700693322209186
0.6693590776055774
0.5649226129628682
0.5322078692977674
0.3978321513097438
0.4185903360195383
0.9350426469913931
0.16230876070954448
0.14979825883895143
0.15976524208621004
0.0
0.0
0.0
0.0
0.0
0.0
0.0
0.0
0.0
0.0
0.0
0.0
0.0
0.0
0.0
0.0
0.0
0.0
0.0
6.837939413004604
21.406047620991007
21.266733047147827
21.09493706980002
5.535945143113008
5.499297787497588
18.850762343324007
17.995870242316336
16.706255167899716
15.02165355698499
15.697044534312791
14.34278296573822
16.520588478257856
7.563395213332479
13.336623363401795
4.9622268922735415
16.661973608194554
8.576101593102383
12.769137745469878
3.6370478477158583
3.6070985815237924
3.6070985815237924
3.6070985815237924
15.678183348119878
3.562794499719143
15.878196213169268
15.266419854398134
11.298870909453163
14.324631025481072
12.226888308219465
11.564187663255174
12.095216663153716
13.585435127342722
14.376475889229127
14.099255591709815
10.648701238455669
11.735292506508124
14.08747759199497
5.057118537869376
12.57357456022714
10.197227190681355
13.378099480126775
12.687419419040655
10.634656112781794
9.071477962671514
10.391822843628749
4.969422402022668
9.511437864373164
9.511437864373164
4.687376655954833
4.530345880083038
3.4199253063672166
3.562794499719143
3.7891252374664313
3.1062362782021444
1.7070433999199661
8.630903897906148
1.6630033603637424
1.6028778334238385
2.9395751799782013
2.789045906885691
7.883101859024696
2.5517467794252977
2.3954183339003547
1.5909300371997852
2.342377579651255
1.9753829507960838
2.1936264426210554
0.8595259784407391
1.76394785751351
0.5455466610643501
0.48677940783568646
0.2656958406265056
0.2376678063790069
0.16038276935951898
0.0
0.0
0.0
0.0
0.0
0.0
16.565150182571003
17.752066126095812
20.438410251417828
19.639283651412455
5.417060759954956
5.270006231361585
5.220712314625193
5.220712314625193
18.505596444963995
5.143846181269567
5.143846181269567
5.143846181269567
16.38016572428874
17.767803969769695
14.982182137152105
4.456674686776599
4.456674686776599
15.935095056426032
4.394880896053598
4.394880896053598
4.394880896053598
16.100169069490036
14.760932927536734
12.844505478868596
12.614884965602975
13.782840441899197
11.522668409859305
13.636318905913964
12.293649848803401
10.40607751432077
11.462836486797572
12.442289395780627
14.438011379547714
10.168194228417411
14.358489259032922
10.557281862060623
11.6224014874915
13.287939454291418
10.305638942680632
13.068022990264
12.83432753050503
12.922570458230153
2.6895382033401876
12.770637618912614
12.706771858529951
2.64397896133741
2.6100160828253967
2.6100160828253967
2.582454351636398
12.251112449096594
2.558976767213292
2.558976767213292
2.558976767213292
2.558976767213292
12.257701903314405
2.5383470809128723
2.5383470809128723
2.5383470809128723
2.5383470809128723
2.5383470809128723
12.179443447184068
2.51982612192834
2.51982612192834
2.51982612192834
10.223837850926332
2.5029328083766678
2.5029328083766678
11.914066594815328
11.887798604427399
11.896363266897493
11.883142929505768
11.88800879037514
9.628392010416851
2.487342141924912
2.4565221284890204
2.472821100708813
2.472821100708813
9.581608648133306
10.068884964848488
11.731161785014903
2.4591922745157144
11.500326098170984
11.456890620195306
11.350728911033665
11.331162151580873
9.638229824667057
8.914877321583683
11.08594442048546
10.952662068010449
8.952588105626784
8.914877321583683
2.51982612192834
6.015602261856706
8.561546471469002
9.934737611274157
2.64397896133741
3.1938078365534373
9.006753680172242
9.710449516863333
9.901965750578453
2.558976767213292
9.605854944157084
8.682568631445179
9.46543415976885
9.474689154514438
2.4463253671317253
8.469415930871568
8.393700311288331
9.20068795041409
9.101277857757623
9.127333796167791
8.86480323796253
7.9589202643191825
8.712881202419382
7.736619977199035
2.5029328083766678
8.250497691595529
7.559729832140946
4.609171375678725
7.179677806841986
2.4565221284890204
2.51982612192834
6.82387629439916
2.5383470809128723
2.64397896133741
6.00651803593181
1.9498840599089848
2.4591922745157144
1.7933838000032547
1.7933838000032547
1.4396616767130377
0.9180387646331958
0.0
0.0
0.0
0.0
0.0
0.0
0.0
0.0
0.0
0.0
0.0
0.0
0.0
0.0
19.993680805302176
20.223323211118764
19.499123243759676
21.393958211797887
20.001939081483737
18.45970971641426
20.906183857416558
17.544162747347578
20.283741851240055
20.42474034828064
6.041208030247578
19.070150809290627
5.313336436589939
5.261258096251216
5.261258096251216
16.935968655407667
13.060940069425415
5.180161156826628
5.146950388065914
16.085585747250864
17.279494102930787
13.381467797932139
18.267502177509492
13.302489308704418
11.562944867828358
16.07609400357217
15.284363529705882
16.702175134498496
17.068231824698202
16.516648429777238
13.620181656728867
16.377504329200313
16.10805100768053
11.664302470613832
12.558736573501383
14.92458740976646
17.121909688773762
15.541956702216957
13.147653630000981
9.903810870069078
15.059114872318592
11.75223330742126
12.206918557026226
9.337073383203395
15.901339271463485
15.18316546231649
14.777276868885728
5.061186207815423
15.862614939524384
14.574628402511957
12.876558223006093
11.01199715537143
9.679163251192376
14.294938727938536
13.686814177261374
13.727863098606253
11.161101912757779
3.8125570220018505
11.322723759498649
11.195722483177342
10.551801888954648
13.389476837139235
3.7815523705937966
12.069927798408155
11.409173854541239
3.7545406205126297
9.642173112711188
11.095846103021131
10.118555049784819
13.08198978829751
11.072179862831087
11.448377660570092
10.35154918456684
3.7086795036663225
12.765986716672431
12.453218385458046
11.60058198767582
12.053007696732822
12.304326152609699
11.810238433946482
8.899409022458702
9.738005113152266
11.01767610614633
10.177028205315851
11.605188357334033
11.059347625002237
11.737588554471627
10.179448030363373
11.052477833607988
8.38334731430711
10.83521704928164
8.272185121306926
11.728749308405659
6.967882857130656
9.005954457959765
3.2915307816050596
8.494733800206117
9.27023739470939
7.820711837350789
7.488236514845756
8.678012967102497
8.79442102618665
3.7545406205126297
7.132823699460744
9.027109527087417
9.058176185759491
7.430951923792895
6.314031087479766
7.397485365685985
5.670201381375512
6.563080443306802
6.081978934862996
7.480854974000809
7.028657704385261
8.302163678352017
7.519876251162084
6.304862028651732
5.507683433334123
6.428774003059998
7.395504353660654
6.453890644240174
8.76927525919067
7.768989972066692
1.8322317817766969
7.140402608388046
6.217282200923449
1.6635619551668435
3.6207178582463273
3.142946122923738
2.762399935127821
1.1036591318393318
0.0
0.0
0.0
0.0
6.5037983719366235
16.640673432812083
14.931806656206607
16.34795882776261
17.904338291055904
14.259350347520671
17.798713347215994
5.01721037690089
17.591176728816404
18.947801902925434
16.156100989242475
12.907261550003584
14.874339460182503
10.740106934586313
11.038982690334795
14.517328839778836
13.990957132337265
17.394932769004654
10.634426542149487
11.141014577193914
14.000071561112373
14.907902977319177
14.423749258811064
9.759100302678803
13.326821976984633
9.778421871690211
13.047555918528936
3.3280947597343262
13.419683726218869
16.871420158988172
9.431761488291588
13.517123836344918
13.067462465561993
8.908892907004658
10.146698437361595
10.386369874294877
10.301713677147443
9.238653652319307
15.70526991486821
10.4093216471959
14.704605061741221
14.792397449031402
13.889720075441328
13.939747387623102
15.910111738463566
13.669639579134499
13.297425016046395
13.045068821899466
13.468118504373757
14.592096883417614
12.988004682456022
12.999791253806913
13.830835790908429
13.900010418354338
13.120384048559265
13.470345321996547
12.507299207306128
13.01934210813422
13.938566131709031
8.843244244659054
12.950673148828804
12.99203462246884
12.067186588478783
8.80525116472965
14.614397434327202
12.165258521398831
13.070181255632404
12.080204972849634
12.487065057403296
12.380793519030808
12.10764707931178
12.72874104281449
11.741968542650152
3.2555684621554764
12.632310835836313
11.708494005211401
11.537662266841942
11.443305978498763
11.076616648384123
11.493320883416514
11.292713963781575
11.549320535800083
11.48239261315496
11.305329765602728
11.12182770794269
9.5645621580964
11.491053555076729
11.258545835183867
11.028514665917003
10.828879367714595
11.085839090458114
11.085839090458114
11.19201503841001
11.130934999943458
10.983861664096514
11.0737095958509
10.63881893360018
11.163402281066327
6.689329253231378
10.25506887339043
10.73872964852162
2.0495725574904036
10.224973565241482
2.004596746097049
2.004596746097049
2.004596746097049
10.098943879035795
10.014526572221907
10.055401420010192
10.049524402905607
9.87140236059864
1.971068760166539
9.958614718957227
9.865626593447358
8.610833265172985
9.028033918163274
2.7206261433299814
7.4210684555789115
1.9438605778576135
1.9438605778576135
1.9438605778576135
1.9438605778576135
1.9438605778576135
1.9438605778576135
9.885968489084625
9.718620760209811
9.67859640339822
1.9206843390207429
9.539065197080049
9.519854757951052
9.45460400554492
7.976108236753741
7.230032890252726
8.158892603106006
9.326972671841377
9.633910254443755
8.252981807995786
7.966522653133877
1.849966940685534
1.849966940685534
1.849966940685534
9.067019804962666
7.589966055239492
7.9432932957031355
8.948975205065642
8.983240172493938
1.7970445789718672
8.907068464307061
8.712056560810922
8.618504544557727
8.443481306759253
4.540310043604743
7.474100983043799
1.7289201293369947
8.157675397582963
7.80589707519452
7.971191169786346
7.875803070456302
7.883833085787047
5.798076434675722
6.927439733312654
6.4437675770002905
5.526901182764945
7.610185310979699
6.43433773991369
5.033910396415253
4.906729698088385
5.292724284511938
5.073841518068912
5.217524211128662
5.039243857837988
4.21331132672827
1.8537784738156946
1.8161367684649983
0.8686959095185166
0.5177558528836529
0.4114125888736665
0.0
0.0
0.0
0.0
0.0
0.0
0.0
18.69331863850645
17.256984687700765
17.29832768618491
17.8664164752299
16.73880322205161
16.6244123682548
16.43994161128022
18.40294385837827
16.651444846058975
16.28028769915899
15.89332985514661
16.0399876965556
15.890015890752805
15.992454481415564
15.729075206894015
2.9714485250287055
13.72217168336111
2.83784004452399
2.83784004452399
15.197244827121615
13.661480905915136
15.104250692278942
15.01422987594563
2.6540953245296253
2.5828409535257952
2.5828409535257952
2.519683497710133
2.519683497710133
2.4625395741281375
14.580263104846651
13.959535837659306
13.647736651251359
13.589287523766535
13.366826572982328
13.114949930048208
11.822724282360348
11.55497949327904
11.41342965448656
11.658062001662532
12.424089285636857
11.860939316055333
10.776204050565834
9.83677564433379
10.199873025122823
9.604526873354358
10.08235538417124
10.120972283699217
9.933055264189367
9.466162626442843
9.259365791923363
9.040624755392399
8.962884617517817
8.626762082498454
2.5828409535257952
8.247828623215165
0.6072139804812247
0.2901679699293905
0.0
0.0
0.0
0.0
0.0
0.0
0.0
0.0
0.0
0.0
0.0
0.0
0.0
0.0
0.0
0.0
0.0
0.0
0.0
0.0
0.0
0.0
0.0
