0.3836564671505042
0.4989822226856788
0.34731150284991863
0.3783016002115154
0.33684239494609175
0.38974255316122625
0.3656008342634551
0.35577341605233836
0.2749938076656047
0.43039387434593274
0.2993673169693452
0.19294610384463792
0.24736917431759892
0.30276930131653723
0.2631997048758884
0.27852136618221757
0.3562494903413579
0.3625653301256385
0.22190812368408613
0.32184956509110624
0.37350117725370163
0.32344337190285294
0.2804366715712033
0.29413242492224917
0.3033887359511562
0.1991972968136149
0.3386513656970536
0.24942001389717028
0.22595962833900957
0.34877513185174724
0.29956641772987025
0.35352157013713836
0.3135837532986588
0.3768346989962767
0.3082845432838385
0.2711137290370786
0.3334355803160001
0.3988398838047893
0.3514034729672774
0.3629733854063205
0.3143429595717907
0.30769968736453257
0.2268418529038478
0.291487314272001
0.29010588364012635
0.3520771023279595
0.3017484960262133
0.2749963383085747
0.2821744387773371
0.26219182211907843
0.3154951567324279
0.24748988830894633
0.2713744495727032
0.29450047661460976
0.33049347229355763
0.2781654892771832
0.2580668908997704
0.25769335329616877
0.23760268901988854
0.2388715174343838
0.23597080222103747
0.22739721939596075
0.31995849770083823
0.2675592285333792
0.2717442402622831
0.21718415419239706
0.31004560516445273
0.22290035224100127
0.3470148759905113
0.23030651607957017
0.19771418376286867
0.18055290275272678
0.2147735074834727
0.2502155147082319
0.20921742665255272
0.21647004613272558
0.29370617489743595
0.20585345128912588
0.3068117275789179
0.31764181003796726
0.2799892167759192
0.23257155047527284
0.23853140642839346
0.19791596505344453
0.2813484835920396
0.25313923189132587
0.2183453825158108
0.2513129590604501
0.24715819702044473
0.23522083085740958
0.24654389993195136
0.21147937687938373
0.17776325857895006
0.26192514258817773
0.24217295074756084
0.14749167158679027
0.21917743950153484
0.2214443639749343
0.21260266391822047
0.2614918251107078
0.22986108283362194
0.2014539644326367
0.23323369229997346
0.24782390470989044
0.10548897779893122
0.2517134915050109
0.2818156416873172
0.23070965108686228
0.21965672473796555
0.24549944613625746
0.20185856226539384
0.22081232934907866
0.31400705236926946
0.26884277072534024
0.20413017175554696
0.2145916728443762
0.18203834781696981
0.2078530388290549
0.2042106974453783
0.2183713272170606
0.21467641503148865
0.20265827213066687
0.08424319211579782
0.29818180750670337
0.26660354680694714
0.16230441685791508
0.2251956044433124
0.23638744708042042
0.16411280783359639
0.25443018158595626
0.23012600713053277
0.19409856465534348
0.15549005325868118
0.1482746534941489
0.1694471854640609
0.2203631259998858
0.14624993464832672
0.16978935769366527
0.17121176721995562
0.18326684477985908
0.23299029902934668
0.2484940128890223
0.1442363342574912
0.21063517225741485
0.2050189471999707
0.1515331316336325
0.1626469714999954
0.17841670295901893
0.15696870302300062
0.22570594436891617
0.20149802241244474
0.2148935626687851
0.13319960086699056
0.12957176541464466
0.16811640412089016
0.17932722642282792
0.1487320503170102
0.16712187439423076
0.12335271447108363
0.1874490284327965
0.1804983904914553
0.15242584999975511
0.2046387301563602
0.10024387958239477
0.17475920058889066
0.18602648970395078
0.1161305005608613
0.191398661502151
0.17078485523512857
0.1418705703675595
0.15781948653652533
0.19181119011090444
0.15323523748999654
0.15079402525534788
0.17432767739429963
0.16965223685756345
0.14042168960351625
0.16606584076804812
0.1800214510114556
0.11074685905819685
0.13222611526530356
0.1085241008950273
0.07037421157571826
0.17875639492325535
0.1338468517068702
0.13614841903609826
0.0711333776426851
0.11915862155768135
0.11509384642741888
0.11782366876578161
0.11131833066088109
0.06506598725715762
0.08334190350346929
0.031027834085189086
0.08316059194274456
0.04804073454407362
0.043377626708715804
0.0388387287853152
0.06028920218078125
0.06609772586655202
0.034125106695487156
0.059960317166194606
0.12041074588808014
0.03370031228962054
0.031238316272008203
0.23407474215888335
0.2750659471710342
0.3860792959711867
0.4541375171968542
0.15358838671612854
0.15447839533119206
0.4011416590462447
0.4011416590462447
0.4011416590462447
0.4011416590462447
0.4011416590462447
0.3687017189795221
0.35849235826350156
0.14049917496606154
0.10580129481342723
0.14461335563834443
0.14426496911045023
0.11232102243470703
0.13839309355831655
0.14473917344331036
0.2923860200506659
0.13968019716204064
0.12058307329983034
0.12373965228864503
0.17336537620831796
0.1186113825069916
0.11032335616247423
0.10479966291240533
0.07600269154086982
0.0756796556069473
0.09795881413126807
0.09665394821163736
0.09374175596654069
0.09253084605133764
0.08039929136229067
0.07548018129112556
0.042117679408455816
0.06258799753847594
0.004637517610878617
0.017255729792181707
0.04729109705952147
0.03033233006709584
0.008817526809777668
0.012865650012646532
-0.007047060584306308
0.0
0.0
0.0
0.0
0.0
0.0
0.0
0.0
0.0
0.0
0.0
0.0
0.0
0.0
0.0
0.0
0.0
0.0
0.5156148056955183
0.4184811543220938
0.28459982347791785
0.20426109313035642
0.1900246962789348
0.18340241560799855
0.2897466963803999
0.19611568676232113
0.16304608108967716
0.27213447177185485
0.2441259308128255
0.14828617733680977
0.06351543235842617
0.16669351841810703
0.20868811047103358
0.18001276358738497
0.06972667535986363
0.16283655184133494
0.06398517658054594
0.04807795857132322
0.060053070036323514
0.05178895999658328
0.04875699140243111
0.0463641588454943
0.0420845792045728
0.21251445203292177
0.03030341032581395
0.028749769824203648
0.026054666607382194
0.05088963410732417
0.010778038952153209
0.0
0.0
0.0
0.0
0.0
0.0
0.0
0.0
0.0
0.0
0.40623402668638553
0.45309433597612253
0.15448299853016936
0.19644953683735114
0.37383129067218956
0.4420069091313787
0.4054700450199615
0.37797120272342105
0.35637345372962487
0.43561359486896395
0.1435529628290294
0.11303733004505213
0.2829679809449318
0.3347402805491026
0.09024661934886709
0.276529922264754
0.13670030058556806
0.12264034694544117
0.29590417230443
0.09585485041726342
0.04039296964716818
0.17305208382515735
0.10003962431635367
0.09830041227965328
0.1519895201168938
0.19700327894333197
0.08131937973946822
0.038172973610639184
0.04000314355959176
-0.05368170494271746
0.03276293564866951
0.08139263355671539
0.02763049816737237
0.055089991163131694
0.06904562243508139
0.02916291411253333
-0.0031207081040198936
0.04739496667204002
0.01848389804978511
0.008791003262170667
-0.011691987760039595
-0.004618479336342453
0.0
0.0
0.0
0.0
0.0
0.0
0.0
0.0
0.0
0.0
0.0
0.0
0.3524149692486275
0.39981833036621794
0.4483790601777331
0.5206496708624424
0.4430253166125769
0.4274617629325444
0.46178253785629675
0.423596248163332
0.423596248163332
0.43042808597722193
0.39484935701812146
0.39484935701812146
0.39484935701812146
0.40160427797104664
0.3722698874709532
0.3722698874709532
0.33874941637146344
0.3625730577689926
0.3720494913306597
0.3828299254473968
0.2820215516205392
0.16003233023170968
0.37470862103324587
0.4617213910573183
0.40191979790373217
0.34953627649985125
0.35433100613743995
0.1598250991734317
0.1818416112234717
0.32526434353460687
0.16419028501427077
0.29090819142792945
0.14608625376354328
0.14616975126523207
0.14190060543877553
0.28137433756099633
0.13692465830112838
0.13678251980973885
0.1350295237408672
0.26424201842838335
0.13538255426994622
0.27020869017175875
0.126519388724786
0.3758301575718603
0.12381677722805669
0.12300457425736765
0.12096525858741
0.11706429095066828
0.11143109546645825
0.05961186322387732
0.11240460847500447
0.08602272662112062
0.07086191096949704
0.06493258030793098
0.05333590577169353
0.06840843857761571
0.057379011111698144
0.05247127207491321
0.059185434282481526
0.07446517263929282
0.019779923859730254
0.03330732888948975
0.02605253964959202
0.027532411480358426
0.05632147996772121
0.018451430745911428
0.009890861235898265
0.006544816286954265
0.0
0.0
0.0
0.0
0.0
0.0
0.0
0.0
0.0
0.0
0.0
0.0
0.0
0.0
0.0
0.41857399728635225
0.4857950150752366
0.328968088429217
0.33835554689467096
0.38487973987522706
0.3577394089037243
0.40798404997514404
0.4215882586026037
0.4806059971884731
0.4806059971884731
0.3020109731914927
0.48416879109620675
0.3729612622253159
0.331643949096039
0.3981030250948163
0.3405113759305345
0.4553430352571593
0.3454440682528437
0.3705704838151571
0.4210269229502747
0.4210269229502747
0.4046061254277773
0.34322551634767945
0.31423691473192145
0.4353510128621106
0.40496620118326254
0.32592831198992556
0.432104817059718
0.3925746968275221
0.24042868052302593
0.3612861912558827
0.4061083988106093
0.3473217340651773
0.36544082273946243
0.36145365149485553
0.40467666834004734
0.4401565454371428
0.2624571042600209
0.35085046804404285
0.2961849533126627
0.36069787987390145
0.37746694486095556
0.4472158829462177
0.33817447654825067
0.16309422386965183
0.40805245055581574
0.34936705281226765
0.30704972528532415
0.28920087603792494
0.30034218011041364
0.33944542039588826
0.29288670451413157
0.3103820278686877
0.2869732556625793
0.32786739376709534
0.29199939699084354
0.4031315475732574
0.4581862745990834
0.4581862745990834
0.4581862745990834
0.3408295330715504
0.39826445459076126
0.445001370184433
0.3026132302595898
0.46026061222309067
0.33535263211901567
0.41454176276890486
0.41471357438456996
0.41471357438456996
0.41471357438456996
0.4154560313560239
0.329153354589658
0.33449524112297585
0.3608449671848504
0.3819913672801844
0.3819913672801844
0.3819913672801844
0.3819913672801844
0.3819913672801844
0.3819913672801844
0.3451834851617174
0.3773584750549295
0.3562886152808318
0.3562886152808318
0.3562886152808318
0.3562886152808318
0.26290605688214114
0.35799746363460244
0.3226496907969947
0.3683047516250938
0.3633602216577398
0.3581801305767723
0.3168468562999155
0.33544439159360295
0.33544439159360295
0.33544439159360295
0.263592263743542
0.35763301781402423
0.3155009128315548
0.3181163282807493
0.31851901297141727
0.3181163282807493
0.35345811532595967
0.33868816326745776
0.3377263757956372
0.31991474932225095
0.322660305238548
0.30342193819642127
0.30342193819642127
0.30342193819642127
0.253552055838669
0.34555435068808515
0.31492734494923447
0.3490918996231109
0.24670715817286193
0.30835919141373463
0.2941307303413772
0.3219817963236857
0.3336031374043566
0.3637746764556372
0.2986044402053052
0.2813795664430943
0.3566662260726607
0.27005509553979135
0.29966960414184884
0.36227512460938815
0.3210212180898322
0.27067759061158114
0.2590623063166621
0.30899713773115306
0.26119429771493047
0.31309383342187563
0.2820920955562423
0.2610912771846751
0.3817553313896358
0.29924926902982746
0.3802418299606978
0.28993399166498657
0.28923677849171897
0.33326259164621036
0.3540909132694665
0.29918216236537054
0.21851788037320508
0.258781613690836
0.25165295258580367
0.28000866859113605
0.3381007962742363
0.27657090245346977
0.22316877588293768
0.18058367108937334
0.2653386440846096
0.2775475800073304
0.2699770411989624
0.31680779589713814
0.33059917937879857
0.30291247612675976
0.21232619404386527
0.3132095569538392
0.2649777681574638
0.28216840176198793
0.26897599352322077
0.2648576135371843
0.33329649354491436
0.3038587191112362
0.31405997684945935
0.3171043432755429
0.34349031298879174
0.29762188286626046
0.2780688719355522
0.37943601701744456
0.3452190655359276
0.23074585764982053
0.2543286556752877
0.13069006210854303
0.2623985101804562
0.2627689442438811
0.1813071215494409
0.3075948998622342
0.3075948998622342
0.3075948998622342
0.1136133938545188
0.2193444772466633
0.25968946927772246
0.2849776336075173
0.2849776336075173
0.2849776336075173
0.25168076620317437
0.19418756371449314
0.2509324381867752
0.24191252544952868
0.2671235732247113
0.2671235732247113
0.14243842127390594
0.25257462793173363
0.33582636678528877
0.19848356843260084
0.2404222419682244
0.2404222419682244
0.2404222419682244
0.33658099525405083
0.230069162943649
0.22273163445013147
0.24964543381044116
0.2103215612079392
0.2847902922761663
0.14789637758729587
0.3023753923359454
0.25538636140152216
0.2814876536087377
0.18529201024043873
0.30454564707881576
0.23897075871196413
0.12877081661417544
0.1262216168046068
0.12570725250606749
0.1660909240893658
0.10830737524322488
0.2439599511762359
0.2804326353254337
0.11983827256450619
0.11590976831439904
0.1982824637370614
0.23950438256836473
0.2988975473184006
0.2717768402532494
0.20633891103217344
0.2049349368355486
0.1962737395016768
0.2362525849179896
0.10977010849367473
0.09421186212088599
0.1968282682201281
0.2917185272142206
0.23161886431498468
0.1478755652342665
0.20480940753715202
0.12586338526102192
0.09021929601306225
0.08552033859210176
0.07550569415377897
0.076357239343946
0.12049709424120356
0.09561006413722671
0.05376039258859431
0.11176234701483903
0.02365654194908212
0.002631501408786102
0.08511467210746558
0.031646104750815834
0.0677875716384462
0.06863844187071912
0.024133164152613913
0.03703552666515497
0.030896222922678917
0.0035980708523598
0.0
0.0
0.0
0.0
0.0
0.0
0.0
0.0
0.0
0.0
0.0
0.0
0.0
0.5055625498112071
0.27720058657671287
0.3638251139413868
0.1668251061683277
0.2531481173614361
0.22183149151813183
0.17075875135234062
0.20700037495864002
0.21151699779119768
0.2519402792525926
0.153324407096208
0.2234820243444054
0.0797677217200668
0.21307635151122004
0.17715183969302392
0.08705410209146956
0.04720438653477082
0.1630827539041477
0.05462385148720582
0.11775452173283875
0.07573161499716301
0.049861469915910554
0.06563222731192904
0.06567062895634992
0.03102485774487584
0.08675047022136637
0.03246726412080372
0.013492441941088432
0.030392152832843227
0.04873214563148943
0.030531455743972362
-0.0014653607005690348
0.020402204084012512
0.01900217291412711
0.013180104696427787
0.013418873444298067
0.0117334054593166
0.010967396471438955
0.009549853494249028
0.08252654578122212
0.0073043323419434885
0.0015002939078248478
0.0
0.0
0.0
0.0
0.0
0.0
0.0
0.0
0.0
0.0
0.0
0.0
0.0
0.0
0.0
0.0
0.0
0.0
0.0
0.0
0.0
0.0
0.0
0.0
0.0
0.0
0.0
0.0
0.0
0.0
0.0
0.0
0.0
0.0
0.0
0.0
0.0
0.0
0.0
0.0
0.0
0.0
0.0
0.0
0.0
0.0
0.0
0.0
0.0
0.0
0.0
0.0
0.0
0.0
0.0
0.0
0.0
0.0
0.0
0.0
0.0
0.0
0.0
0.0
0.0
0.3387635523689335
0.3216880322314893
0.3279683047618059
0.4906240715814387
0.30033742513542794
0.20142335937909192
0.24465131301986676
0.3227741254627497
0.37933790127349226
0.19429310217797152
0.2221360865262709
0.22096368466798388
0.2982093405127252
0.3241289218612162
0.4574292012934105
0.33720475367661457
0.2813421805105552
0.3628472884981651
0.3199553595544738
0.44377637885404536
0.25656015487315015
0.21982025959303925
0.31525181952650433
0.22356262716157155
0.32996991738260095
0.29378211508126995
0.21009769303675374
0.14002351000632088
0.2700611375462872
0.20982203237499683
0.28377211627034515
0.23757280453692725
0.21473247188392883
0.2003015603964574
0.2723249876616704
0.127248888331114
0.2602354724667771
0.2913671734365325
0.15049197124254737
0.2827909526804119
0.23477245016938983
0.12436457043352812
0.12441778083404265
0.1252318079120583
0.238169995757555
0.13417115261112636
0.2066116045941305
0.2107969784113142
0.19077973464638423
0.2460114672791798
0.22636202134235844
0.14551380772490088
0.12202409349950706
0.21002433892546168
0.15614115382927318
0.21336181768700477
0.20630597636930084
0.19786160792338334
0.17086556769728373
0.11431067959474853
0.1697015753250385
0.20236945402474135
0.259850440759875
0.05029148340667858
0.2718625631685324
0.16557608160556775
0.19376043512085023
0.20914921525167512
0.20422738824317263
0.28131953827249373
0.25672360317756704
0.20362194670221423
0.09593214052531711
0.21099863809124786
0.21099863809124786
0.21099863809124786
0.21099863809124786
0.09727011215465256
0.19647455598588465
0.19647455598588465
0.183376974713572
0.18494461801176104
0.18494461801176104
0.2358212002520683
0.17549604077006709
0.17549604077006709
0.1666952667277133
0.22058244424303777
0.187206315027866
0.16755999515697673
0.09203621413104326
0.06310581408625644
0.09146204938678565
0.18913662161322284
0.18436346940086432
0.0806781370234517
0.1922967196249219
0.052761099728332046
0.15011514443348228
0.15608761765947834
0.06776370254386596
0.1924436716712639
0.1195696339247984
0.055292604682361836
0.10831745917492136
0.07833871738564296
0.0793161338807064
0.058743316663082634
0.1627665461421758
0.11249513154923613
0.1611296922997238
0.1827879269533936
0.05163993241507506
0.052386505324032204
0.05055126772924905
0.0510403905919141
0.11968540539070648
0.06250172765742323
0.13988093928785522
0.12903758339422963
0.06094045414675652
0.060201754619281886
0.12018244734892293
0.11276514103503879
0.06378933870128145
0.09606046911480805
0.03715017170197094
0.15252689877724238
0.08430246431305327
0.12423253764639874
0.021614774930930374
0.040776837498011406
0.08420238765368812
0.1550377323934892
0.02720255955725447
0.1360191375097317
0.05082876350554209
0.12988271428275627
0.04888515485244641
0.07896890651333324
0.1402422458683117
0.11629419423656648
0.04480126954809995
0.041946600351324484
0.04170821233998805
0.03625001441052428
0.03675161287278656
0.03561007280171812
0.028035022593019182
0.02682870678343277
0.01658351438163204
0.016614530723685857
0.01909380935804266
0.00672638437601136
0.010752724073566932
0.0
0.0
0.0
0.0
0.0
0.0
0.0
0.0
0.0
0.0
0.0
0.0
0.0
0.0
0.0
0.0
0.0
0.0
0.0
0.203110555566753
0.2724434579168249
0.4955228173692327
0.16021641216597052
0.30276938895227645
0.2707730853700085
0.14120209018364818
0.1635857146052043
0.2609643006889247
0.40473287039218536
0.2670028180327926
0.33128265928321143
0.3085605570178156
0.35641057994470793
0.12343621586769891
0.3401480620146725
0.21665855487011218
0.2179869823741574
0.3108320714813245
0.19615853777641223
0.14735562644306746
0.2161481992189738
0.20347826109386247
0.1958479888124571
0.23682303818110143
0.237278786542894
0.12799661170893342
0.11592062394928476
0.108825931695567
0.19326160215275562
0.14864001945156888
0.16886222886492944
0.12152360132630811
0.17287048486830325
0.17988468782058262
0.10336205603240692
0.1659010449800641
0.22104405658623244
0.20235645703024577
0.14486403175991303
0.24859865022883723
0.15957781127775728
0.13536565256927174
0.16190755495658457
0.2890076669581721
0.20801794429011292
0.14509539632631352
0.1600095367501382
0.11227881459457216
0.13957637411676893
0.09488335572293202
0.09810665182998411
0.2555006435060466
0.26839251589419183
0.18702493859176045
0.07113751177005369
0.09217256643282862
0.21064373292712524
0.1573125639263059
0.1773746785495093
0.18007786384185653
0.07243403339664713
0.10486491626420201
0.1722073578376107
0.14209552511242168
0.162547221242475
0.13444683200827312
0.0763746092271611
0.05907108672375276
0.07861731753697737
0.08799886234441656
0.09757823077695088
0.06962341191844859
0.1765269097257559
0.1378884274484825
0.126991136728851
0.25823453996852785
0.06048033245952444
0.08632676778483096
0.06808291052613866
0.05354488906800206
0.12302606703780167
0.1022832469502224
0.06123218370571219
0.08173338716714562
0.052800601153513135
0.06638118408952347
0.14891192975274234
0.13073290746134728
0.05960687935249874
0.09545891082314392
0.14347226361828982
0.058478945662695896
0.09031189758080031
0.10535859582126146
0.09700702961192365
0.0830641409241567
0.07086572877561066
0.12084854944509159
0.14657199159328593
0.05577182789809416
0.1104871991371243
0.11833396780818997
0.04442315966453241
0.2695780398614618
0.035870032765347074
0.04394878226489883
0.02535961141988161
0.04448874400833938
0.0885027715199392
0.11075306851541512
0.04670881707422763
0.1284979617857775
0.06048242088076258
0.04217289664525981
0.12233676222865442
0.044792830310579325
0.09737711478678647
0.04134868482319813
0.13884865318265574
0.06974235553155443
0.04249753101634633
0.12396694895973819
0.08381064915575169
0.11793866035850017
0.10258246166459062
0.07781690629293013
0.02473340991506724
0.03580781796916934
0.08256458310118031
0.10837653214189548
0.024342318300307544
0.04367190324582181
0.0750685730149839
0.08750296184591189
0.005228468858303989
0.018396777972214888
0.030466353943900636
0.030820402413205297
0.02243451533490739
0.021096205290178752
0.019381230244057482
0.017059069138478093
0.033931342055378226
0.012112567617615642
0.00991546599153848
0.0026993448732788514
0.0
0.0
0.0
0.5055886146159893
0.479040029107831
0.4264309343255658
0.2846175893555771
0.3294496548285612
0.4116500244367
0.372546565932574
0.31596089344110195
0.22913521049478527
0.1406731592607918
0.1408523432774746
0.3241766543369529
0.27052714000731454
0.273322833164651
0.2615864610934545
0.19074633411437786
0.274141657939748
0.2232990681301992
0.16410903204830374
0.30712625556090584
0.23356564697312304
0.27230576750067687
0.11331555305491942
0.21495845836047697
0.17110123646111552
0.202520828584205
0.18560914038194892
0.17171027522034893
0.30541542846343744
0.18976315120983783
0.09714804948511861
0.11278887076560659
0.21327217571079657
0.3198433287116583
0.21169520503582262
0.255498722577798
0.09913404123092016
0.23568697902063382
0.21133964127353985
0.2092146212980262
0.1171898643152652
0.15630759115690823
0.28619446669455
0.12797206846918496
0.2527275773924514
0.15075805074962725
0.20092326474734143
0.23238166519215558
0.3199420426922521
0.21890267474877573
0.24711491863044804
0.20825928849812775
0.1420467178529853
0.19056800678938055
0.18424727692929796
0.22232254842074342
0.1840702456939209
0.13199949934168417
0.15950223303216804
0.20150907837143178
0.21035954324831999
0.17506019634030046
0.22430407357161636
0.16272021405870904
0.15157458201528234
0.19187451193872945
0.16935925853716005
0.2048823022005175
0.14827902712872207
0.1633951084688193
0.17845818418254794
0.295899847249006
0.10116823745292107
0.18206723901377417
0.17233131566345236
0.13655137775758844
0.13024811019110857
0.14088396032744982
0.11797263156081635
0.18158929538834956
0.11380124675814074
0.1469017930836452
0.10786844956928161
0.14798776378117953
0.09347865320350905
0.09223383849851512
0.15066741382398938
0.1696962468541299
0.1419257827475123
0.13275586217824195
0.16474491588527823
0.14358362792390864
0.14449095338992415
0.1454946962691158
0.16437351274998782
0.10571739212886415
0.1520346782962793
0.12128658595333887
0.12972047068891482
0.17763594534560764
0.12494042878449525
0.16256801325173903
0.12094665674844086
0.16559918414738303
0.12425555666160104
0.08880990484994847
0.09553232081855895
0.13193091672614288
0.14006824220150316
0.11928702385904941
0.09693635612853574
0.11424336310105529
0.1873248592165198
0.13346032759444817
0.1566847823052748
0.16086465488272467
0.09607918159555942
0.09569127855086099
0.08898105420035414
0.1271096453156089
0.1327066451764167
0.13248119272418712
0.2170760715454896
0.12965929900319778
0.15071939032459106
0.12350291989015283
0.1097537887639136
0.11533994862400797
0.11387168664788626
0.1537612362888628
0.12345502111885458
0.08688370049890429
0.12234205316636212
0.08909279202981965
0.13545450331575165
0.09031886758835088
0.00259707810414832
0.3756803254624189
0.36977108823697596
0.36913587278655846
0.5006141921257773
0.2183672739200941
0.43695151056559584
0.39520725645529114
0.39520725645529114
0.39520725645529114
0.39520725645529114
0.3652495156938232
0.3652495156938232
0.2906766866400354
0.38082633370005
0.3696415344375368
0.30947253535441
0.29505672243228215
0.24685382437042258
0.3146031188699672
0.23472485744351626
0.2522917619770182
0.2456403150852863
0.2383527209917983
0.24079189397199724
0.2264119590586421
0.2838208988391766
0.2740879075223983
0.279492088059698
0.23498206967248333
0.1953984021763876
0.22303950953848814
0.33317640486384803
0.1843305005404697
0.19482686596622678
0.21826483752215156
0.25179623995924255
0.1433350614992086
0.14571923436373924
0.23429225739821866
0.13879172841707552
0.19596892456441317
0.19152295018785043
0.17671023226819996
0.2153675683923631
0.14036347759582324
0.1274230869659509
0.233433302010228
0.1976863457469273
0.12858767544381577
0.146126597911623
0.16006644891450741
0.1682627089794939
0.13287454750394176
0.1344004793558896
0.18882268243136974
0.1958604118703778
0.16823383439899903
0.12206682189210788
0.11127925130663582
0.1516869276391125
0.19307404365813718
0.12012081104906469
0.19193691288016432
0.17877200201720794
0.17957850568227832
0.18058803054845562
0.1642623793116807
0.1504974129787651
0.11572718666163645
0.14882567606702535
0.19613542766175193
0.2243857096870028
0.1780880193443076
0.11092040162112732
0.19209692107042922
0.1530127885219648
0.17077656883621445
0.12447744946167344
0.15535908104222879
0.16523154995449077
0.06914646104367855
0.08236091159304672
0.1708528232511614
0.13404425763352623
0.13404425763352623
0.17810045302937594
0.13710559686852913
0.1551374788349709
0.13254165023371525
0.17937706548964755
0.14596924598711072
0.12513966334383736
0.143190582431189
0.14251221903657585
0.1594264868163943
0.09332793756397248
0.10347969430841596
0.13224643600616898
0.14137147008195075
0.06233830931864883
0.15794033938734406
0.05866804417794704
0.12043210619713973
0.04853022702880047
0.05536766728870409
0.04505232242196925
0.09164899666572711
0.12865704833903074
0.11502901561315694
0.037300374159125814
0.09258877199223144
0.09395599709450177
0.043270577273791765
0.052488578524890445
0.04107221040499282
0.041355188735789083
0.04051176135109614
0.03535226858901894
0.04472213583559878
0.03431398809521111
0.025484650150697525
0.0274916189827895
0.015637793376972232
0.013996564620569977
0.0
0.0
0.0
0.0
0.0
0.0
0.0
0.0
0.373514525329979
0.30711057299519084
0.2833942434996037
0.382829949750941
0.3210783677473481
0.310992176812593
0.4025527132066158
0.3402808748258197
0.32017778381251766
0.3373352378271662
0.37877724054864736
0.26160909932390214
0.4229381276093779
0.34758323111708234
0.27558082463709666
0.31499053595271925
0.3177147917694876
0.3335946997712014
0.31003916147022714
0.3295730692075769
0.3616936643958411
0.28401420802154387
0.3206811001408343
0.2989043809574507
0.3295106162418554
0.2968020019112297
0.3126511907626156
0.312549745339816
0.2296967658969861
0.31527567049648725
0.34601465265171505
0.3573163639965863
0.3525596618904224
0.22277981579730827
0.4616687109527188
0.1913328585745841
0.3120999682045015
0.2922936882519736
0.32108147647581925
0.31271192616264015
0.27009546140544455
0.293056974414898
0.3323220674735812
0.28995087588519464
0.3064775068580213
0.3881017855236254
0.2950091214868727
0.2816104972867605
0.30635859266647386
0.3134788735502459
0.35612362506740425
0.31490184156761253
0.3198866215924489
0.344712184841224
0.3713512100101657
0.33068727569821904
0.2876820904022133
0.28345503654466964
0.2590169164018599
0.22806319069592831
0.3504445588237275
0.2866894722010632
0.3088729293693125
0.31324987771871265
0.30567386937653673
0.35411430192660326
0.46597281102182486
0.2710754487790352
0.267820399089567
0.3395017413604788
0.30192167593196256
0.23036953245259642
0.34202349295119794
0.31304247898078824
0.3178656233555001
0.2951016342955398
0.2127098951131301
0.23103957584452625
0.29578968437831393
0.19407497423403752
0.1661382056502826
0.2846451253379736
0.27245797252919485
0.2881971968442892
0.39429814648335715
0.3056812182487262
0.31282758156985985
0.4683115120174384
0.2781171401041675
0.19563679989216481
0.30067274575805664
0.3864633231128654
0.2727139072536566
0.30070917884712334
0.1750203084359565
0.40610283978385386
0.3400140435758549
0.3400140435758549
0.3400140435758549
0.24040560454534596
0.30929889060514276
0.30929889060514276
0.30929889060514276
0.30929889060514276
0.30929889060514276
0.29208143488223615
0.2865770403839847
0.3391675822762317
0.2871057702590584
0.2730563506253187
0.2824645060851723
0.2522943250571049
0.2779513282093414
0.2904892476519307
0.2701097297868847
0.2701097297868847
0.2701097297868847
0.2701097297868847
0.2701097297868847
0.33666735811961335
0.27787637588973596
0.316138693642316
0.23337514625181102
0.24519481698687776
0.2882676818025794
0.2694136946155022
0.2782780239056867
0.2897506783678534
0.25654619505216997
0.2880979810243618
0.2800016448014506
0.279706337718544
0.21114602873752863
0.22724922567060912
0.324270505415393
0.24538381415931595
0.24538381415931595
0.25551720021666463
0.2101085677598347
0.3432151718722374
0.3267562218647574
0.19106815046094816
0.34290693368618297
0.2377117878235421
0.3388089109618044
0.28906756368339626
0.26595745771103607
0.2627873644587438
0.3021281576259799
0.26477498560421575
0.22092980660438016
0.24241312719584518
0.3676223163748736
0.24336670734231702
0.28987575285639355
0.2891002019796123
0.26503371880671506
0.291711601593719
0.17700143364641788
0.25407420057176044
0.207251979110764
0.2778431922731159
0.20355185145826019
0.3133230805700573
0.2976122958463528
0.2293616507124545
0.19089437932836756
0.1633815867868979
0.2937370494684405
0.2844512406648185
0.1994697762249648
0.11933140651398237
0.2637756454045859
0.2873983246595698
0.16949291889251608
0.29828368107920317
0.27857416559442605
0.2491378232259661
0.2776746109175011
0.2602797576053975
0.33709788479481495
0.32940718571876554
0.3058225544141265
0.29268349484488815
0.21459080088597465
0.24034732127019914
0.2754404193034465
0.196267529755052
0.2664241979719113
0.1767188892401785
0.24483134803383722
0.26767942850650817
0.2148287239404333
0.2392836532076903
0.12007629832006167
0.21078329381203273
0.28931832391406104
0.1709314110435629
0.23311979698059865
0.18827995720574411
0.2022666374062898
0.17881910850258112
0.19961475613725865
0.17677154920424057
0.19112634239729046
0.32952695789057257
0.13001548805997942
0.17140427826374824
0.2559501930923715
0.22614258510175642
0.1985772891381375
0.17485615730309628
0.18418881161277184
0.19290205002445318
0.1852797940516294
0.16590632359235252
0.2401075820443474
0.15172663197269093
0.2553640988882824
0.2047701235020338
0.1531168040786294
0.15931557121247059
0.1730334780606839
0.17242508833936518
0.14593448306355844
0.09972791554501244
0.1368644415809774
0.09896099636383762
0.1378656777540185
0.09867811060594613
0.09013962825518929
0.0719377780894571
0.12270711911496017
0.10726880225349554
0.07940896550229098
0.08552393030978729
0.035425537623878345
0.02213212975173521
0.034237629748013886
0.014338644575684085
0.0
0.0
0.0
0.28239686553099597
0.2607133275354067
0.33181568572828807
0.3842361385857767
0.342868778750338
0.216378469772679
0.45110876072627115
0.4083800348630603
0.32231172746742615
0.3759831304404097
0.44133006581817263
0.3497463845937124
0.3706204420340479
0.3337967067161054
0.416397110507578
0.416397110507578
0.30111146848195197
0.35433543360145736
0.38370203885156
0.38370203885156
0.38370203885156
0.38370203885156
0.32509344115697403
0.35796846533334387
0.35796846533334387
0.35796846533334387
0.19783872325488866
0.4506034805308777
0.3033821731127997
0.3370533243243915
0.3370533243243915
0.3370533243243915
0.3370533243243915
0.3370533243243915
0.3370533243243915
0.10582933118047196
0.3562539556961698
0.3196248655732223
0.3196248655732223
0.3198471162593912
0.3196248655732223
0.3196248655732223
0.25430991311688894
0.2593085529722195
0.16540715649759768
0.30480884944502845
0.2920061877642449
0.2920061877642449
0.2677769420599701
0.33087750383012304
0.2807917941940887
0.2807917941940887
0.3436698782274832
0.2480000181543412
0.34589965688586255
0.34766080681055783
0.23013999929698856
0.19148730364811306
0.2570808838527243
0.42692078881098333
0.32113118859227485
0.2504012535073798
0.3359653616454274
0.36283023565491346
0.2464242351765121
0.21647594755788147
0.3552949796196011
0.2243847235937365
0.3327319824185568
0.14539363519107876
0.2907054105423248
0.23527266927027318
0.28796769535879035
0.24394158496640367
0.33573332078256046
0.24258895299251912
0.2654805761673144
0.2778631671724465
0.24956178714891206
0.1840259507242603
0.15800513706871788
0.2728515065461729
0.29475461388824215
0.29356513888407393
0.2566364351354831
0.2669059989577788
0.15910896911106892
0.32129902548843753
0.2819859454373161
0.23684310148423995
0.22481288255345575
0.22730842691500547
0.26191972898163635
0.2733480923611239
0.27844169195353774
0.3016085576847062
0.16387366169567794
0.21383710698954458
0.1302520471899603
0.2393090621072305
0.27149358316810823
0.3479811994252225
0.39397454997536596
0.26461032053773204
0.25652633053797774
0.2859931820184566
0.23176306807672356
0.291659535768297
0.10668811866918121
0.15156489057904568
0.26384931831585823
0.2137051895884216
0.27897264818692424
0.16244164152330975
0.21771446307088424
0.22192585092158576
0.3008409059304747
0.26605165251813206
0.2613012938551387
0.25030743401877376
0.2476059300333716
0.2395471971385708
0.24912024518059456
0.2535407562991012
0.2278691436801471
0.24453794957793587
0.23745813091695303
0.18797189685108198
0.19948211980024516
0.2182475252947809
0.1960077492199318
0.3402327715647361
0.24423096877277012
0.26095984456780014
0.2006401768035192
0.20001205516372578
0.2314724780751972
0.11492560549244162
0.2649527179805905
0.1914997456848283
0.10923207333322515
0.2626496287820085
0.2414074579387608
0.2504887699407875
0.27400249284291117
0.08813285435203004
0.126783573235581
0.27041283324443505
0.22271707231822765
0.12220701565767825
0.08053082156407576
0.06483607360083667
0.14706194180164922
0.15135303643819803
0.24053071476873256
0.18914942183350134
0.06502564972098326
0.07438728915850767
0.11149783835197259
0.07774700996081144
0.19680143764211938
0.07413919931082892
0.21079156217953138
0.07096013435492936
0.20287758917016752
0.1653398362311382
0.07553734160723732
0.06054689815970574
0.056245612167464945
0.055171580456942045
0.05108025678033909
0.18719653795088334
0.050375497730382544
0.11867068072209473
0.14814890515268697
0.04207010024837255
0.007881105254747483
0.026315836190128707
0.00499988110280932
0.0
0.0
0.0
0.0
0.0
0.0
0.0
0.0
0.0
0.0
0.0
0.0
0.0
0.0
0.3912383575903477
0.2679150214426265
0.3018930360581415
0.2355946496305789
0.32503423585208663
0.3079807973465677
0.36074242848130583
0.35013576921033035
0.24780671627692646
0.3171383292806745
0.2774502461294842
0.3052856762029061
0.38598006475844254
0.3358914865407202
0.2703550505054358
0.304249499196743
0.2664843871546263
0.2695521179772797
0.27014057492370863
0.2685891168784174
0.3055156590857422
0.26019636445139865
0.3384176502290461
0.3650838373985736
0.29979049769794286
0.33286246433143585
0.1501951699997484
0.48113782700357643
0.2957850552836229
0.295171750200498
0.37257328052816563
0.23213234909435027
0.2792937705173795
0.3478282786678772
0.37237525278947836
0.3054745179720988
0.25827373258400615
0.28373117017131394
0.24518737894923973
0.31814320147052394
0.2473359252366173
0.2995833379808361
0.29723881782078987
0.27221839966866257
0.4179221387216872
0.27963907485188483
0.3362895858133969
0.18005868416708493
0.20917840155033848
0.2788410339726993
0.2635347920793644
0.34282199250742607
0.2664045169542494
0.24538195220933254
0.3835860010932506
0.2731365558251357
0.33750286188286016
0.2406936938126401
0.25136929349695586
0.3007209547021347
0.31129921031090857
0.22112598263873365
0.2640244318925016
0.22435751416912125
0.25250162002486326
0.2435084409528181
0.2890399461428688
0.25170760460067454
0.22015686541558582
0.2235793483311979
0.2368008415754655
0.26943216672487746
0.30149070414458123
0.26996666561325133
0.2544055171740691
0.22167075550620724
0.26318383254113664
0.14028917884143283
0.22133447240495863
0.27437905675012764
0.34803725057268525
0.24235017187228655
0.2703248611211617
0.27612438698906655
0.24159823987181767
0.21374797674088994
0.24094569874813548
0.2954961597855631
0.26327320532922205
0.12306889139474816
0.2531298919354071
0.22859535587192775
0.2587819690287562
0.2806632225140241
0.12988401629909402
0.27668393211657105
0.2530243054499594
0.2645182559971608
0.28605914660023934
0.16159478053721937
0.23431578291836255
0.27682222337091555
0.24485425516791176
0.12709312473678075
0.26413558157866124
0.33214360669557336
0.27257842543379673
0.24371629289118601
0.20188233771071723
0.2694965440560671
0.1138167754054151
0.2756702013186197
0.20630912373675028
0.26816779661674917
0.23460554096671393
0.2442785470400592
0.2538791022100091
0.23290578691839942
0.23125721390019044
0.2800245584226357
0.27220170806997446
0.22134541169852925
0.2126620883045287
0.1936029465660863
0.2396061727746736
0.27100384345313355
0.1828597230234568
0.25927004452963126
0.25518757199786385
0.2705204747975904
0.30021121788385957
0.2719161350071455
0.25153529372108907
0.3127585003369958
0.2608978697396353
0.1178349093665205
0.26824155468224875
0.24360991651658523
0.28308401495344254
0.28308401495344254
0.25275998036877134
0.24222119586284754
0.11055684317062091
0.2865668197513459
0.12244783087642748
0.14128739587102718
0.26168726302482065
0.26168726302482065
0.2572178460682846
0.2562400760613893
0.2922586503698806
0.18074163110029626
0.2580189285399166
0.21515918252952462
0.25225327485910487
0.23667733114000827
0.31134399856074174
0.24532254637338918
0.24532254637338918
0.24532254637338918
0.24532254637338918
0.24532254637338918
0.23299863741269738
0.2449924977202399
0.2322719259114428
0.26787354763764515
0.2676780760998521
0.15636130369390305
0.1480697192590372
0.25174196326006776
0.22153371105985634
0.23445348167719096
0.2772163700040727
0.2610894872840401
0.2940057131064082
0.24402830010212515
0.24884047090037095
0.32276831136271733
0.15173612072865914
0.21550678494289166
0.18568790983467565
0.25143349087457206
0.2484467639007017
0.2571075368809323
0.2563247484965962
0.19190372961358765
0.281218156532339
0.2675336423258769
0.2856643353781436
0.25115790175921804
0.18670930449049455
0.2275352781622022
0.20081562179744178
0.24892153665474195
0.10657380151357718
0.21142569253427462
0.2606625002531744
0.22459337213182387
0.22170332678245155
0.12506196872998754
0.24001466616553682
0.212343268363992
0.25479624465136214
0.1133468857763279
0.24143942809720656
0.23051865808777108
0.24137012015177295
0.2416816948017605
0.12098483677486378
0.21944762022858003
0.14591072034584693
0.10905644026443902
0.18695425138340163
0.11703654226013172
0.10741708198575596
0.21962916809409427
0.24218638944632348
0.12137735516357763
0.20236556240081433
0.11894421282676794
0.2701596469270968
0.20708176519200966
0.2835718708942706
0.22939817242402902
0.2834693684438814
0.19689784232017338
0.25165859615572533
0.10067207629566588
0.2251184669871286
0.22670206118373856
0.1333177665661158
0.20877865604571794
0.2666577724153812
0.23189919752251725
0.24987791220638347
0.16551842694125093
0.15224139420111035
0.22779281219828262
0.25368894462918035
0.22728763319164713
0.19814843932707002
0.23510975272316154
0.20337418182931896
0.23388318769573763
0.21387112806774466
0.22709563791432713
0.09472071424449648
0.20628649651052755
0.20155238140826387
0.27675982439329583
0.2013786953026715
0.2160698468174038
0.1817829185327259
0.2071569309165253
0.24467700778483334
0.1965909110467901
0.19652581854708015
0.23663642994685702
0.20908939989597014
0.2161583805430707
0.20454322989293566
0.2249240904399382
0.10698072145393611
0.25147501038352615
0.18795155356652493
0.1893419462182297
0.22290268067285313
0.19525404939276195
0.24621244663858316
0.19557008742546123
0.20257553122864133
0.10431564272348375
0.19539852005659797
0.1326090587621942
0.19961557853363354
0.21263840623276303
0.18654356909328831
0.185699994021446
0.09217958724953651
0.095525789811434
0.14959268130654219
0.1772436194051909
0.20284546283322413
0.17658777839897555
0.19142695497060747
0.13389453001574098
0.17673993113474082
0.08644007738462926
0.17410681019181232
0.0772860569190028
0.08485522646282909
0.0826539759494317
0.08413255996337012
0.08212734640588032
0.0703996318025954
0.07969635369557711
0.07683822040943829
0.10273494586558335
0.06900390736593379
0.07515159668517372
0.07193971084964186
0.06726981272045986
0.07225351172511989
0.12193762397979176
0.062389107962498275
0.11389047150771471
0.08201770658761
0.031505082824710984
0.08292945556539287
0.04835392433706886
0.0063858979808520955
0.004161218855215035
0.0
0.0
0.0
0.0
0.0
0.0
0.0
0.0
0.5216427880392879
0.20309964224648908
0.39348679466902403
0.1927038755210023
0.2992949389946454
0.3875086912296777
0.26015026731689106
0.26392598403032247
0.39796212093924704
0.3799749963153057
0.16957183731239744
0.3390917683674961
0.40636455251764486
0.1737075980977735
0.22417395336097892
0.20346375366825062
0.4588170450711136
0.2682719511107197
0.2714801911293394
0.18235376286306415
0.16473987796783757
0.26915113571884297
0.16086528072796535
0.33521751428823826
0.3159509142577613
0.14688470365140757
0.1255111806601049
0.12201870819675253
0.1464569039067803
0.14110339386536655
0.10388458065275936
0.2414459611037091
0.13262504614956966
0.24176721207697152
0.1372185138218279
0.09965684420469992
0.1167931368231467
0.39401846497609133
0.10595985097497403
0.10337477639823356
0.10389384350687259
0.10255849327003555
0.15716019659812197
0.09841932641996798
0.09751525086231937
0.09876854961381422
0.23824660004964643
0.09526013004253141
0.25515997020415915
0.07325930918031796
0.08959296970636431
0.08721692608362079
0.08753230021896775
0.061529001810379576
0.08779160954818366
0.0814348947593964
0.08382324334415404
0.08573958400526244
0.06707133547257724
0.23889665384993364
0.06674654130431575
0.07969911469119448
0.07592090583848873
0.04869740236189424
0.07364443208702785
0.15335884748935813
0.05048775306528229
0.2020314053602896
0.13198995802517527
0.05871255765171169
0.07984239170626886
0.038205959863535144
0.05466646966518679
0.030067842408636535
0.029673687896305152
0.03130152030341751
0.04407929631334195
0.018186919214048393
0.02405501080137678
0.01326008004879006
0.026168973609477147
0.009173634130174451
0.03211527066481215
0.01241466931958644
0.00797928654068667
0.01843395667069321
0.010975917507833341
0.00858518171361221
0.006299614210161449
0.006629861297085235
0.003382782484745382
1.0772387605769144E-4
1.0772387605769144E-4
1.0772387605769144E-4
1.0772387605769144E-4
1.0772387605769144E-4
1.0772387605769144E-4
1.0772387605769144E-4
1.0772387605769144E-4
1.0772387605769144E-4
1.0772387605769144E-4
1.0772387605769144E-4
1.0772387605769144E-4
1.0772387605769144E-4
1.0772387605769144E-4
1.0772387605769144E-4
1.0772387605769144E-4
1.0772387605769144E-4
1.0772387605769144E-4
1.0772387605769144E-4
1.0772387605769144E-4
1.0772387605769144E-4
1.0772387605769144E-4
1.0772387605769144E-4
1.0772387605769144E-4
1.0772387605769144E-4
1.0772387605769144E-4
1.0772387605769144E-4
1.0772387605769144E-4
1.0772387605769144E-4
1.0772387605769144E-4
1.0772387605769144E-4
1.0772387605769144E-4
1.0772387605769144E-4
1.0772387605769144E-4
1.0772387605769144E-4
1.0772387605769144E-4
1.0772387605769144E-4
1.0772387605769144E-4
1.0772387605769144E-4
1.0772387605769144E-4
1.0772387605769144E-4
1.0772387605769144E-4
0.36808088424946434
0.499467923475182
0.345392246657953
0.3368671948658468
0.31773042107008914
0.2793602948714898
0.2489700710634564
0.3033412039349761
0.2791338872897352
0.2579536016899489
0.3314156015434578
0.3289301184949543
0.21396646401718325
0.21102540198680578
0.19133920798302476
0.12965825458553676
0.21424355902695236
0.24572966249044845
0.1651200305432323
0.15070923903256464
0.23226166917138102
0.1883455534753086
0.3067090430020979
0.2205086073594055
0.2679760220738218
0.24118802102555215
0.24118802102555215
0.1563086395721588
0.2220621292017074
0.20114321810110397
0.16716912908355852
0.16160386523696357
0.2234499239370049
0.09376877416030342
0.19609344769746112
0.32657497333895963
0.22112578562344753
0.2028510361640076
0.19835908130874777
0.2120131766831529
0.21561131646186257
0.15728267437768717
0.14423897141016032
0.13246619691813522
0.17325396967224205
0.18956638775051174
0.1783770371536944
0.15985267041566337
0.16676413670647625
0.12989478694979942
0.1872179125475167
0.16371334931674772
0.17411594454020918
0.14410506695438485
0.14107823353540982
0.18509962578291383
0.1884068594445522
0.1369263640199851
0.06759160947773676
0.24041506008780028
0.15434681743456988
0.20188158022192096
0.20188158022192096
0.1638629408587635
0.08490217432713043
0.17999329859962462
0.17999329859962462
0.17999329859962462
0.17999329859962462
0.1613665454268467
0.16546940674004007
0.15492616986125032
0.15492616986125032
0.15492616986125032
0.17101249653258055
0.16977392261852747
0.07247522612725145
0.1678245871009651
0.1678245871009651
0.15526776158506786
0.17807819115112167
0.11463832311137952
0.1616097333332311
0.13261902229087946
0.15228349264458546
0.13064080166643638
0.15368445684246423
0.1489000718512643
0.11040507836642349
0.15902329986627467
0.15109543968844755
0.11451848060416808
0.0678552930287143
0.15295179847143825
0.15537809365000177
0.09260335694826376
0.14420829208056762
0.15820264652710286
0.1489219911390731
0.08433651938086306
0.13781030159399435
0.13373453636438545
0.13224465957395265
0.1658844372347114
0.12189763886409154
0.05532392931382355
0.1422236837014764
0.08480129395455134
0.051217176303002675
0.06762953330324203
0.053669603908083126
0.05671857356236513
0.03575592258224718
0.08327132848588638
0.01239698357232706
0.04141426059072713
0.020731171206331254
0.02398997897947186
0.023348584812625993
0.021756495708625315
0.018200033286848324
0.016474545173271894
0.011765565982895847
0.014097028646195218
0.027866160691150617
9.505124192699203E-4
7.190342183232793E-4
1.4747384808859714E-4
0.0
0.0
0.0
0.0
0.0
0.0
0.0
0.0
0.0
0.0
0.0
0.0
0.0
0.0
0.0
0.0
0.0
0.0
0.0
0.43736451522742503
0.36785644713061083
0.43911829722609497
0.5380776101317127
0.45585771385270163
0.4175740211727653
0.3622134588458558
0.3993963679411592
0.22519501059100225
0.24375687988589853
0.26844299802168203
0.286204419609992
0.3497778506373169
0.30457732101948454
0.13867079325790385
0.3366792068431838
0.2576969260554535
0.31695799870624664
0.14991083233185404
0.3585372056591936
0.3152409230343204
0.3152409230343204
0.3152409230343204
0.3020392724348543
0.26658082223962165
0.2569760088881829
0.30470445705910565
0.15448520176587718
0.340064750516826
0.18171072695484297
0.1465124279664714
0.20262293415557522
0.23866652854007944
0.25106380944496015
0.2652108281729726
0.14316909123046465
0.2055044355583461
0.25564784673692303
0.32365605786829965
0.24117365105163052
0.1264269281404562
0.2951860161076353
0.20959557017279662
0.10341224134105337
0.11081238341256737
0.14050104414326148
0.15083333292243498
0.09553792324876625
0.0953927669362071
0.10797767530710638
0.06908841155198654
0.08438406765775323
0.20757517635685566
0.08716427442271335
0.09143483764038389
0.20445013736998868
0.08542052084142242
0.15949099678640766
0.1181596668511703
0.1270436721585979
0.07458369899114681
0.07670239575493902
0.09378875209767051
0.0806537136582829
0.08842431480280687
0.08622935591376492
0.057793095203809285
0.09644632123306782
0.0037351107550639365
0.047394988956681025
0.005176748380979566
0.010263430948007093
0.005770392877294877
0.0035583414836496694
-3.6343996847989276E-4
0.0
0.0
0.0
0.0
0.0
0.0
0.25302522828838747
0.3003211111838719
0.3456480900432547
0.3194697959676782
0.48649493947527955
0.35922502667230594
0.3286898997651001
0.3286898997651001
0.30128780309240105
0.28963400076618684
0.28963400076618684
0.28963400076618684
0.19863154328517865
0.27199514546699616
0.4307363580619024
0.36345264275949063
0.36345264275949063
0.21085781266964126
0.3183112362431148
0.3183112362431148
0.3183112362431148
0.3772242918706278
0.20883385996908646
0.1300704829285622
0.17707413284199106
0.173631337929721
0.10660107778651898
0.2090353854433846
0.13882144676565403
0.12529762369387887
0.12204403561878822
0.24715563821640923
0.2726954944175459
0.0982111710051321
0.2281084421622187
0.11275854184635238
0.18629556496633667
0.12600432769519504
0.1402281841235025
0.12268809143188476
0.15892930507836098
0.19521345627145295
0.2586807290780785
0.19326240049527826
0.17367368321533025
0.21727052182721227
0.19347670288528565
0.19347670288528565
0.17753748794930427
0.2087268033960066
0.1658694038615735
0.1658694038615735
0.1658694038615735
0.1658694038615735
0.18433125408828746
0.15681791521560123
0.15681791521560123
0.15681791521560123
0.15681791521560123
0.15681791521560123
0.18333261236089826
0.14950285750635914
0.14950285750635914
0.14950285750635914
0.0653351029180236
0.1434087272296555
0.1434087272296555
0.13168992189908707
0.20745244672228272
0.18138787030996603
0.1306805394924439
0.16766990655162847
0.10837773609471246
0.1382106946600581
0.1385147210255537
0.13369405685570046
0.13369405685570046
0.10761475917919136
0.16316258898801028
0.15354137202008963
0.1297095941733204
0.15808571683078496
0.16229533005958738
0.14954466272580053
0.15188280704808582
0.06715821140459104
0.10098334702499993
0.1574963048412447
0.15319673899981306
0.10077193673650098
0.09987297313096827
0.1345900702680299
0.20071680252033328
0.09635633279037717
0.16308641763497722
0.17487496965853325
0.1384717171291335
0.06848360763681952
0.1493308284684918
0.08804937584411399
0.1388145550216018
0.1444216210896738
0.06466650054236384
0.16529399414568627
0.13985460981957817
0.11153635373584661
0.06219461067874649
0.06181550908345062
0.14370457805608922
0.13909268056359567
0.1286194333441522
0.12713343969500743
0.056000774111047515
0.12049100633921606
0.05306212745190946
0.11599238786348194
0.13761233071213777
0.06169184046395425
0.17668868278450023
0.0570386902977593
0.10578324676221809
0.11263065405603845
0.05211960211969948
0.11632317614872377
0.15390980263239606
0.043836595450703016
0.12476000935700664
0.0923333262186417
0.06969620825966247
0.06819279943781346
0.01433062848091909
0.008013629517183225
0.0
0.0
0.0
0.0
0.0
0.0
0.0
0.0
0.0
0.0
0.0
0.0
0.0
0.0
0.5030158105394015
0.34011459370116925
0.3706636652231496
0.4563949956847041
0.3704006599603241
0.3495317132091176
0.41422868835083687
0.3580048053688604
0.3865564411801571
0.4393262924541889
0.3325598996274636
0.35448188362110583
0.4436117804113012
0.39917579796096225
0.39917579796096225
0.29070533051608277
0.16165556782034715
0.34303375830124544
0.3237939114948849
0.35577599542691507
0.302745449089906
0.1729227870183336
0.383357665894826
0.257739565897311
0.21267432874447922
0.27786831008732843
0.25199999479287605
0.2628566701008209
0.2830940225355174
0.24052329401442962
0.14081060740941231
0.24713926960904142
0.3106640470686158
0.1477057209115996
0.21650007472325608
0.24259920940946614
0.33177342315990466
0.2343127410317115
0.3415212309579803
0.1948468974266395
0.23367909709723086
0.213324016174244
0.12146141835418821
0.14128746560564356
0.29295851298775044
0.23289605851628714
0.2503969836092431
0.25444085882117273
0.2865974320306155
0.2534504482436993
0.3081163517861156
0.09129310822900917
0.10760807873294537
0.267854298054774
0.17814157337013253
0.2081239498799846
0.15535921365854155
0.2901215756398943
0.17325894723125373
0.21924327688312925
0.1443310680744004
0.21448906679644594
0.26817051197859243
0.1713199263370271
0.12386541552385728
0.2513763622785073
0.12959137101014329
0.2244007364667409
0.1810181194849217
0.2531585841933418
0.12053431365512207
0.22155035880737695
0.23510636932499115
0.22697313255295848
0.19755531037092158
0.2686903251659952
0.17688629209393356
0.23480024298917807
0.21170705886963884
0.2580687827534986
0.10735489295099411
0.10572218213126097
0.1740160775425728
0.22518014264933653
0.20084285529583665
0.31795945202264975
0.18248127015875373
0.15867634780160902
0.19520201873228954
0.15643275308328267
0.239864185207207
0.16883860872110315
0.12953352164936727
0.09569019096714827
0.11841087634262545
0.40476954813054394
0.09419811336548715
0.21490763396182141
0.07580548989170499
0.09842217615677956
0.09898148209130658
0.2113410952474994
0.20975084219080084
0.10493135389780675
0.10430616720954411
0.14135209652112543
0.11221027670290366
0.09705943286675481
0.07487665563443868
0.11900885773575803
0.10821225259835997
0.10090437199666616
0.08601439665805491
0.0771795382319689
0.1672616264174762
0.08806049602440576
0.05350640204010083
0.07544662655165049
0.07455828816694735
0.1530722397468966
0.0777211493485316
0.15392633786608298
0.12681399732413925
0.14829243278768597
0.13194295008216245
0.05913639165774494
0.11971545492831587
0.030973831206269824
0.08331057323473766
0.0197425082128686
0.05487253407633327
0.0
0.0
0.0
0.0
0.4488931989987469
0.4041435318314117
0.2895279778096762
0.3424918468008248
0.3257056863348939
0.29585859989492197
0.3252484181295069
0.3445394221326561
0.29518527180395
0.2592442747577382
0.4214455167842887
0.19601417982592384
0.2679309179229732
0.1510538981951672
0.2685197769725654
0.31236009108831364
0.2816503134561442
0.22797533014933216
0.17595741528193679
0.2483325018362542
0.29564797238709856
0.30723739204950845
0.39373395272473904
0.13871687122623533
0.29604701129425964
0.24724666565659306
0.2612700341204422
0.25877314887899927
0.23557107695153492
0.25531211991062497
0.25816972871257804
0.27927418132172094
0.21666592377182853
0.1586459275476732
0.1413426274156372
0.17128209403150682
0.13454166448173152
0.12369866139804567
0.2016849612118269
0.24083590373757363
0.23985844131426412
0.18237207253199558
0.18667040353520103
0.23845621404815828
0.2794300171553927
0.21774520180194232
0.21605844287156115
0.17297541321503584
0.20610322134268116
0.27766458643070197
0.18118889836208799
0.19599601499534308
0.23103419773244094
0.2660223327918056
0.19673725749647988
0.22583643892503494
0.16200172147967554
0.2429957657798603
0.23098420330467592
0.09844863409779187
0.26490814374393984
0.21890938101151575
0.1588635025111349
0.10289283566039605
0.2386632752419201
0.19549425314422317
0.23183759089890135
0.16965327133491692
0.22802330095059606
0.21071643322250366
0.2022296224031711
0.21670061445222105
0.1827878681136825
0.18865307475107423
0.2399681154056095
0.18153283342749685
0.1890624636157362
0.16953764858625445
0.12887955864449652
0.1507137719626669
0.15748472380605677
0.1539421391562437
0.20601688975912114
0.19862022950235927
0.19139171200904767
0.07995733353576338
0.23796814610518624
0.17814948085696874
0.1410863532673637
0.1703971524687256
0.18818207734642592
0.18826552658691367
0.2003643089764617
0.16839162491113918
0.17176723712355255
0.23273000870124233
0.17828718245795944
0.20551237622362067
0.17443697973626981
0.14997002261319917
0.17379498771890037
0.3080598038770809
0.16605022733870337
0.2540624372201797
0.2540624372201797
0.2540624372201797
0.20346330719538
0.19685417476380165
0.18690780085840766
0.20857197502510302
0.1639007272042436
0.22312952210486062
0.19273183594596904
0.1565652656885908
0.08192982392573651
0.09018543425109522
0.26223481695918466
0.10459869446113564
0.20254520645943416
0.20254520645943416
0.20254520645943416
0.20254520645943416
0.20254520645943416
0.20254520645943416
0.16135134837206044
0.16346619203377824
0.16718825949196575
0.18759746729287766
0.13932690161825376
0.1967929600006855
0.1959288444416803
0.06489447794378411
0.1950227278573828
0.07638474161223187
0.17272204411651423
0.10491117269803318
0.08220765499486613
0.07501539997434606
0.15283341232773207
0.15283341232773207
0.15283341232773207
0.18243571486729815
0.17664550578635468
0.07322680203668773
0.15838121843217626
0.16482404688626692
0.14265743917225474
0.17422210340768154
0.14073922256856314
0.15021356857922133
0.15538265100267465
0.10400915157605349
0.07905327628977506
0.11951101239748257
0.12835804137674972
0.08610310281107746
0.14001313195891493
0.16900035363029944
0.14345499012491328
0.09522447698583125
0.0766176035677725
0.06627170542010807
0.08990576767398466
0.08639230725141522
0.07571060524022796
0.056346769625709066
0.05481191587180461
0.06431067826429727
0.06267510081857335
0.06318049221489137
0.06160051881687186
0.05257131135895297
0.04144701223616274
0.09911645200616148
0.04848994080777062
0.011901614935716455
0.00743834614669779
0.0
0.0
0.0
0.0
0.0
0.0
0.0
0.37394629787215355
0.2733610639369816
0.2945395637461566
0.46804058282002914
0.3227925911711776
0.283805308749595
0.2978946074235166
0.34988322138914346
0.3725421326528909
0.338475754951578
0.24933304406935045
0.32861826943766115
0.28941113240486543
0.34602448934953095
0.3256065168370761
0.4607473128778119
0.16916497524543567
0.38306354814498783
0.38306354814498783
0.34445703952629964
0.21871526608530628
0.3432020176067949
0.34152207928089395
0.30928684616817675
0.2877624458632171
0.2877624458632171
0.27109935612055214
0.27109935612055214
0.257648521131549
0.3199944173114303
0.28197822646182596
0.2768111321674121
0.2760380527412789
0.27222707231651017
0.30848348976346024
0.1343066326569158
0.1425615065021151
0.1667074527448588
0.14274190647378895
0.28148936326719776
0.26647794977141426
0.13880653274318183
0.11552471745845874
0.1323994271311613
0.1397852163321218
0.1303765734065896
0.13032933557807086
0.12895937336040045
0.12205799504991309
0.11886121653996438
0.11644569210565583
0.11546820772426142
0.11090592229436005
0.21330635611148852
0.1051709031123082
0.0071901614686762875
0.0024493346171902924
0.0
0.0
0.0
0.0
0.0
0.0
0.0
0.0
0.0
0.0
0.0
0.0
0.0
0.0
0.0
0.0
0.0
0.0
0.0
0.0
0.0
0.0
0.0
