0.48061181839121514
0.48941423219306407
0.47912053351442657
0.47937754010117517
0.48019426865547626
0.481124037268647
0.4780070551162397
0.4805865979773079
0.47981868311752657
0.4810426232750219
0.4771057600955955
0.47532343658926
0.4776287485671737
0.47848322929626386
0.477185133029644
0.4788301398519184
0.48106999888765173
0.4800227495078806
0.4774983849936406
0.4800268393168406
0.4829792061686498
0.4824316392985578
0.4808426053573612
0.4800458610445803
0.4828611946251108
0.47748046953961765
0.4889698545061046
0.4789880840399198
0.4754031615017242
0.47851158300546626
0.488985217512837
0.4829695738500153
0.4801915517800636
0.4839868549359043
0.47932180066766167
0.4787999726702583
0.4823091956479627
0.48299677943164043
0.48924759181068883
0.48427502036996384
0.4830629819060002
0.48194640451021686
0.48017927750725947
0.4824645563875537
0.4796075598811581
0.4837202568689934
0.48254019128998005
0.48183035659617496
0.4813023162822036
0.4816350504726738
0.48086976141117954
0.4784796333521199
0.48446913860865726
0.4820160256986608
0.4830324661237496
0.4832331789535474
0.48107556471359986
0.4834264359327679
0.4820122208802242
0.48147426739321747
0.4821561539303315
0.48128839753571384
0.48584077784008556
0.4821094923237031
0.4821614421469682
0.47862300575080347
0.48283145056504073
0.47965175082013695
0.480259968020802
0.48111850087027813
0.4784945883024441
0.47760523394709964
0.48209207169824814
0.48078523769464254
0.4820555377901942
0.4807275996453368
0.4835390145333792
0.4806860835967099
0.4826128425959492
0.48601059436683464
0.48524330463483206
0.4813146372441133
0.47950566410416007
0.47968055719033986
0.4836934946629405
0.4828631423829564
0.4811727900768117
0.4814379704837021
0.4831435334945102
0.484337811254101
0.48221413347137854
0.4813297665336658
0.47907441604097173
0.4841198473485373
0.4833197436304184
0.47906090136412544
0.4800760685374681
0.48170992236545707
0.4836098563236473
0.481056957913337
0.48134590346447764
0.48107942721871155
0.48310409359426726
0.48007838244469325
0.4789243468459978
0.4845002242068759
0.48337052377602135
0.4831033205302416
0.481917388816488
0.4841767748595239
0.48299935752395756
0.4884956917453902
0.4837062574333051
0.4839580201540165
0.48307741896111484
0.48182519482902786
0.4839334371251109
0.4841822917120309
0.4840237112723344
0.48373634023236767
0.4835006059900122
0.48398801107349154
0.4772186809788683
0.48378806049420664
0.48644782027948136
0.4815964352079237
0.48443801270761366
0.48495545752761315
0.4800129205410994
0.4847852343041241
0.4813856479153447
0.4832844261752751
0.48170286169971993
0.48151526603708483
0.47977800458715353
0.4839958780734577
0.48216514453567366
0.4816183487475312
0.4819334446423
0.48272890900766713
0.48433942266570484
0.48538073369874507
0.48238477256110435
0.48409478705453296
0.4847359613757303
0.48211996227201953
0.48333279991164685
0.48549034637437644
0.4813008936857554
0.484874393592522
0.48448411347455433
0.48497309220589396
0.48166130858011563
0.48111342233599247
0.48336146649470246
0.48453739560874576
0.482632539517845
0.4849783887650869
0.482008431766732
0.48484053673241817
0.48435273509848675
0.4834864850537754
0.48727199574838
0.4819818632937635
0.484953031366712
0.48580974332405236
0.482271969599916
0.4862573541741098
0.4857387911717291
0.48302841050335904
0.48516625149702897
0.48478166410800005
0.4851778722735368
0.4834777262722088
0.48596968357205
0.48456319350924115
0.48417018121269567
0.48801472988100525
0.48487922288534174
0.48435294003559
0.48519891283839167
0.484043558547082
0.4824378724239423
0.48640944468138064
0.4842652082779147
0.48458542338128485
0.48346781293241076
0.4862500222926302
0.4853330475659954
0.4856624370694444
0.48609828677586736
0.4854510045901019
0.4866172934970747
0.48402876299195685
0.48648395585030196
0.48447263221087045
0.48465591391073476
0.48523213167849144
0.4859736201130774
0.48619001948725626
0.48506096826311756
0.48778512729015905
0.4879439601250306
0.48557512265279074
0.4881934891160836
0.47459508499712133
0.4764551079482847
0.4822366336743118
0.4821229136579731
0.47668921604413184
0.4758375024455434
0.49028833282740775
0.49028833282740775
0.49028833282740775
0.49028833282740775
0.49028833282740775
0.4903399992001452
0.4852611399658075
0.47828613817798676
0.4778378102130437
0.47913019831825004
0.4797180665745436
0.4790987678616796
0.47743014483896107
0.47967508604093745
0.48516066224055643
0.4798250388140353
0.4792724991246581
0.48034365715624266
0.4827456605207403
0.4805199507398402
0.4808453499846558
0.48103562861853316
0.48042253846877114
0.4804435352969766
0.48131950746070584
0.48135387385090966
0.4814763012971434
0.48151466054077424
0.4820462957114817
0.48226311376592745
0.48261518690627825
0.48286649629423284
0.48315861821992295
0.483599225603288
0.48433080292490793
0.484775358559009
0.4854427668940073
0.4854149452233436
0.4862458331477598
0.48766775900652354
0.48766775900652354
0.48766775900652354
0.48766775900652354
0.48766775900652354
0.48766775900652354
0.48766775900652354
0.48766775900652354
0.48766775900652354
0.48766775900652354
0.48766775900652354
0.48766775900652354
0.48766775900652354
0.48766775900652354
0.48766775900652354
0.48766775900652354
0.48766775900652354
0.48766775900652354
0.48886977817588595
0.4891276268488065
0.48914696602115737
0.47771011780764083
0.478216144204313
0.4784790995320658
0.4802538673240741
0.48021716918860974
0.47932416785924054
0.4822465700693812
0.4796051070289752
0.47997197250534007
0.4793154836107118
0.4836502320677917
0.48679184570764583
0.48427734154643093
0.48211295835206974
0.4865900093026889
0.48226328721890716
0.48214700745734795
0.48304837766978
0.483434005961644
0.4835227964242625
0.4836225533704904
0.4837560851613571
0.4899828851637724
0.4842014778422406
0.48425076169387254
0.48445735230449244
0.48859681018960527
0.4857477135193775
0.48766775900652354
0.48766775900652354
0.48766775900652354
0.48766775900652354
0.48766775900652354
0.48766775900652354
0.48766775900652354
0.48766775900652354
0.48766775900652354
0.48766775900652354
0.4791263819397285
0.4894579491540996
0.4737338955678733
0.4752894415388769
0.4795431503578166
0.48873737627339603
0.4888196549769848
0.4888695779886429
0.48890031668316275
0.48252597649563367
0.47602211430174096
0.47563720612429145
0.4820960921432614
0.4825000473683491
0.4763145422507942
0.4834933881555136
0.4787136828977686
0.47803834741521456
0.48403225332755845
0.4778988300443438
0.47904200551526155
0.4825366088497572
0.4799385485924479
0.48001139486789274
0.4830852124017641
0.48623455815765626
0.48514088765385965
0.4839081449248152
0.4835029240813931
0.4816875249561764
0.48412518513507324
0.48733706244129116
0.4843342484197794
0.4851727490329268
0.48545078407441666
0.4857737275439267
0.48476356634117174
0.4865147223915646
0.48661710499985195
0.48558319655252247
0.4853164072002212
0.4860613581142078
0.48766775900652354
0.48766775900652354
0.48766775900652354
0.48766775900652354
0.48766775900652354
0.48766775900652354
0.48766775900652354
0.48766775900652354
0.48766775900652354
0.48766775900652354
0.48766775900652354
0.48766775900652354
0.47823728355359324
0.4824697573028443
0.48215804120666517
0.48237337782702644
0.48129425101279166
0.4835905435826796
0.48993978691900614
0.4900190860478596
0.4900190860478596
0.482975989045089
0.49006655512816816
0.49006655512816816
0.49006655512816816
0.48384122565798504
0.49009527749912873
0.49009527749912873
0.4901216901766724
0.48383818308255105
0.48232860860706556
0.4832527097972567
0.4901116087850064
0.4770072597513742
0.48490148443025427
0.48517905121118887
0.48453517303317073
0.48491881415269494
0.4843768959867725
0.4778770254367644
0.47844804709846944
0.48571269281138413
0.4793758105608226
0.48375453676698466
0.4793366513569673
0.47961511003068796
0.48008327160082587
0.48866995599343627
0.4802533382492627
0.48025157967617677
0.479988349582951
0.4862264446077499
0.48031171439200804
0.485372745432438
0.48092221901522975
0.49137862475221344
0.4807232092827359
0.4807386751362997
0.48084044768301254
0.4809846106065493
0.483982693972917
0.48387130893832553
0.4880830477290103
0.4861244554394205
0.48596807813851534
0.4859307815826158
0.48604705070656656
0.4877031449085792
0.48663015741679855
0.48769963143243844
0.48688533517646654
0.48701053123053384
0.48544313440842085
0.48554168766836087
0.4857203913971892
0.48705295632699497
0.4873662235377364
0.48595280557339354
0.4862629317173393
0.48640104838502274
0.48766775900652354
0.48766775900652354
0.48766775900652354
0.48766775900652354
0.48766775900652354
0.48766775900652354
0.48766775900652354
0.48766775900652354
0.48766775900652354
0.48766775900652354
0.48766775900652354
0.48766775900652354
0.48766775900652354
0.48766775900652354
0.48766775900652354
0.47855690616989477
0.48110783280455377
0.47825575556587413
0.4779843488947164
0.4804748152857971
0.47643216214990664
0.48183603313339873
0.48133550128756514
0.48900198342567325
0.48900198342567325
0.47872775890789177
0.48063390883977847
0.4813645135825397
0.4799602329659777
0.4796236396393872
0.4796067234747858
0.4831217219024937
0.4815434963582868
0.4790471334080191
0.4898706830533839
0.4898706830533839
0.4809783253875472
0.478454710953673
0.4790512321056705
0.4805378053337981
0.4804868007569104
0.48062756613189056
0.48164237020706374
0.48053134666840563
0.47761612812900156
0.4801930610085563
0.48187694412032694
0.4807977200209279
0.4894927194507372
0.48044827956901287
0.4820237116731251
0.4814321067523345
0.4794447409648997
0.480632650992475
0.4889374991399284
0.48058949027844394
0.48185058361138583
0.48299354546081574
0.4807934765544611
0.47700056380528466
0.48170351495948777
0.4809729806073002
0.4805862609526202
0.4809966312921691
0.48077282126931675
0.48151580003665756
0.4806084350928759
0.48106232504586965
0.4798923099023286
0.4824832198587915
0.4798964597506068
0.48336539830088865
0.4884802084830826
0.4884802084830826
0.4884802084830826
0.48167265771595225
0.480761462606284
0.4839960644633521
0.48175890079423855
0.48853281037395474
0.48143249997860177
0.4847136523071139
0.4885393025119441
0.4885393025119441
0.4885393025119441
0.4836963352422823
0.47992788532500036
0.4824125737729665
0.48221977614678657
0.48856846641608664
0.48856846641608664
0.48856846641608664
0.48856846641608664
0.48856846641608664
0.48856846641608664
0.48891919905930775
0.48321538451892576
0.4885806028644594
0.4885806028644594
0.4885806028644594
0.4885806028644594
0.47962659037387945
0.48279798773570126
0.482278708214439
0.4815089779462433
0.48251939284703604
0.48862854132530875
0.4822772904456992
0.4885825198055248
0.4885825198055248
0.4885825198055248
0.4787981587252346
0.48237918054970014
0.48215933095268915
0.4885780737199769
0.4886069427296815
0.4885780737199769
0.48312564941764624
0.4844850132657903
0.48287935561432593
0.48862389364782516
0.48179254926660714
0.4885695848677396
0.4885695848677396
0.4885695848677396
0.4809810675118488
0.48249016239799813
0.48349348743952
0.48372089959445497
0.48132741120078054
0.4804104224585804
0.482835306827112
0.48315872991925035
0.48176181952230207
0.4835946341154732
0.4816120416434353
0.48858919305668397
0.4834252999150656
0.48854178968904727
0.48221211261327557
0.48364184577234204
0.4841583620429226
0.4816425172293555
0.4810693303623692
0.4826331571369452
0.488517554410664
0.4819243968532806
0.48171365090947893
0.4809301343181902
0.48404249595747106
0.4834216510969665
0.48738555047016363
0.48260178383513197
0.48292535048939883
0.48450770496276324
0.483654398291569
0.4836211368866737
0.48047738196409356
0.48315417377600506
0.47982800791975955
0.4813781536683294
0.48499863123299986
0.48291366732779
0.4884293457024328
0.479270571483074
0.4822087992652121
0.4826703217061225
0.4824423386813366
0.4819171301350632
0.4840099224604238
0.4836090668566583
0.48073291052665784
0.483003371777098
0.4814125226837865
0.4829241659501295
0.4827497118129037
0.48355802934673336
0.4850015094800298
0.4833561296024709
0.4836002524982233
0.48500914934051415
0.4884882701627191
0.4835745289311686
0.4832761680785066
0.48807122692841926
0.4852367015538714
0.4816136876998063
0.4827953988838372
0.479398296567312
0.48398633010492764
0.4832156267577842
0.48074002462697574
0.48817748749134154
0.48817748749134154
0.48817748749134154
0.47930187887909675
0.48270725167736284
0.4832580522668594
0.48819043222755193
0.48819043222755193
0.48819043222755193
0.48208055644222075
0.4812323852268706
0.4827552660534311
0.48303274586040185
0.48819177975496203
0.48819177975496203
0.48025915481972964
0.48818624599677823
0.48611060504774645
0.4814326103161893
0.4881765099083328
0.4881765099083328
0.4881765099083328
0.48552374404223225
0.4881641687342807
0.48331422496560333
0.48332318214410536
0.4822048419097712
0.48384430944839923
0.4808585222720932
0.4839781921103369
0.48385860518599005
0.48467222207161
0.48197920123890803
0.4843442600539286
0.4842964633116064
0.480991446581031
0.4803299119429214
0.4811180272965204
0.48159596356265566
0.48066224894382065
0.48468921936573045
0.4855567341946843
0.4810821719961946
0.4799397068654369
0.48356538003434746
0.4848523218545151
0.4861790968829673
0.48611807215417474
0.4842709544491479
0.4842636607655454
0.48787282533491627
0.4851398741881418
0.48110011862397434
0.48165702425748863
0.4840248906569689
0.4890309059728016
0.48575798328923137
0.4824844964787215
0.4857679418220815
0.4816286799999623
0.48233603405927444
0.4825341215219903
0.4823994406798938
0.48288274494103683
0.4834216737018996
0.48467687497627815
0.483960062557179
0.4853761398850988
0.48489786154557546
0.48305827898389714
0.48535794638724616
0.4849190838123765
0.484970258158345
0.48559745258259457
0.48518150704149565
0.4857194573058314
0.48592386304363244
0.4869723221881325
0.48766775900652354
0.48766775900652354
0.48766775900652354
0.48766775900652354
0.48766775900652354
0.48766775900652354
0.48766775900652354
0.48766775900652354
0.48766775900652354
0.48766775900652354
0.48766775900652354
0.48766775900652354
0.48766775900652354
0.4895064694843821
0.4775580429463
0.4816107361802668
0.47713556512819977
0.4807464391586878
0.48000729668571135
0.4783891794067874
0.4798463992095548
0.4802978872706405
0.48238437698217945
0.4790829449566973
0.48345680959031084
0.4780109433187452
0.484961685017906
0.4834095065383475
0.4804146112537846
0.4792130170283752
0.4839568977663149
0.4801347903824839
0.4840111374398989
0.4823321368963237
0.4824610550511757
0.48279153807094355
0.48279880761112887
0.4823846193587638
0.4878568907736207
0.4832584766709981
0.48289563822073395
0.4834221278906197
0.48355743109254157
0.4846323575790269
0.48451935996305884
0.4849892292577321
0.48505986980600524
0.4852990753716006
0.4852817897192935
0.48534598915959953
0.48537550591341383
0.48542988413570776
0.48897510204725075
0.48554337810800813
0.48578293834102454
0.48766775900652354
0.48766775900652354
0.48766775900652354
0.48766775900652354
0.48766775900652354
0.48766775900652354
0.48766775900652354
0.48766775900652354
0.48766775900652354
0.48766775900652354
0.48766775900652354
0.48766775900652354
0.48766775900652354
0.48766775900652354
0.48766775900652354
0.48766775900652354
0.48766775900652354
0.48766775900652354
0.48766775900652354
0.48766775900652354
0.48766775900652354
0.48766775900652354
0.48766775900652354
0.48766775900652354
0.48766775900652354
0.48766775900652354
0.48766775900652354
0.48766775900652354
0.48766775900652354
0.48766775900652354
0.48766775900652354
0.48766775900652354
0.48766775900652354
0.48766775900652354
0.48766775900652354
0.48766775900652354
0.48766775900652354
0.48766775900652354
0.48766775900652354
0.48766775900652354
0.48766775900652354
0.48766775900652354
0.48766775900652354
0.48766775900652354
0.48766775900652354
0.48766775900652354
0.48766775900652354
0.48766775900652354
0.48766775900652354
0.48766775900652354
0.48766775900652354
0.48766775900652354
0.48766775900652354
0.48766775900652354
0.48766775900652354
0.48766775900652354
0.48766775900652354
0.48766775900652354
0.48766775900652354
0.48766775900652354
0.48766775900652354
0.48766775900652354
0.48766775900652354
0.48766775900652354
0.48766775900652354
0.4767876305906379
0.47931418183722885
0.4793422561440146
0.48303988303786477
0.4813927236141556
0.47759800862606266
0.47940539345594785
0.480543807737857
0.4838129686436051
0.47684312051934596
0.47959862354891264
0.4786688551975964
0.48130485852382654
0.4831742142809968
0.4888802393179936
0.48274620424856696
0.48178881185571215
0.4833865995092742
0.481728257732232
0.4887880680947441
0.48197376388603747
0.48081047321790366
0.4843609908073065
0.48117677679107285
0.4889768944336423
0.4835252257889104
0.4809702966052354
0.4798620436024906
0.4803645579059753
0.48111453230463136
0.4843562211112772
0.4819426121243098
0.4812198253728312
0.4812118779531637
0.4818993577384115
0.48000937575110597
0.4804677109694835
0.4868445000006041
0.48109818834317597
0.4848047222457471
0.48322411106816604
0.4801734437787224
0.4802840962187659
0.48021959336799225
0.4863104376325035
0.4806758514745388
0.482503311259354
0.47983270909813985
0.4808537338964565
0.4818623674951944
0.4825471625994055
0.48044453851425595
0.4810296628974507
0.4824262335164646
0.48117248233217347
0.48344769586719405
0.483018571283058
0.4832469597835154
0.48265367422414446
0.4812577924398923
0.48267409974625064
0.48371918572009
0.48430013567974106
0.47965091969058543
0.48476215453409816
0.48321752982255195
0.4843933150558226
0.48392505834770994
0.4848467013638122
0.48524738137157014
0.48822368437648106
0.4845989811537987
0.4815809855884201
0.48828505954203427
0.48828505954203427
0.48828505954203427
0.48828505954203427
0.4817417416941704
0.4882888920305754
0.4882888920305754
0.48470148524366885
0.48828510863873703
0.48828510863873703
0.484996641357152
0.48827689364586974
0.48827689364586974
0.48434818215232184
0.483773183294293
0.4841659098862741
0.48826604416858616
0.48195060638599874
0.4814756279544496
0.4819760656925577
0.48506701316527384
0.4849243772634512
0.48171391998097157
0.48534902274410757
0.481162244900199
0.4865755512021664
0.4858434358479166
0.4826426541646707
0.48616419282875045
0.483326207229533
0.48239567715412307
0.48456917776236225
0.48249510748825297
0.48300394201645475
0.4829427340680693
0.48836864398396523
0.48366516004208593
0.4845573689156369
0.4888652883758833
0.4832394888704796
0.48319547128891377
0.483286460784612
0.48325434825315033
0.4885753180893784
0.4834491555064013
0.4876820485785338
0.48768480409061904
0.4836768672135928
0.48372160317051777
0.48768282240245625
0.4876779149664425
0.4830584636994371
0.4876546320676954
0.483500822315036
0.4858210114035135
0.48762688130701626
0.48876629468253074
0.48340787756485365
0.4836820228046003
0.48531339159452763
0.4864585093423702
0.4838006233240529
0.48889218535262247
0.4841057401623532
0.48888381399441067
0.48418982288372336
0.48497155885198234
0.48764027688282513
0.4876537636512031
0.4843656216637096
0.48448931183143207
0.4845075976264889
0.48475757228899014
0.48471765541053796
0.4847727967388846
0.48512819162522053
0.4853362822102797
0.4855785540596696
0.4855653002174615
0.4855951247443839
0.48598881450460635
0.4859339893240932
0.48766775900652354
0.48766775900652354
0.48766775900652354
0.48766775900652354
0.48766775900652354
0.48766775900652354
0.48766775900652354
0.48766775900652354
0.48766775900652354
0.48766775900652354
0.48766775900652354
0.48766775900652354
0.48766775900652354
0.48766775900652354
0.48766775900652354
0.48766775900652354
0.48766775900652354
0.48766775900652354
0.48766775900652354
0.4739854377868201
0.474787943927771
0.4815617066683959
0.4755823125573776
0.478786861460224
0.4788879656971195
0.4771962086571869
0.47801142577140454
0.4788989608169061
0.4890441605451534
0.4796205383508679
0.4823070059879486
0.4817003695439013
0.48507786516126067
0.4782543873192067
0.48004736063563097
0.48049952015455005
0.47871262480976434
0.4845665526195772
0.47823385992208645
0.4793035234918913
0.4800082431721024
0.4804014403423536
0.4794780705473095
0.4809978095910438
0.48301985186791413
0.48039240910828257
0.47927379383036817
0.48004133027693285
0.4823398476641539
0.48018249557967396
0.4806556688894385
0.4806935315809481
0.48144884272381905
0.4808147640840595
0.4805203425804568
0.48123744687295456
0.4819951420662252
0.4831966984924288
0.4815022664957683
0.4825984323975391
0.48260157578508983
0.48145334097999065
0.4834030324543421
0.4835377734520752
0.4835557644810654
0.4823431548136766
0.4815777783243011
0.48178644832660333
0.48144804951637027
0.4818456145045033
0.48155833471868015
0.4878782486943304
0.48325084313281375
0.48385749923111016
0.48103936855399654
0.4819308103844441
0.48795055948289817
0.48401575762379273
0.4830856821188636
0.48455634879266324
0.4824074544777931
0.4817544452541252
0.4849472723480993
0.48270198695872435
0.4832828584857466
0.48332171109442984
0.4821935028980471
0.4827564928740354
0.482864689646501
0.48199126409419807
0.4826881806542451
0.48293924441696434
0.4860426233858385
0.4843588593539848
0.4834568655670884
0.4845366542497935
0.4832791015152299
0.48291729964792335
0.4830315631340088
0.4827028279308643
0.484793124929617
0.48415263651740775
0.48316559018748473
0.4832677325614533
0.4829389571071389
0.4837180833234865
0.48396854940438233
0.48478756160670317
0.48356201985199965
0.4842792185843638
0.4854419999670326
0.4835904584566927
0.48423801167112834
0.48433896703159257
0.484468794814452
0.484192443384477
0.4851026402042544
0.48484036901589916
0.48645634286041145
0.48414648546199085
0.48363095191811556
0.48451996130991015
0.48374087295511503
0.485522846280697
0.48381517626993426
0.4839549966078995
0.4830969920381349
0.4842719433221675
0.48508921618829176
0.48544713325377636
0.4843886655137708
0.48647643586603295
0.4840238070004945
0.4839536328486124
0.4849631664585601
0.48462077044559637
0.48477353031334597
0.4845747871914731
0.48553107673018864
0.4856430971083198
0.4847132198200923
0.48792226144421
0.48534583227715244
0.4872934898843606
0.48728099300665256
0.48563047305686285
0.48444630218906576
0.4847886961037323
0.48602896708935317
0.4868599466157124
0.4848536571051781
0.4847753435734904
0.4862657506956683
0.48655478315483774
0.48505654932216297
0.48552282064116
0.4856807905643209
0.48566440436866665
0.48597939564399806
0.4860186308949185
0.48609376921218783
0.4861969526139836
0.4858980563648372
0.48639632673234356
0.4864661854932769
0.4869887972484192
0.48766775900652354
0.48766775900652354
0.48766775900652354
0.481014837989853
0.4811864974824322
0.4792064135060574
0.47976988162844453
0.48385058113519563
0.4817784643191197
0.48938092671475386
0.48946143158802813
0.4803953802099029
0.47899797867820576
0.47898763895939167
0.48401091052652856
0.4799115987904358
0.48166141423261777
0.48109506744993474
0.47999427802154837
0.4826856058243622
0.48057306912498254
0.47984826738186026
0.48888331148452646
0.4822342063142429
0.4863122303059232
0.479707869655618
0.480208322994865
0.4819710403090272
0.4832482150485858
0.4840113262604035
0.4832452987581301
0.4831828985087905
0.48279560302001806
0.4811704517970268
0.48118243454342996
0.4836223485826461
0.4818549353727025
0.48472093483525064
0.4826907016455806
0.48167509541051096
0.48312639565008203
0.48427336026281886
0.48340128313273273
0.48257593766457013
0.48194074400736936
0.48486558190733275
0.48233932825368725
0.4840143805252392
0.4819035654609839
0.48912987494697996
0.4825157823768143
0.4884613497497937
0.4840253842729704
0.4886177596623008
0.483259574803603
0.48303329009437423
0.4829244117339961
0.483809705153194
0.4844863141488431
0.48379407386043405
0.48284400894274276
0.48353664335141217
0.4849877666960599
0.48621060324244253
0.48408531420269263
0.48475761563995834
0.4850404874849969
0.48349575427854974
0.4850746294271053
0.4839730712401188
0.48358562084808504
0.48341586930786895
0.48425456279354884
0.4850333999676875
0.4873931168823673
0.4817519220199031
0.4857771997423433
0.48527476179741996
0.48380947270894736
0.48087621311236606
0.4860917983291571
0.4840242450082832
0.4854826569029181
0.48386158712393174
0.4832302846430744
0.4802177207733089
0.4845429168236938
0.480864206211242
0.4829452077388401
0.4840440463422458
0.48529606263112746
0.4845617643490275
0.48359208653911
0.48248052618380555
0.48310994965548687
0.4831109250150006
0.48383606729231277
0.48431556401549125
0.48191765473001935
0.4833303377685133
0.48393613546794156
0.4834422577588061
0.48432172491268927
0.48515236838601744
0.4843931571376105
0.48368183328201636
0.48531242893602267
0.4844687679569367
0.4806640626183531
0.48328976330194384
0.4828603036802015
0.48301413941898796
0.48338328994837254
0.48362841258821065
0.482584936961532
0.48694955510776994
0.4841093915559133
0.48467962081151983
0.48524191413590695
0.48369668953109973
0.48439887821898864
0.4835594696312503
0.48320933909163993
0.4844652364562489
0.48590665582735554
0.48826834041798683
0.48652076250397086
0.4861834504717093
0.4850283764423372
0.48484797145661734
0.48464699821680535
0.48827769133082877
0.4838580279318084
0.48524992050163623
0.48427146073642324
0.48650345785762417
0.48662581957358714
0.48715960629025407
0.4870414288183124
0.4863468177944204
0.47864508164492947
0.4823494877254956
0.4831456042367012
0.4899901005713956
0.4753493510119166
0.4901356418772115
0.49019949868227286
0.49019949868227286
0.49019949868227286
0.49019949868227286
0.49022615791761653
0.49022615791761653
0.47806044470156306
0.4815990299141816
0.4837335190502021
0.49022143654524414
0.4803205807825896
0.47866733490821517
0.4797156236767643
0.4794951148805197
0.48029924008412456
0.4793783032690601
0.47939105009040944
0.4786778350135165
0.4797976403097627
0.4818020957232577
0.48079446920852276
0.47937989265508085
0.4806847945319986
0.47866231570530876
0.4802514877348489
0.48132314163538575
0.47905068072061
0.4800917900565782
0.48039820836426306
0.4814200562521086
0.47918769524348204
0.479154683994195
0.48257872475405544
0.47937626357741236
0.4804203435836309
0.4824070637695286
0.4819582275036767
0.4825197080966008
0.4814211993037659
0.4811685728229777
0.48258519012312406
0.4826209933490669
0.4815935853590592
0.481981462290242
0.4821422560616613
0.4821172607220366
0.48190289909437506
0.4822261965441789
0.4837082001463177
0.4837752873902183
0.48331946988342267
0.4809577171221254
0.4825220602536695
0.48337587547616223
0.48434518107537144
0.48281063176842337
0.4843777560287396
0.48379276567304796
0.4847221075929991
0.4833478546333779
0.4838090793940984
0.48426160122107414
0.48115274915394046
0.4844981018763349
0.4841616453084887
0.4880669147599034
0.4847268864666749
0.4838561189230239
0.48813496022343533
0.4848873010402545
0.488161668936825
0.48328044162030476
0.48816964117672057
0.4842878130389995
0.48213058437926937
0.4815114745756766
0.48563942725869863
0.4881612175914337
0.4881612175914337
0.48464082455341506
0.48488118730041807
0.4845865985746481
0.48422254544047877
0.48495334599911
0.4857647458007925
0.48565153853892123
0.48586090883771393
0.4848048897672845
0.4851736132224875
0.48806250252020394
0.485047973238597
0.48559096237068455
0.4884956451350629
0.4828513830903941
0.4857814285183096
0.482632980130233
0.4853711798337247
0.4824910764534586
0.4827550104590258
0.48261453218640255
0.4821429157480389
0.48673578856472005
0.4860994529877629
0.48337695870929154
0.48687216642604925
0.4870065782267784
0.4836841439962566
0.48396248571984307
0.48425676203401863
0.48423650159746223
0.48427065660880225
0.4839812289536902
0.48426081063945486
0.48466492204872097
0.4849010164670196
0.48495444236730645
0.48544723910720083
0.4855125892951203
0.48766775900652354
0.48766775900652354
0.48766775900652354
0.48766775900652354
0.48766775900652354
0.48766775900652354
0.48766775900652354
0.48766775900652354
0.4767163039158805
0.4758928222664835
0.47616876732227753
0.4795235158557016
0.47712077103096523
0.47697896050410715
0.4805842735204331
0.47965178404776276
0.47901460984561856
0.4793855367497478
0.4810559257000045
0.47722169971827794
0.48225993117486776
0.47976237701630453
0.4762177036421696
0.4784851799629379
0.4794384159927225
0.4809750326242086
0.4799616916341986
0.47947791084850494
0.4809829978310632
0.4785866045793783
0.4797248022223511
0.47802330032351037
0.47984049965658815
0.47957799771533177
0.4816802124356694
0.4802393277787255
0.4773093749219386
0.4797037602058563
0.4813189085550502
0.47968767905867427
0.4807753149017843
0.47652738288550145
0.48132716395921654
0.4768957647942429
0.4789321896249657
0.4792767456136025
0.479016443973722
0.48036853105132366
0.47889293978401853
0.4892760198372597
0.4799455022792082
0.4803371450925571
0.4797996717106183
0.48174877209754724
0.47996218354454057
0.4807165458591698
0.4811369235110828
0.48049719110164807
0.4804495796115708
0.48126353625778273
0.48238329819384745
0.4814579489711678
0.48278008508046116
0.4813426091827595
0.479931841107026
0.48046023732883253
0.47918460085053066
0.48963289916143743
0.4811348745762968
0.4801663445956486
0.48079616959053345
0.4835888793420536
0.480552040200513
0.48107096516311226
0.4830150776075786
0.4799838411368998
0.4802108614341829
0.4887215887722358
0.4796290599876131
0.4790572244816684
0.4819399329986133
0.4814904695256469
0.4887372763957789
0.4812206113606767
0.47722880427681724
0.4784001682090154
0.48021381286740694
0.47646402625905987
0.4772788353424291
0.4819843312292276
0.47983648496376896
0.48089986626594594
0.4829866952899262
0.4813579815697777
0.48207431161982983
0.48794485621239037
0.4811604662685722
0.47798406610150684
0.48276062613304743
0.48816282866190003
0.480391915367504
0.4813948903708274
0.47719058697525024
0.48096833781699083
0.48823983447908237
0.48823983447908237
0.48823983447908237
0.47917639054847183
0.4882668014197429
0.4882668014197429
0.4882668014197429
0.4882668014197429
0.4882668014197429
0.48173897865708853
0.4810985816689771
0.48231961133091594
0.4882718581372259
0.482136165846464
0.4825003692551323
0.48116382771275285
0.4811307306982747
0.4826883680835029
0.488266224618953
0.488266224618953
0.488266224618953
0.488266224618953
0.488266224618953
0.4823929220368822
0.4822732676008644
0.4825025854580919
0.4797508553489611
0.4779099302084605
0.48149878307657873
0.4815517977803015
0.48142951935573514
0.48173359435931296
0.48825509578733295
0.48153726317438267
0.48315240829618616
0.4814623239101209
0.47930667807235994
0.48006594188464846
0.4838181418346056
0.48824112660529967
0.48824112660529967
0.48114385968928725
0.4793911962696826
0.4825973911000436
0.4831918623782516
0.47928524687414603
0.4824478368759866
0.48141980250006444
0.48362059628586385
0.48216837318843503
0.48187057702187275
0.48222629321181365
0.4822373928363062
0.48190914280523595
0.48820018479038096
0.48145604986929963
0.48223398240626264
0.48190937954026375
0.48393961049221695
0.4821806251836814
0.4821644119323557
0.48236845056937067
0.4787527038203704
0.48188496327583896
0.4793799586988717
0.4831771752344332
0.4801760427168763
0.48209859926244397
0.48243449084823126
0.48210117227045807
0.4801034792297871
0.47847114928989026
0.4835402869047522
0.48202763891278083
0.48813276585777265
0.47820236661525073
0.48296435438720325
0.4827065761557961
0.4796969586293724
0.48261396687744484
0.4831341893471437
0.48233745142632756
0.48266297079133325
0.48370941593321404
0.4840552107859762
0.4832187430945469
0.48254093936795817
0.48298309416567653
0.4802610871830376
0.483333768514065
0.4831745252917164
0.47991570726063154
0.4832491222398816
0.4809657237553836
0.4831090190908659
0.48374898471667543
0.4812110235920934
0.48205827130739165
0.47959271771498946
0.4813293619134159
0.4847687478944927
0.480853654499256
0.48348336544102977
0.48058190177559335
0.48064269527361975
0.4808357621388489
0.4809376777134667
0.48115713130307247
0.4814447272637773
0.4851298435006923
0.4804786889996698
0.48075463843694316
0.48455918340469345
0.48394302469578226
0.4812806456796098
0.48047974358566864
0.48122374965419995
0.4818978708374019
0.4822463016320921
0.4817808397558228
0.485319084892538
0.4815711299214178
0.4852842605196271
0.4820065778862298
0.48116861177897796
0.481963520778345
0.48268236547996846
0.48189235304638456
0.4820071438734047
0.4815274351436124
0.48370523766789725
0.4820057322650238
0.48279544582925943
0.4819866674783063
0.4823950471696834
0.4820927501580052
0.4838797740887398
0.48438708456421703
0.4827676660685061
0.48463491270508285
0.48385007868284163
0.48390108252457953
0.484814462373975
0.48560344054684196
0.48766775900652354
0.48766775900652354
0.48766775900652354
0.4766319989944362
0.47780893131418556
0.4826069452499591
0.4812449052445323
0.4797168321153978
0.47744539923056767
0.4827523636584241
0.4831402520200723
0.4811780761514002
0.481888892363259
0.4830236691769915
0.480807612359324
0.4832994278437836
0.48144748804931925
0.48910863623570544
0.48910863623570544
0.4897363140550188
0.4835323431103119
0.4891306752467197
0.4891306752467197
0.4891306752467197
0.4891306752467197
0.48332501103689796
0.48913549047516064
0.48913549047516064
0.48913549047516064
0.4774880418822678
0.4837841856478328
0.4821728521840894
0.4891301354699316
0.4891301354699316
0.4891301354699316
0.4891301354699316
0.4891301354699316
0.4891301354699316
0.4754498614261948
0.48390780978394465
0.48911859814069686
0.48911859814069686
0.4891339066806902
0.48911859814069686
0.48911859814069686
0.48030562049040215
0.4790955493608224
0.4781211547475394
0.4891032716521594
0.48908563498180146
0.48908563498180146
0.47951691621778936
0.4813272081971189
0.4890666324521175
0.4890666324521175
0.484238920644496
0.48035773988898156
0.4828019815584801
0.4826772995085149
0.4802610039005697
0.4773155162423013
0.4805207131690309
0.4843227951362756
0.48441421661624656
0.4802227390632277
0.4836313905692966
0.48488782883731407
0.4816818280815773
0.48013391195875754
0.4843705165636175
0.48080353863774417
0.4903571165627609
0.47876092864347697
0.4816432444263236
0.48322409629247626
0.4826277458447758
0.48267074374727975
0.4898436836430017
0.48278472483780266
0.4845528735710834
0.48385536036243404
0.48012308410231075
0.4795011874050379
0.47913165188305334
0.483617653097303
0.48974480969564244
0.4837290719495249
0.48475839493168554
0.48727500421408587
0.479082554382551
0.48543831949551686
0.4851783421343162
0.4847366657322777
0.48130298595002435
0.48468222905410724
0.48458251769519656
0.48471152943952844
0.48529796744245446
0.48546964571518036
0.4791167456774429
0.48464892185814124
0.4794013873852224
0.4850704925665396
0.48584154690917797
0.4900903531270148
0.4885315013862176
0.4853687211782601
0.48388685757380184
0.48456604223374494
0.48416185789245775
0.4851093881406507
0.47868004411038323
0.4810949667538625
0.4850401587124853
0.48498670126414045
0.4857030119115607
0.4808596543486702
0.4847095782619655
0.4852267804571662
0.485347592322158
0.4856956865071559
0.485186952270678
0.4859504992387747
0.4855993633965013
0.48556911476037334
0.4851976563906368
0.48574433691619545
0.48598586201941424
0.4856985563999854
0.48564880887403306
0.48302724736303215
0.4843696227289506
0.48555345663013744
0.4852485757670643
0.48581102748288923
0.48534412615942296
0.4822170849828765
0.48541147632531684
0.48542094033907246
0.48584175675016866
0.4796634488911614
0.4861735281826316
0.48520529459596234
0.4805468585120073
0.48624923847612234
0.4861511506489881
0.48622375412169894
0.48830358217874914
0.4805659649251205
0.48085934224993343
0.4865087565507175
0.4852127451585501
0.48099278435664233
0.4808643804421012
0.4801200027883814
0.4825441885471503
0.48285582060252924
0.48582480045257165
0.4848613265605377
0.48072589868851767
0.4810946498944677
0.48115562199634904
0.4816726123969392
0.4870297950860419
0.4817972545978014
0.4901660246139357
0.48191299180554864
0.49013927184864026
0.48981056516099497
0.4820336079351329
0.4816020065517709
0.48170424489129166
0.48173673971451064
0.4826747629598269
0.48773730145226396
0.4833893234870501
0.487688548433491
0.48850823839699786
0.4846900260846199
0.4851287949223518
0.48531778412949844
0.4861760921964822
0.48766775900652354
0.48766775900652354
0.48766775900652354
0.48766775900652354
0.48766775900652354
0.48766775900652354
0.48766775900652354
0.48766775900652354
0.48766775900652354
0.48766775900652354
0.48766775900652354
0.48766775900652354
0.48766775900652354
0.48766775900652354
0.47946762931068915
0.4774593547247376
0.47940003302891643
0.4770456563203433
0.4799287792551759
0.4815805405073213
0.4825174439555583
0.48041223630588736
0.4782626743037308
0.48024573955313027
0.47919197536363994
0.480666974223428
0.48342905634078637
0.48247943253837
0.4809255273974748
0.4893076054132788
0.47944709867393
0.47973606526013146
0.48063239121104556
0.4797207138300683
0.48207699905959484
0.4805653216047162
0.4847950953741349
0.4827441085916988
0.4807578339375825
0.4813760710097313
0.47711363830647685
0.48895058632089494
0.4823031487214635
0.48187206218575657
0.4826343949398374
0.4794252860837157
0.48211336744433375
0.48204953604146805
0.4891201109480633
0.4807728986175128
0.48908394823865414
0.48284235075654736
0.4806058204972992
0.489134053457643
0.48103245878471906
0.48912453739737255
0.48224885762783853
0.4812134758395767
0.4819689652050829
0.4825485312807631
0.48561022559296835
0.4782854260099714
0.4790910546360044
0.48184554453643563
0.4801461143353121
0.48406568443540227
0.48210305282515054
0.47991025626954714
0.4819709348421554
0.48147814787625803
0.48205762084211373
0.47976477647331117
0.48905802937871057
0.48186029219538296
0.4819306037143149
0.4805492048252003
0.4808855446207546
0.48111568525635834
0.4810514477041484
0.4820046595291067
0.48410943795500977
0.48108821710311445
0.4801062290995325
0.4799051857690155
0.4809897626679871
0.4817096991467869
0.48321569819896
0.48134432500030044
0.4814418675876118
0.47995629694462033
0.48161185267162004
0.47766055190560375
0.48048644190341827
0.4813120195828582
0.48275052909730287
0.4819560241104197
0.4834309212709815
0.48268632526296557
0.48204982469636865
0.4805058735899192
0.48170689710544834
0.48233233432808614
0.48218768515647353
0.4776123285878879
0.4819993934865711
0.4810768329282259
0.4820245082936737
0.4823689878157301
0.47807661182387845
0.4824596964509635
0.4818208622779621
0.4845043313600478
0.4829674712430011
0.47907022658292525
0.48153250969885797
0.48260651015626616
0.4814087057804626
0.47826938355904974
0.48214759262891554
0.4849632065945501
0.4831920317703797
0.4831937617317408
0.480872509164385
0.4830572650589675
0.4780161508755104
0.482940068749869
0.4811726799482912
0.4830930495048386
0.4817617222013354
0.48213335499659965
0.48278688414242255
0.4820462099747669
0.4814844395315966
0.4827630084268368
0.4830346058158812
0.4815196239566015
0.48158846873746025
0.48093002668491397
0.48334418679107854
0.48296259959880766
0.4807448137006124
0.48313158102389747
0.4835606433129426
0.48446902875353065
0.4845023918336157
0.48366538348325344
0.4831392482288021
0.488533349413122
0.4829317739775961
0.4785905630900607
0.48406146373961356
0.48284970114143755
0.48855693178343584
0.48855693178343584
0.4833413747249001
0.483774319207815
0.4787195175026376
0.4834825286715929
0.47900822753955125
0.47864193811945105
0.48855854601147364
0.48855854601147364
0.4840475473652553
0.48302732873956605
0.4850609619582675
0.4804014823056389
0.4848029042652756
0.4822732568934201
0.48291875647680815
0.48264548013607134
0.48435424459842763
0.48854952699311854
0.48854952699311854
0.48854952699311854
0.48854952699311854
0.48854952699311854
0.48297256136700434
0.48309520406185574
0.4885351011499714
0.48354954415442875
0.4829462371943483
0.48006734452855887
0.4794604055635748
0.4836606359468905
0.4885179249640368
0.4840259080958494
0.4852721182210296
0.4852919786293568
0.48354024435711546
0.48391647525990483
0.48374818535733805
0.48323436899040373
0.479950955492591
0.4830877353105537
0.4819521573438814
0.485023373312644
0.48406977515687555
0.4844185260896555
0.484166789862326
0.4884426178222512
0.4836633154458284
0.4845056867943531
0.4847982361298275
0.48459150530899997
0.4884373314967765
0.48355696473539134
0.4825769027486825
0.4837547447553457
0.4794704310023699
0.48365658098657616
0.48414622296412857
0.48346779620449465
0.4837263578328094
0.47998301534970766
0.484042634777754
0.4841150666499224
0.4855141592192778
0.47997655832772573
0.48273364136112396
0.4843980486562728
0.48421741831610715
0.48621582878793507
0.48013368044049526
0.4843461355978278
0.48021206427493435
0.47974222714957504
0.4832405485799698
0.4802997355715716
0.48017170392845077
0.48414706175289984
0.4831993558594753
0.48008885236732785
0.48363178685120367
0.4801749396085016
0.4864426260781015
0.4820788946339081
0.4846979452607544
0.48441575515011137
0.48598765867830646
0.48453161585573445
0.48452002864510474
0.48040451294191866
0.4845350896889563
0.48513536481118774
0.4805093454314194
0.48504517731933444
0.48512794987918373
0.4849418759902137
0.48547210151445014
0.4825837239469654
0.482305757469281
0.4854206607852367
0.486103176989011
0.4854399909403657
0.4847544702546422
0.4855410828490838
0.4852496195014083
0.48558478617623196
0.48506360568196555
0.4851171350032002
0.4804165572160795
0.48536546822424226
0.48532058372617526
0.48549985096639325
0.48532735308047725
0.4855275806997954
0.4845729497501797
0.48598106452519213
0.4853364676124832
0.4855052210696734
0.48552429091212435
0.4859724238200286
0.4857939454761999
0.485864299334096
0.488012172179954
0.4859287494852134
0.4811436061499391
0.48628896566093277
0.4853054933639588
0.48505087272003694
0.4860081210995306
0.48352886605447953
0.48623016290105403
0.48544811028803814
0.48605136353860545
0.4816250576652682
0.4860415538979892
0.48289452095917546
0.48617394071846054
0.4864114977683067
0.4864765429480873
0.48795642173312354
0.4819890912188585
0.482223814315772
0.4879355299434463
0.4862904133297633
0.4883736519509526
0.4891651887230573
0.48649906617220234
0.4837306853410101
0.4873432187998848
0.4819690373957186
0.4866412235256179
0.4827437942108866
0.48261897446114027
0.48274574974467055
0.48236551874121764
0.4827454245986404
0.4824958928951535
0.48287069666902094
0.4829515570902402
0.4841000265590322
0.48304100859968396
0.4830426704535472
0.4831849523542202
0.48297114309822575
0.4831539777115758
0.48655439244284643
0.48359635847934374
0.48725064097744863
0.4861752239616857
0.4839322409267952
0.48691758495358656
0.48736112219376043
0.48670386291348433
0.48678911730954155
0.48766775900652354
0.48766775900652354
0.48766775900652354
0.48766775900652354
0.48766775900652354
0.48766775900652354
0.48766775900652354
0.48766775900652354
0.4789067177766898
0.4744782786480465
0.4779447584471077
0.4752985773381042
0.4789675955645359
0.47795281103313064
0.4786979687118547
0.4784467332074134
0.48062209883792856
0.4799347102157539
0.477052439271162
0.4795402541213591
0.4805216902120955
0.4764555933919781
0.4775143360671063
0.47843693686991434
0.4844475084961073
0.4809912477491315
0.479655251032073
0.47854521993562554
0.4782326064762488
0.479621466521438
0.4795361152400181
0.48368674958260305
0.4836082105571699
0.4779691138390506
0.48074989808069907
0.4805801982945874
0.4811275498799313
0.48110693846777663
0.48080790638781556
0.48535366166545973
0.48181857856590854
0.4863606636892494
0.4808461473082418
0.48208178495325843
0.4822641144762354
0.48606662410752494
0.48182737470241405
0.4822123510510822
0.48226903081980993
0.4822904556735885
0.48224357610461716
0.48284515348204715
0.4828863080178882
0.4824170857944812
0.4835373747086748
0.48293070407815525
0.4826625695223443
0.48201163740497266
0.48273050490785957
0.483257146996711
0.4825876394127918
0.4818809578072807
0.4827705994551688
0.4826979665440161
0.4833935695492808
0.4832751498890586
0.4819871254355135
0.48421932774499254
0.4825992976796022
0.48352732229317136
0.48368069119423307
0.48293912824703045
0.4837788827203985
0.48555837503179733
0.4833286989558207
0.4877146639548816
0.4864399370703065
0.4843253761518242
0.48445442107449166
0.4838744355148128
0.484963222797273
0.48506837039053463
0.4850716104742307
0.48564568196286395
0.48494433456704217
0.48507764755783994
0.4858960665347929
0.48558319186542664
0.4857135387036722
0.48569211572317167
0.48609429076041505
0.48607299700238765
0.48651818450276346
0.4864940313810873
0.4867535220336966
0.486834140027632
0.4869417339362968
0.4869159786274494
0.48702794390228066
0.4876562154802578
0.4876562154802578
0.4876562154802578
0.4876562154802578
0.4876562154802578
0.4876562154802578
0.4876562154802578
0.4876562154802578
0.4876562154802578
0.4876562154802578
0.4876562154802578
0.4876562154802578
0.4876562154802578
0.4876562154802578
0.4876562154802578
0.4876562154802578
0.4876562154802578
0.4876562154802578
0.4876562154802578
0.4876562154802578
0.4876562154802578
0.4876562154802578
0.4876562154802578
0.4876562154802578
0.4876562154802578
0.4876562154802578
0.4876562154802578
0.4876562154802578
0.4876562154802578
0.4876562154802578
0.4876562154802578
0.4876562154802578
0.4876562154802578
0.4876562154802578
0.4876562154802578
0.4876562154802578
0.4876562154802578
0.4876562154802578
0.4876562154802578
0.4876562154802578
0.4876562154802578
0.4876562154802578
0.4805420786006729
0.48927102025185704
0.48953747555788996
0.48167429565802716
0.48070897425018166
0.47897908881659196
0.4889436914108693
0.4824621677538313
0.4838931734197399
0.47940332772386873
0.48347782598119426
0.48168271591775147
0.4778780451701107
0.4800340986206026
0.47932498132844287
0.4770092817529432
0.48054026471401234
0.4821780378602763
0.47835388648304805
0.4785110727041562
0.48073127555265566
0.48153586462620823
0.488154171577337
0.48769745877013365
0.48834438792757173
0.48838918114309154
0.48838918114309154
0.48081570179398997
0.48840980983091736
0.48253004371938935
0.4812933721851007
0.48058569885868613
0.4830845640205451
0.4789287531552168
0.4884193601274473
0.48290332043997414
0.48339313588815613
0.4814519799938008
0.4823107153905334
0.48350934077555996
0.4829053653303308
0.4818565675351588
0.4809867336966078
0.48116429056230053
0.48223601230880353
0.48276883413723587
0.4823140365511072
0.4825882587236607
0.48269723497888484
0.4818335906696425
0.48330425438169555
0.4830376090463504
0.48289630542233725
0.48230637111464025
0.48198890636234465
0.4835147048256694
0.48393137635511924
0.4822957047134934
0.4798455290821738
0.4876146410640814
0.4828772393825699
0.4877336100960575
0.4877336100960575
0.4833820909252459
0.4792607565539717
0.4877770640923136
0.4877770640923136
0.4877770640923136
0.4877770640923136
0.48345550580102276
0.48779317037438075
0.4877969997944738
0.4877969997944738
0.4877969997944738
0.4848937490618664
0.4832589636574032
0.4804950074747589
0.4878864684377963
0.4878864684377963
0.48418694261184336
0.4844909430359673
0.4804812093440627
0.4838479917886935
0.48786174086912315
0.48382284588488195
0.48357526971789594
0.4838955325680575
0.4838765424319565
0.4877275867547966
0.48465799377519525
0.48459175827784706
0.487804387737848
0.48129901078832255
0.48468798176125444
0.48479803977962
0.4814997331233397
0.48470580978084343
0.48427056418801684
0.48624663753790814
0.48030315079598684
0.4851314753080178
0.48516529843054834
0.48516388335338595
0.4853995944364865
0.4855414195682777
0.48270946249107316
0.4885109251837599
0.4835024865961749
0.48300282413668727
0.4843093186071358
0.48303734282343275
0.4835932625717948
0.48343441487638206
0.48528459663732165
0.4833435972205838
0.48578677091067196
0.48461914131743417
0.4854825794363302
0.48551111909341554
0.4855650989315842
0.48570706546119485
0.4857785042645509
0.4859881385018122
0.4860789086646663
0.4883567055921115
0.4866204302702473
0.48663398193338436
0.4866488193546971
0.48766775900652354
0.48766775900652354
0.48766775900652354
0.48766775900652354
0.48766775900652354
0.48766775900652354
0.48766775900652354
0.48766775900652354
0.48766775900652354
0.48766775900652354
0.48766775900652354
0.48766775900652354
0.48766775900652354
0.48766775900652354
0.48766775900652354
0.48766775900652354
0.48766775900652354
0.48766775900652354
0.48766775900652354
0.48966002360108163
0.4771669256359014
0.4777818167760385
0.48131974526104393
0.48892116937542623
0.48899423905231837
0.4794704620209451
0.48007311525885027
0.47504230953792353
0.4776795730014713
0.480586631840281
0.4779222706025221
0.4797396711945328
0.485380795844654
0.47651322567408294
0.4889774795544766
0.48067212853841695
0.4861906921268667
0.4781211072211992
0.4881993562752689
0.48831823941311314
0.48831823941311314
0.48831823941311314
0.48192347119039736
0.4884041085292478
0.4832572767967233
0.48382404404640056
0.478635996164355
0.484308114832128
0.478073236168884
0.479527972681245
0.4792808773711788
0.48321897432549127
0.4834810826414607
0.4842890052167141
0.47899918084109555
0.4800953350771685
0.4831784788134413
0.48990144660549706
0.4839225036062982
0.4802444130011201
0.4853107765888218
0.48469165010167126
0.48079499146280896
0.4801590703750853
0.48231689134408207
0.48347816802731497
0.4821055493960931
0.48211108817455417
0.48154263466473446
0.48122344540422507
0.48253275115505573
0.4893118444915773
0.48311721862446877
0.48373715475380596
0.48741510207832195
0.48257388895918407
0.48751739636070823
0.4875602212933047
0.4845217589533626
0.48481719368642545
0.48299328946242837
0.4860256133749711
0.4861383198995913
0.4878892403928645
0.48630260196753167
0.4849205081649054
0.48669290822814
0.48398613448130184
0.4852788090439332
0.4850062099462964
0.48549824961164284
0.48647924495627226
0.48657115892973724
0.48675449492304296
0.48766775900652354
0.48766775900652354
0.48766775900652354
0.48766775900652354
0.48766775900652354
0.48766775900652354
0.47637979007220144
0.4791144285955698
0.480965842120907
0.480030492091668
0.4887648659622424
0.4890615950367963
0.4890874078573339
0.4890874078573339
0.48158721352234196
0.48908330965941904
0.48908330965941904
0.48908330965941904
0.47775744604696035
0.48183252546918853
0.4856837106088579
0.4884789283148214
0.4884789283148214
0.47751729359848233
0.48856180625969814
0.48856180625969814
0.48856180625969814
0.4816353423763224
0.48035681557325904
0.4780915771290073
0.4801952673196007
0.47999022779962475
0.4781259616351064
0.484227138319411
0.47912972603095205
0.47834019937201877
0.47931627854555103
0.4845837509592633
0.48275544266834897
0.47915859658843907
0.4827127198577777
0.47964895925904844
0.4824657643674134
0.4811559477461453
0.48261672365431607
0.48068512329200513
0.4822114320092624
0.4832842374737411
0.4878518524215636
0.48333958344384026
0.48279974241453477
0.4879566218924442
0.4879888631892109
0.4879888631892109
0.48799544072111806
0.48423830077904967
0.4879908744925511
0.4879908744925511
0.4879908744925511
0.4879908744925511
0.4840821563003917
0.4879809761027578
0.4879809761027578
0.4879809761027578
0.4879809761027578
0.4879809761027578
0.4841074688758412
0.4879684330518221
0.4879684330518221
0.4879684330518221
0.48016047700981895
0.4879546191146685
0.4879546191146685
0.4824607011468715
0.48383831946372863
0.48373321960571686
0.4824732548082934
0.48363503109328115
0.4806152484773269
0.48794027014054814
0.48796277741352717
0.4879258076399262
0.4879258076399262
0.48064062635990346
0.48330621036725774
0.48356852072077466
0.48791147277394803
0.4837580181430051
0.48383037751524466
0.48336867522515387
0.48379775767519834
0.48092299096567537
0.48091125312440847
0.4840088897208253
0.4844608949487262
0.48090907625611173
0.48093936621107297
0.4882077229141156
0.48336695482676933
0.4810844411567992
0.48513147475778334
0.48849433650214613
0.48674741462698473
0.4817587633299474
0.4851631788877824
0.4820804914734351
0.48837851202728777
0.4851508417708756
0.4819180051409112
0.4854081275471028
0.48518863527015316
0.48816258435810317
0.4820162734722809
0.48203600891372916
0.48539821676619666
0.48541034795633264
0.4852241397881512
0.48538783960615806
0.482267943755387
0.48543442367486644
0.48237635530977196
0.488431656362259
0.4859168114538219
0.48309635957075664
0.4859889153050689
0.4832963720528127
0.4886020435823835
0.4886768089899639
0.4835121314432917
0.48873413727728005
0.48896393012632894
0.4838986797383997
0.48843692678929695
0.48869081900403777
0.48829829670709063
0.4883267782371798
0.48525760747789853
0.48558793566655334
0.48766775900652354
0.48766775900652354
0.48766775900652354
0.48766775900652354
0.48766775900652354
0.48766775900652354
0.48766775900652354
0.48766775900652354
0.48766775900652354
0.48766775900652354
0.48766775900652354
0.48766775900652354
0.48766775900652354
0.48766775900652354
0.48035504347447655
0.4783006559027894
0.47797797163028655
0.4830651309821748
0.4796410522925857
0.480623376866763
0.48228855008557153
0.4814969276678387
0.48282292452334036
0.48353060756635796
0.4901902246350823
0.48320755746532323
0.48963129412532364
0.4896836577315464
0.4896836577315464
0.4818318038010811
0.4775984588923439
0.48970192964474024
0.489693110067633
0.4819897345551933
0.48047877006218676
0.4783464251401128
0.4816985346005621
0.48256938349652434
0.48020502450376407
0.4822595347019013
0.4818369365334319
0.4810513980228868
0.4824104882911782
0.481388720844731
0.4784439603972343
0.4813994051077153
0.4821083258430568
0.47962370305927565
0.48106740681743154
0.48138066334433866
0.48364809154140176
0.4813881966910588
0.48578707377673824
0.4797558652662061
0.48216985056508715
0.48187620304693884
0.47911828345097
0.47966120569315696
0.48393241666410103
0.4817866578966429
0.48325758958550696
0.4896883975738593
0.4841793267116795
0.483224659679476
0.4850013830776234
0.4789515096016417
0.47943906024113797
0.4840105876207923
0.481973119547462
0.4820860353820864
0.4802497638106014
0.4890091641721478
0.4812957061089021
0.48230564412374494
0.4804879954809385
0.483317869738393
0.4890152035969972
0.48183591303875567
0.4801306834653757
0.4890097282366156
0.4803267903321119
0.4822384656034862
0.48155232317739005
0.48390565747815567
0.48026496057709916
0.48262282763451714
0.4835812924556079
0.48898340259025214
0.48396968579885763
0.48504175844378095
0.4822983392528776
0.4858727907112255
0.4843726169109427
0.4856189359891409
0.4803709096090744
0.4809231861956447
0.482290018241341
0.48343904699886087
0.48331350335761547
0.4865061850124834
0.48262780035500463
0.48299653014122995
0.4851042087667165
0.4821929593760638
0.48536685356752785
0.4829282036673766
0.4811974544457627
0.4809042360897837
0.4813258112499926
0.4883147205867094
0.48161489254939327
0.4845203936631874
0.48130798588253043
0.4816204837816554
0.4818013955356332
0.4852926320095341
0.4895253979812322
0.48176704154921174
0.4820001702624311
0.48333148622786587
0.48302999061445107
0.48179929815288014
0.4815830653079904
0.4842354464431773
0.48337522933093907
0.48166372566202487
0.4822834297568608
0.48226543800191163
0.4845745879806814
0.482550907938973
0.48194952923291207
0.48242207506516976
0.48269083482643577
0.4848981401868014
0.48296585977284523
0.48505618329464417
0.48440369571410924
0.4881004612209791
0.48540751819763167
0.4836116668082459
0.4880364296828835
0.48506392521863984
0.486467255493734
0.4855395514420973
0.48814463501116984
0.48766775900652354
0.48766775900652354
0.48766775900652354
0.48766775900652354
0.48992469664797444
0.47934799133461525
0.4777467851001937
0.47994337357782113
0.4759771004823387
0.4794776271022901
0.48033810127448595
0.48927000635551
0.4778554432552909
0.47815096242026783
0.4819910836475571
0.4787731971921487
0.48060310427185676
0.4773967358137431
0.4827709203972415
0.481784820722462
0.48132608012032685
0.4775891210420641
0.4787603527847158
0.4809374462330481
0.4814674568761802
0.48260555265855004
0.480063720589215
0.4777963019182846
0.4820619405094284
0.4842633574982117
0.4816596712237891
0.48846494029718796
0.4805568623911406
0.48273093901785463
0.4837293175385881
0.48296445847084707
0.4800310947895941
0.4790343648036869
0.47954067667523415
0.4815343033725541
0.479656718187728
0.4795930539114004
0.4794101050756464
0.48256845162708073
0.48119742221766765
0.48070718570091686
0.4804986272169996
0.48119885004090185
0.4830601520555468
0.48135659923503343
0.48135877487609496
0.48065810733005465
0.4815428651868043
0.482338526893392
0.48105184576916754
0.4813437832734266
0.48213887364305524
0.48257475547618567
0.48176267313757193
0.48226144669811616
0.48095981484126565
0.48235849952956594
0.4823434054929938
0.47963590356320596
0.4826989390178495
0.48242633389681494
0.4810136486929286
0.47985265114839004
0.48244147122249903
0.48190483138663903
0.48272641198182586
0.481700228455086
0.48271868525484957
0.4826262081394079
0.4824913169969953
0.4834667358098445
0.4820070690357391
0.48849377551185164
0.4832486712610578
0.48233268303538845
0.4825156846662188
0.4821736378504493
0.48095687586142577
0.4818795312291409
0.48208162960207057
0.4820310379755996
0.48301442991723487
0.4828516038269787
0.4826992039297114
0.4800665641140683
0.4837079159212373
0.48286496723768585
0.4820241929826063
0.4824967042652659
0.4830598783183173
0.4830610706037296
0.48332984599236983
0.48279668963113753
0.48292803579014204
0.48385354572993516
0.48283709381430034
0.48363552901732165
0.48283332007558327
0.48242706968325505
0.48327615489817616
0.4877060836867766
0.48326219702176015
0.48782790329693404
0.48782790329693404
0.48782790329693404
0.48385026483549376
0.483640442386644
0.48375452566294813
0.4841629508795664
0.48325246362559593
0.48786789383371
0.48384457875008235
0.48316046828853326
0.48106572232496914
0.4811733581791362
0.4881620267935651
0.4810951774262466
0.4878783233397233
0.4878783233397233
0.4878783233397233
0.4878783233397233
0.4878783233397233
0.4878783233397233
0.4835588226694499
0.4834901360646575
0.4835408294497704
0.48787564656133936
0.48298006003089206
0.48407282335834945
0.4841059520908508
0.48088563933452505
0.48263292930683205
0.48124359499264174
0.48380752535763516
0.4815632643636499
0.4814505361752737
0.48129929152328543
0.4878251725754369
0.4878251725754369
0.4878251725754369
0.4842026193088811
0.4835830376892427
0.4813418801122927
0.48385265200324373
0.4840614610906001
0.48781232433441357
0.48419462144844505
0.48375266011066104
0.4840936586000268
0.48424297616045614
0.48131143513638247
0.4819906179571494
0.4877091239159065
0.4838861096116908
0.4821971400243551
0.48434760876154287
0.4848948685173213
0.4845923494681944
0.48208480015738747
0.4825455608229658
0.48246148655283666
0.48225658450830305
0.48275222452413463
0.483174364973972
0.4833768011804946
0.48344501865886186
0.4836497863611931
0.4837341981702621
0.4836896222301672
0.4837680059991355
0.48417303113094673
0.4845462472728044
0.48681118143941116
0.4879617695101933
0.48618294777556736
0.48636109659296745
0.48766775900652354
0.48766775900652354
0.48766775900652354
0.48766775900652354
0.48766775900652354
0.48766775900652354
0.48766775900652354
0.475818972063081
0.4764980372496125
0.47713895943571516
0.4822855962413094
0.47772196674541406
0.47793186514108965
0.47823256734827885
0.481494680018515
0.4803514969740181
0.4791421546668912
0.47763443897426516
0.4797926318900061
0.4790054866405143
0.47992148905102927
0.4813883076843727
0.4871350061852607
0.47711810722714126
0.4873594602363785
0.4873594602363785
0.4810644772153387
0.47721156471674736
0.48108774423474
0.48114135762870797
0.4874468709763019
0.4874371345934222
0.4874371345934222
0.48741444482484775
0.48741444482484775
0.487384741639444
0.48066453829156525
0.48134046748761944
0.48151539573356605
0.4815359138338091
0.4816700202413353
0.48280948398931384
0.47807883504938176
0.47894220510648605
0.4769369863411413
0.47891256140961147
0.48239911649587613
0.48323749090937834
0.48034851807166873
0.4799020676957072
0.48061709537669794
0.4793605052801055
0.48068411106806974
0.48067904422303404
0.48073945490878317
0.48100656148863746
0.4811369711912396
0.48123127393626297
0.48128142191743345
0.48146995400986126
0.4886035924063995
0.48170818349054617
0.48469087443128417
0.4859921943210865
0.48766775900652354
0.48766775900652354
0.48766775900652354
0.48766775900652354
0.48766775900652354
0.48766775900652354
0.48766775900652354
0.48766775900652354
0.48766775900652354
0.48766775900652354
0.48766775900652354
0.48766775900652354
0.48766775900652354
0.48766775900652354
0.48766775900652354
0.48766775900652354
0.48766775900652354
0.48766775900652354
0.48766775900652354
0.48766775900652354
0.48766775900652354
0.48766775900652354
0.48766775900652354
