4.33272123336792
0.9703845977783203
-0.047611020505428314
3.52215313911438
-0.7538167834281921
3.1981124877929688
1.9862637519836426
1.9823741912841797
0.5179986953735352
1.3804887533187866
1.691157341003418
2.13822603225708
0.2588474452495575
2.0276710987091064
1.659259557723999
2.4201362133026123
4.138889312744141
3.629621982574463
-0.5604255199432373
0.9563870429992676
3.122025966644287
1.1996452808380127
1.6329247951507568
2.109337091445923
2.2422378063201904
0.7446677088737488
-0.21471212804317474
-0.9507767558097839
0.6244782209396362
-0.8273964524269104
1.178162932395935
3.4286999702453613
1.4012031555175781
-0.24417300522327423
2.3884592056274414
2.1781439781188965
0.3770048916339874
0.006521235220134258
2.0019757747650146
0.43030211329460144
0.9206118583679199
0.2791658937931061
-0.538707435131073
-0.3271997570991516
-1.13273024559021
3.032012939453125
1.3267171382904053
0.2584235668182373
-0.49389660358428955
-1.1271743774414062
0.11505534499883652
-2.21930193901062
2.595992088317871
1.5965790748596191
-1.368354082107544
-1.0823715925216675
0.4381093382835388
0.16403447091579437
0.45673608779907227
-0.340913861989975
-0.9335296750068665
-0.56996089220047
2.296051263809204
-0.013367673382163048
0.32632723450660706
1.819275975227356
1.080148458480835
-1.343178629875183
0.7749441266059875
-1.3737338781356812
0.4574049711227417
-0.14752720296382904
-0.7794923782348633
0.7739112377166748
-2.8191397190093994
-1.8988332748413086
1.8244209289550781
-1.5823110342025757
0.0323590412735939
3.1563172340393066
1.867219090461731
-1.0247454643249512
-0.8621734976768494
-0.3315330147743225
-1.1632981300354004
-0.4519582688808441
-0.18591292202472687
-0.12576481699943542
-2.3670101165771484
0.9343910813331604
-0.34198662638664246
-0.2367437481880188
-1.3006826639175415
-1.1066181659698486
0.4741421341896057
-1.236666202545166
-1.236878514289856
0.5340761542320251
-0.7058444023132324
0.2127172201871872
-0.0038324296474456787
0.33809003233909607
0.8089459538459778
0.4830324649810791
-0.37876325845718384
-1.8601901531219482
0.37083306908607483
1.0246368646621704
-1.5662654638290405
-0.4415752589702606
-0.6761488318443298
-0.4964471757411957
1.6884446144104004
-3.005366325378418
-0.2635524868965149
0.156358003616333
0.3769756853580475
1.6652953624725342
2.799011468887329
1.373549461364746
0.8879938721656799
0.33042046427726746
-0.487061470746994
1.5437076091766357
0.34533900022506714
-1.1540451049804688
-0.6256354451179504
1.4440256357192993
-1.1416211128234863
0.9959521293640137
-0.5536450743675232
0.2244415581226349
-0.7065607905387878
0.696649432182312
-1.3737534284591675
0.3659374415874481
-1.014769196510315
-0.4659869968891144
-0.7073437571525574
0.604729413986206
1.1283268928527832
0.017648957669734955
-0.5972647666931152
-0.28713029623031616
-1.0212324857711792
-0.35400858521461487
-1.2314918041229248
-1.7661172151565552
-2.485854148864746
-0.9260619878768921
-0.6866750717163086
-0.4752626121044159
-0.7957265973091125
-1.1594431400299072
-0.019632112234830856
-1.0963393449783325
-0.10309075564146042
-0.576309859752655
-2.131584882736206
0.08161892741918564
-0.06623785942792892
-0.9729803800582886
0.3561726212501526
-0.24644707143306732
0.13182510435581207
-0.3175632655620575
-1.328939437866211
-1.9785414934158325
-1.0653990507125854
-0.8257014155387878
-1.5255131721496582
-0.02541455626487732
-1.5731031894683838
-0.6062189340591431
-1.6016342639923096
-2.0499637126922607
-1.0123578310012817
-1.0435446500778198
-1.0442049503326416
-1.4525338411331177
-1.263464093208313
-1.3157837390899658
-1.3941317796707153
0.9515402913093567
-1.7462302446365356
-1.4543309211730957
-2.5205981731414795
-0.23300553858280182
-1.695899248123169
-1.2267519235610962
-0.9060267210006714
-1.3592214584350586
-1.335209846496582
-2.3435795307159424
-2.319495677947998
-2.375528335571289
-1.9624791145324707
-1.9714634418487549
-1.242810606956482
-1.9576183557510376
-0.8879091143608093
-0.9465526938438416
-1.127975344657898
-1.2621185779571533
-1.044772744178772
2.4948859214782715
-0.3480533957481384
2.5497207641601562
1.6104483604431152
0.3137762248516083
-1.2062432765960693
2.5936989784240723
2.5936989784240723
2.5936989784240723
2.5936989784240723
2.5936989784240723
2.260014057159424
3.9391777515411377
-0.9868873357772827
-1.402395248413086
-1.8268409967422485
-1.439954400062561
-3.1644511222839355
-2.393256187438965
-2.4085090160369873
1.2535290718078613
-1.285284399986267
-2.4985973834991455
-4.228554725646973
-3.704817533493042
-3.285569429397583
-2.59482479095459
-2.356060028076172
-2.4672727584838867
-2.202094316482544
-3.9270882606506348
-3.183840274810791
-3.914135456085205
-3.630586624145508
-3.3967344760894775
-3.4709360599517822
-2.2137417793273926
-3.420971393585205
-3.435228109359741
-2.8743607997894287
-1.8997467756271362
-1.1391671895980835
-1.4902129173278809
-0.567467451095581
-0.8528816103935242
-1.4053528308868408
-1.4053528308868408
-1.4053528308868408
-1.4053528308868408
-1.4053528308868408
-1.4053528308868408
-1.4053528308868408
-1.4053528308868408
-1.4053528308868408
-1.4053528308868408
-1.4053528308868408
-1.4053528308868408
-1.4053528308868408
-1.4053528308868408
-1.4053528308868408
-1.4053528308868408
-1.4053528308868408
-1.4053528308868408
-0.499243825674057
0.351978063583374
0.37536323070526123
-3.9084713459014893
2.0329220294952393
1.6700280904769897
2.45145845413208
1.3687520027160645
-1.5990960597991943
1.8474949598312378
1.9757895469665527
-1.4959056377410889
0.11637219786643982
1.025251865386963
-0.3344382345676422
-0.7622739672660828
-1.526505947113037
-1.20919668674469
-0.567375898361206
-1.3493949174880981
-1.2993459701538086
-1.5122296810150146
-0.9938600063323975
-0.8164839744567871
-1.208951473236084
-1.3935487270355225
-1.8006712198257446
-1.711957573890686
-1.4789305925369263
-0.6991627812385559
-2.4431467056274414
-1.4053528308868408
-1.4053528308868408
-1.4053528308868408
-1.4053528308868408
-1.4053528308868408
-1.4053528308868408
-1.4053528308868408
-1.4053528308868408
-1.4053528308868408
-1.4053528308868408
1.8498038053512573
2.7046008110046387
1.8018718957901
0.1590721309185028
0.884229302406311
1.7507597208023071
1.2026269435882568
2.085327386856079
1.3519376516342163
3.2866222858428955
2.4304935932159424
-0.4619779884815216
0.5666481256484985
1.8136963844299316
0.30168959498405457
-1.2067997455596924
-1.7607691287994385
-2.3814661502838135
-0.16102616488933563
-0.3556557297706604
-0.9383357763290405
-2.3298420906066895
-3.339195966720581
-3.318235397338867
-1.0114423036575317
-2.4759361743927
-1.5999096632003784
-2.0992045402526855
-2.205965757369995
-1.7629700899124146
-2.1635899543762207
-1.7663910388946533
-2.242164373397827
-1.7692981958389282
0.31043198704719543
-2.8816184997558594
-2.56636643409729
-2.9434053897857666
-2.0956342220306396
-2.4312148094177246
-2.649627923965454
-2.780491352081299
-1.4053528308868408
-1.4053528308868408
-1.4053528308868408
-1.4053528308868408
-1.4053528308868408
-1.4053528308868408
-1.4053528308868408
-1.4053528308868408
-1.4053528308868408
-1.4053528308868408
-1.4053528308868408
-1.4053528308868408
1.0193554162979126
3.9610283374786377
3.268730401992798
2.7416069507598877
2.730473756790161
4.697082042694092
1.901366949081421
0.02272062376141548
0.02272062376141548
2.595799446105957
0.674055814743042
0.674055814743042
0.674055814743042
2.330662488937378
0.20167018473148346
0.20167018473148346
0.34250161051750183
3.1808252334594727
2.5708348751068115
3.1432464122772217
-2.2301933765411377
-1.7524168491363525
3.193726062774658
2.067075252532959
3.069932460784912
3.0698137283325195
2.14170503616333
-1.0736020803451538
-3.489570379257202
1.6077431440353394
-2.938783645629883
-1.4701075553894043
-2.6076602935791016
-2.0396034717559814
-0.4064590334892273
-0.3314381241798401
0.43313130736351013
0.5060771107673645
-0.06708695739507675
-1.1880236864089966
-1.2915575504302979
-0.9368195533752441
0.22810004651546478
2.719511032104492
-2.3265583515167236
-2.4297802448272705
-2.5782299041748047
-2.1402742862701416
-0.12335626780986786
-2.4876086711883545
-1.3402249813079834
-0.6029631495475769
-0.5813971161842346
0.7702087163925171
-0.4172336757183075
-1.8680284023284912
0.8525094389915466
-1.2992063760757446
0.8131118416786194
1.3780949115753174
-0.26273414492607117
-0.9768298268318176
-1.0227510929107666
-0.22029773890972137
0.3492419421672821
-1.0426150560379028
-1.4321565628051758
-1.4321565628051758
-1.4053528308868408
-1.4053528308868408
-1.4053528308868408
-1.4053528308868408
-1.4053528308868408
-1.4053528308868408
-1.4053528308868408
-1.4053528308868408
-1.4053528308868408
-1.4053528308868408
-1.4053528308868408
-1.4053528308868408
-1.4053528308868408
-1.4053528308868408
-1.4053528308868408
-2.554210901260376
2.2363853454589844
-0.3825395405292511
1.11814284324646
0.844691812992096
0.5454758405685425
0.12285050749778748
2.483436346054077
0.3347179889678955
0.3347179889678955
2.01255202293396
1.0067150592803955
0.6395734548568726
2.0691006183624268
0.9430965781211853
1.4018528461456299
2.29768705368042
1.6338940858840942
-0.7578127384185791
0.39446914196014404
0.39446914196014404
2.7127254009246826
0.761951744556427
0.46895477175712585
2.1898365020751953
1.0891847610473633
0.24484355747699738
0.6165915131568909
2.799793243408203
-0.1789158284664154
-1.059030532836914
0.25581252574920654
1.372332215309143
0.6858010292053223
0.23499804735183716
0.1679200679063797
1.8545289039611816
0.29609414935112
1.3289406299591064
1.3420792818069458
1.089507818222046
1.6865628957748413
2.180708646774292
-0.8041052222251892
0.28299152851104736
-1.8342082500457764
2.2550723552703857
1.1931177377700806
1.679002285003662
0.04834390804171562
1.998303771018982
1.1904761791229248
2.399812698364258
1.7297717332839966
-0.12424483895301819
1.0797585248947144
2.042022228240967
1.6231870651245117
1.6231870651245117
1.6231870651245117
0.9984604716300964
-0.20097467303276062
1.6224111318588257
0.640718936920166
1.5432872772216797
0.2362535446882248
3.201416254043579
0.942595899105072
0.942595899105072
0.942595899105072
-0.5702128410339355
0.1142054870724678
1.2025948762893677
1.4887378215789795
1.2436366081237793
1.2436366081237793
1.2436366081237793
1.2436366081237793
1.2436366081237793
1.2436366081237793
1.035722017288208
1.2503223419189453
0.751747190952301
0.751747190952301
0.751747190952301
0.751747190952301
0.43142789602279663
1.2233493328094482
-1.1625834703445435
-0.9108855724334717
0.9793552160263062
1.165481448173523
0.7445002794265747
-1.1096476316452026
-1.1096476316452026
-1.1096476316452026
-0.2895727753639221
0.19686302542686462
1.7018293142318726
-0.14649264514446259
0.05058044567704201
-0.14649264514446259
1.335490345954895
0.35392481088638306
0.6742958426475525
-0.16957338154315948
1.421742558479309
0.6199588775634766
0.6199588775634766
0.6199588775634766
-0.10258127748966217
-0.5439789295196533
-0.3629889488220215
0.5626620650291443
-0.5651096105575562
1.2485253810882568
0.24955256283283234
-0.5336122512817383
-0.6707435250282288
0.8329921960830688
-0.8613167405128479
0.2895316183567047
0.8845414519309998
0.20167578756809235
-1.3760100603103638
1.046013593673706
-1.8156596422195435
-0.6926304697990417
0.06025943532586098
1.4581732749938965
0.3966878652572632
-2.306335926055908
0.5266621112823486
0.019082864746451378
-0.019034655764698982
-1.3298085927963257
2.503817558288574
-0.35300198197364807
-0.6716622710227966
-1.5595383644104004
0.025040267035365105
-0.27898168563842773
-0.327620267868042
-1.4231549501419067
1.2321299314498901
0.3102859556674957
0.05482170358300209
-1.1225063800811768
-0.8923463821411133
-0.12653493881225586
-0.24017934501171112
0.10508488118648529
-0.4827748239040375
-1.472061038017273
0.6244499683380127
0.3602016866207123
-0.7586671710014343
0.88326495885849
0.2027585208415985
-1.167391300201416
0.39718493819236755
-1.2243165969848633
0.15330436825752258
0.14007021486759186
0.4436551630496979
-1.9328275918960571
0.44073283672332764
0.04451261833310127
1.1766737699508667
0.3706669211387634
-0.25639864802360535
-0.21860629320144653
0.2892085015773773
-1.8953149318695068
0.08447404205799103
-0.9648457765579224
-1.5862303972244263
-0.29389601945877075
-0.29389601945877075
-0.29389601945877075
-0.8031575679779053
-1.2346115112304688
0.17639219760894775
0.2917186915874481
0.2917186915874481
0.2917186915874481
-0.3105636537075043
-0.11368374526500702
0.2883446514606476
-0.7917473912239075
0.31828778982162476
0.31828778982162476
0.2367798537015915
-0.24548470973968506
-0.05451041832566261
-0.7387751936912537
0.7264233231544495
0.7264233231544495
0.7264233231544495
0.5022545456886292
0.580339252948761
-0.17923180758953094
-1.1245924234390259
-0.773209273815155
0.6693904399871826
-1.5700348615646362
-0.6028105020523071
0.8469117879867554
-2.4505505561828613
-1.9281303882598877
-0.6930254697799683
-0.34962838888168335
-1.619972825050354
-1.6430447101593018
-1.7431925535202026
-0.9781717658042908
-1.111851692199707
-0.40412411093711853
0.19055238366127014
-0.911766529083252
-1.9557621479034424
-1.1172215938568115
-0.9450564384460449
1.339966893196106
-1.4724806547164917
-0.04014518857002258
0.3011360466480255
1.9120569229125977
-0.12290100753307343
-0.5524214506149292
-0.9068426489830017
0.05072024464607239
-0.4633645713329315
-0.5775262713432312
-1.242366075515747
1.5195692777633667
-1.4955503940582275
-1.059585452079773
-0.9623039364814758
-1.5821613073349
-1.1832547187805176
-1.3624117374420166
-1.8014711141586304
-2.9910364151000977
-1.25095796585083
-1.9791632890701294
-1.6735416650772095
-1.0249149799346924
-2.1272165775299072
-1.889122486114502
-0.3480961322784424
-1.5481798648834229
0.44702252745628357
0.023079663515090942
-1.4321565628051758
-1.4053528308868408
-1.4053528308868408
-1.4053528308868408
-1.4053528308868408
-1.4053528308868408
-1.4053528308868408
-1.4053528308868408
-1.4053528308868408
-1.4053528308868408
-1.4053528308868408
-1.4053528308868408
-1.4053528308868408
-1.4053528308868408
1.48735511302948
1.370924472808838
2.3547439575195312
-0.8566168546676636
0.48421359062194824
0.20036157965660095
1.2415765523910522
-0.5112332701683044
-1.1654530763626099
1.5588104724884033
-2.234334707260132
-0.1569242775440216
-1.0519031286239624
-0.9969457387924194
-0.4781337082386017
-0.7943287491798401
-0.45161429047584534
-0.8060063719749451
-0.9012016654014587
0.5411399006843567
-2.153069496154785
-1.290138840675354
-1.6803185939788818
-1.5242526531219482
-2.7960610389709473
-0.7963572144508362
-2.1166577339172363
-3.6007378101348877
-2.5267226696014404
-2.572103977203369
-2.2200238704681396
-2.2398598194122314
-2.658137798309326
-2.3057191371917725
-2.7831037044525146
-2.6781909465789795
-2.4028103351593018
-2.746440887451172
-2.7721707820892334
-1.039718747138977
-2.7819461822509766
-3.0757954120635986
-1.4053528308868408
-1.4053528308868408
-1.4053528308868408
-1.4053528308868408
-1.4053528308868408
-1.4053528308868408
-1.4053528308868408
-1.4053528308868408
-1.4053528308868408
-1.4053528308868408
-1.4053528308868408
-1.4053528308868408
-1.4053528308868408
-1.4053528308868408
-1.4053528308868408
-1.4053528308868408
-1.4053528308868408
-1.4053528308868408
-1.4053528308868408
-1.4053528308868408
-1.4053528308868408
-1.4053528308868408
-1.4053528308868408
-1.4053528308868408
-1.4053528308868408
-1.4053528308868408
-1.4053528308868408
-1.4053528308868408
-1.4053528308868408
-1.4053528308868408
-1.4053528308868408
-1.4053528308868408
-1.4053528308868408
-1.4053528308868408
-1.4053528308868408
-1.4053528308868408
-1.4053528308868408
-1.4053528308868408
-1.4053528308868408
-1.4053528308868408
-1.4053528308868408
-1.4053528308868408
-1.4053528308868408
-1.4053528308868408
-1.4053528308868408
-1.4053528308868408
-1.4053528308868408
-1.4053528308868408
-1.4053528308868408
-1.4053528308868408
-1.4053528308868408
-1.4053528308868408
-1.4053528308868408
-1.4053528308868408
-1.4053528308868408
-1.4053528308868408
-1.4053528308868408
-1.4053528308868408
-1.4053528308868408
-1.4053528308868408
-1.4053528308868408
-1.4053528308868408
-1.4053528308868408
-1.4053528308868408
-1.4053528308868408
3.4209587574005127
-0.5859568119049072
2.2611827850341797
2.7066256999969482
1.6543959379196167
-0.8371236324310303
0.893997311592102
-1.5324366092681885
2.827923536300659
-0.5364137887954712
1.1845741271972656
0.6089833378791809
0.14107227325439453
1.2643524408340454
2.0127265453338623
1.1823604106903076
-0.8782347440719604
-0.4322926700115204
0.45469945669174194
1.5296809673309326
-0.8290435671806335
-0.9641062617301941
0.9550938010215759
0.02495439723134041
-0.08624552190303802
-0.4082133173942566
0.24853520095348358
0.1117808073759079
-0.008350168354809284
-1.2445663213729858
-0.10534518957138062
-0.9726532697677612
-1.5358750820159912
-0.4312610924243927
-0.9302610754966736
-1.4105000495910645
-0.5702254772186279
0.5046164989471436
0.23393818736076355
-0.060418155044317245
-1.5783560276031494
-1.9565671682357788
-0.8676684498786926
-1.3157305717468262
-1.8297022581100464
-2.028719663619995
-0.8355696797370911
-0.932184636592865
-1.7499854564666748
-0.44172927737236023
-1.8123608827590942
-3.1341567039489746
-1.9231770038604736
-2.6572694778442383
-1.7141813039779663
-1.3032960891723633
-0.5456395745277405
-1.9744378328323364
-3.0106496810913086
-2.4212939739227295
-2.42868709564209
-1.5461708307266235
-0.8428342342376709
-1.7450757026672363
-1.5295722484588623
-1.3083958625793457
-1.2418869733810425
-1.8830558061599731
-2.1507155895233154
-1.2672200202941895
-1.454267978668213
-1.476685881614685
-1.0818151235580444
-1.625366449356079
-1.625366449356079
-1.625366449356079
-1.625366449356079
-1.2184211015701294
-0.9130106568336487
-0.9130106568336487
-2.120929718017578
-1.5124211311340332
-1.5124211311340332
-2.066392183303833
-0.8028755187988281
-0.8028755187988281
-1.1776559352874756
0.38234424591064453
-2.088087797164917
-1.53787100315094
-2.10365629196167
-1.7572115659713745
-2.1619536876678467
-1.6265372037887573
0.22630247473716736
-2.1099677085876465
-0.8026446104049683
-2.1857967376708984
-0.2516869008541107
-1.287410020828247
-1.2962749004364014
-0.5678397417068481
-1.7148805856704712
-1.7848114967346191
0.2198309451341629
-1.8875727653503418
-0.19033776223659515
-2.3644142150878906
-0.5017862915992737
-2.115671396255493
-0.5472521781921387
-0.9915027618408203
-2.0189521312713623
-1.9948042631149292
-1.676666498184204
-1.9884963035583496
-1.4418563842773438
-2.6516716480255127
0.0189613439142704
0.32687142491340637
-1.835781216621399
-1.502328872680664
0.2208995521068573
0.029263025149703026
-1.9129745960235596
0.36439865827560425
-1.757775068283081
-1.3538968563079834
0.22113037109375
-1.4538782835006714
-2.33713436126709
-1.6159776449203491
-0.8544270396232605
-1.6984822750091553
-2.620802402496338
-1.1553829908370972
-1.6566834449768066
-1.8357722759246826
-1.7261967658996582
-1.979070782661438
0.8634354472160339
-0.12644796073436737
-1.7704135179519653
-1.700926661491394
-1.7339708805084229
-1.9661792516708374
-1.8975205421447754
-1.2260384559631348
-2.16886830329895
-0.894102931022644
-2.561919689178467
-1.9876806735992432
-1.4568536281585693
-2.6238996982574463
-1.8060271739959717
-1.4053528308868408
-1.4053528308868408
-1.4053528308868408
-1.4053528308868408
-1.4053528308868408
-1.4053528308868408
-1.4053528308868408
-1.4053528308868408
-1.4053528308868408
-1.4053528308868408
-1.4053528308868408
-1.4053528308868408
-1.4053528308868408
-1.4053528308868408
-1.4053528308868408
-1.4053528308868408
-1.4053528308868408
-1.4053528308868408
-1.4053528308868408
3.0021402835845947
1.3760474920272827
2.9634499549865723
1.1922399997711182
1.467549443244934
1.6423583030700684
-0.2947319746017456
-0.5014083981513977
0.22635504603385925
1.95339834690094
0.17661257088184357
1.0608588457107544
1.520972490310669
3.4955101013183594
-2.2050838470458984
2.405141592025757
-1.4678453207015991
0.7631629109382629
1.9507966041564941
-0.30842143297195435
0.14512601494789124
0.06646641343832016
-0.8180714249610901
-0.08025738596916199
-0.14212331175804138
-0.2812386453151703
-1.1257983446121216
-1.9379730224609375
-1.783189058303833
-1.6242997646331787
-2.139737129211426
-1.5759614706039429
-2.8044424057006836
-0.9050385355949402
-0.5251160860061646
-1.6605916023254395
-1.4607810974121094
0.46655184030532837
-2.878166913986206
-2.0017101764678955
0.836086094379425
-2.18698787689209
-1.9231256246566772
1.5401350259780884
3.9159820079803467
-0.17887018620967865
-1.8470128774642944
-1.859613060951233
-0.6255848407745361
-2.144158124923706
-1.6460267305374146
-2.7317214012145996
2.3497681617736816
-1.3031609058380127
-3.4240150451660156
-1.9718815088272095
-1.7070633172988892
1.2576751708984375
-1.4055640697479248
0.8773096799850464
-0.22721563279628754
-1.6561061143875122
-2.0005810260772705
0.36565425992012024
-0.5748292803764343
-2.5329461097717285
0.19903379678726196
-1.678280234336853
-1.489320158958435
-1.7423080205917358
-2.537607431411743
-2.7568140029907227
-1.6335407495498657
0.08687132596969604
-0.4393443167209625
-2.101012945175171
1.0578126907348633
-0.7234583497047424
-1.6851681470870972
-1.4644609689712524
-1.4758414030075073
-0.7955586314201355
-1.453605055809021
-1.8073275089263916
-3.2903249263763428
-2.351311445236206
-1.4186794757843018
-0.7685452699661255
-0.772442102432251
-2.105132818222046
-2.9889025688171387
-1.6177810430526733
-1.7940245866775513
-1.861619234085083
-1.6438547372817993
-2.0082547664642334
-2.4074342250823975
-1.4249225854873657
-0.9320971965789795
-0.6859593391418457
-2.1274263858795166
-2.1897480487823486
-2.533418655395508
-2.6899876594543457
-0.26793816685676575
-2.113037347793579
-1.8637208938598633
-3.2354984283447266
-1.682416558265686
-3.536783456802368
-2.915949583053589
-1.3372856378555298
-1.5034584999084473
-2.5192503929138184
-2.102872133255005
-0.9292182326316833
-1.1253331899642944
-1.7595188617706299
-1.8360702991485596
-0.37206828594207764
-1.125065565109253
-1.7581396102905273
1.6992970705032349
-1.9035084247589111
0.7166215181350708
1.3984774351119995
-1.4238072633743286
-1.9509090185165405
-1.9610122442245483
-1.8731001615524292
-1.2857471704483032
-1.973958969116211
-2.229633331298828
-0.15552693605422974
-1.2649883031845093
-0.7673352360725403
-2.4540154933929443
0.3031231462955475
-0.06307531893253326
-0.40605536103248596
-0.32867518067359924
-0.5277612209320068
-0.5277612209320068
-1.4250458478927612
-0.798450231552124
-0.798450231552124
-1.4321565628051758
-1.4053528308868408
-1.4053528308868408
-1.4053528308868408
3.1198461055755615
1.5267282724380493
3.149515151977539
-1.3572314977645874
0.5877795219421387
3.531315326690674
0.4467950761318207
0.3541001081466675
-2.03151273727417
-1.0393476486206055
-0.6053686738014221
-0.054225943982601166
-1.7203806638717651
-0.20809419453144073
-0.8576998710632324
-0.6333478093147278
-0.541524350643158
-1.5936272144317627
-1.6549901962280273
3.4333064556121826
0.14888042211532593
2.81080961227417
-1.8103346824645996
-2.289008378982544
-0.0483013316988945
-1.4639310836791992
-2.1599209308624268
-1.598409652709961
-1.445428729057312
-0.6616536378860474
-1.143267273902893
-1.0822738409042358
1.0722748041152954
-0.4761880040168762
-2.1268815994262695
-1.7188148498535156
-1.3222668170928955
-1.8355196714401245
-2.3115639686584473
-0.9346749186515808
-0.6492418646812439
-0.5206092000007629
-1.2466011047363281
-0.8882841467857361
-1.8326307535171509
-2.321848154067993
-2.2545909881591797
-3.011611223220825
-0.07318711280822754
-1.1212165355682373
-1.8363566398620605
-0.9156491756439209
-1.1013762950897217
-2.317005157470703
0.21832264959812164
-1.4473962783813477
-1.1299288272857666
-1.5246837139129639
-2.6370627880096436
-0.9659303426742554
-0.7718746662139893
-1.3684985637664795
-1.0823922157287598
-0.814414918422699
-1.9760453701019287
-0.4187547266483307
-0.8598259091377258
-1.2102806568145752
-0.991061270236969
-0.714978039264679
-1.376357078552246
0.1674119085073471
-3.2632265090942383
-1.7314846515655518
-1.6632277965545654
-1.8640708923339844
-0.7669264078140259
-1.6814296245574951
-2.2484047412872314
-2.628822088241577
-2.058579206466675
-3.169377565383911
0.3035636246204376
-2.0823652744293213
-2.5916106700897217
-2.3993887901306152
-1.677730679512024
-1.0077513456344604
-2.322385787963867
0.20230527222156525
-3.2592573165893555
-5.549172878265381
-3.4740195274353027
-3.235788345336914
-3.1246933937072754
-3.599817991256714
-3.2682387828826904
-2.943718671798706
-0.3370627760887146
-3.781360387802124
-1.0874663591384888
-3.3753857612609863
-1.3122782707214355
-4.366836071014404
-3.2688939571380615
-1.9675891399383545
-3.4865429401397705
-3.8780362606048584
-3.1521518230438232
-4.502945899963379
-2.8511252403259277
-1.815453290939331
-0.9089656472206116
-2.921166181564331
-2.802590847015381
-2.2991979122161865
-3.6973776817321777
-1.129718542098999
-2.3458757400512695
-3.3540992736816406
-2.185929536819458
-2.384716749191284
-2.20535945892334
-1.3241238594055176
-1.6594396829605103
-2.9225761890411377
-2.5360233783721924
-3.2105345726013184
-2.752979040145874
-2.8588929176330566
-1.716172218322754
-1.873043179512024
-1.9756673574447632
-1.7081395387649536
0.9599446058273315
0.053943946957588196
-1.9726486206054688
3.488161087036133
4.052321910858154
2.6875569820404053
0.05168365314602852
2.8148536682128906
1.5580981969833374
1.521742582321167
1.521742582321167
1.521742582321167
1.521742582321167
0.722479522228241
0.722479522228241
2.048276662826538
3.2801570892333984
1.5135260820388794
1.2570414543151855
-0.8997893929481506
1.7625436782836914
-1.2903013229370117
0.4398376941680908
1.910014271736145
-1.0886383056640625
-0.6668146848678589
-0.9177201986312866
-0.7483590841293335
0.36029770970344543
-2.234717607498169
0.016400964930653572
-0.11251889914274216
0.5013871192932129
0.3227914273738861
0.554449737071991
1.0627350807189941
0.42110246419906616
0.06873639672994614
-0.11921955645084381
-0.4137612283229828
-0.6359707117080688
-0.040471285581588745
-0.5444467067718506
-1.797912836074829
0.5544359683990479
0.5517075061798096
0.31549105048179626
-0.0486820787191391
-0.17373792827129364
0.14432276785373688
0.23941092193126678
-2.064499855041504
0.0045060268603265285
-1.9296613931655884
-0.8046867251396179
-0.32272088527679443
-0.4647776782512665
-2.3083925247192383
-1.019294023513794
0.07077771425247192
0.46292898058891296
-1.3833839893341064
-0.49395325779914856
-0.30501285195350647
-0.012743372470140457
-0.5403457283973694
0.24805304408073425
-1.239862084388733
-3.1248257160186768
0.3772076964378357
0.5202884078025818
-0.2044554501771927
0.5710152387619019
-1.619189977645874
0.4517956078052521
0.6409123539924622
1.0298889875411987
-0.16124598681926727
0.3289223909378052
0.5987825393676758
-1.5141522884368896
0.7917436957359314
-0.8351227641105652
-0.6995032429695129
-1.2004355192184448
0.5108724236488342
0.7835313081741333
0.7835313081741333
-0.6894993782043457
1.2207767963409424
-0.9445878267288208
-0.703228235244751
0.14754433929920197
0.2778216004371643
0.32893437147140503
0.2907329201698303
-1.0213090181350708
-1.2136112451553345
1.0472091436386108
1.915753960609436
1.203108787536621
0.8483507037162781
-0.3993969261646271
-0.8467676639556885
-0.765509307384491
0.2913796007633209
0.4028691053390503
-0.7887764573097229
0.10752933472394943
-1.6433659791946411
0.8338888883590698
-1.1843451261520386
-1.4187579154968262
0.1451370120048523
0.7321074604988098
-0.1660720556974411
-1.522299885749817
-0.5923506617546082
-0.5351619720458984
-1.3355135917663574
-1.1762518882751465
-0.9045379757881165
-0.7580252289772034
-2.4673702716827393
-1.4620428085327148
-1.848351001739502
-1.848351001739502
-1.4053528308868408
-1.4053528308868408
-1.4053528308868408
-1.4053528308868408
-1.4053528308868408
-1.4053528308868408
-1.4053528308868408
-1.4053528308868408
2.789738178253174
2.276266574859619
3.509521007537842
1.3354337215423584
3.0854344367980957
4.187890529632568
4.229476451873779
2.4921035766601562
2.3304638862609863
1.566389560699463
3.7017531394958496
1.0827919244766235
4.474730491638184
1.5348418951034546
2.507303476333618
0.495552659034729
0.5490924119949341
-0.41557782888412476
0.25566035509109497
1.6122961044311523
-0.19352062046527863
1.369397759437561
0.140458345413208
0.7276844382286072
0.4317070245742798
0.09965787082910538
0.2744217813014984
-0.49654683470726013
0.470464825630188
-0.14192816615104675
1.6006965637207031
2.091747999191284
-0.26374879479408264
1.345328450202942
3.4854660034179688
-2.5214202404022217
-0.5088340640068054
0.6075186729431152
1.5148327350616455
0.1506878286600113
1.7403504848480225
1.5581575632095337
0.4956137537956238
1.1748918294906616
0.022028101608157158
2.557295322418213
0.9552894234657288
-0.6533254981040955
0.025270625948905945
0.21737846732139587
1.054335117340088
0.9175697565078735
2.139920234680176
1.6762287616729736
2.1424484252929688
0.42656412720680237
1.1967744827270508
0.22804051637649536
0.45959264039993286
1.572445273399353
1.0019022226333618
0.7143650054931641
-0.16217739880084991
2.935730457305908
0.21370938420295715
1.4947742223739624
3.095825672149658
1.194637417793274
-1.3664027452468872
-0.4281322956085205
1.2300723791122437
0.35532456636428833
0.6025122404098511
0.7663655281066895
2.559464931488037
-0.6681229472160339
1.4122111797332764
1.1599745750427246
-0.09636940062046051
0.13603639602661133
-1.0841773748397827
0.5164877772331238
0.580094039440155
0.8645167946815491
0.8938974738121033
0.15737605094909668
0.34394964575767517
2.972402334213257
0.37904855608940125
0.22099252045154572
-1.0738617181777954
-0.2882305383682251
-1.411301612854004
0.05577445030212402
-0.6648558974266052
2.0614535808563232
0.7806671261787415
0.7806671261787415
0.7806671261787415
-0.9442088603973389
1.8111916780471802
1.8111916780471802
1.8111916780471802
1.8111916780471802
1.8111916780471802
-0.6036468148231506
0.23493923246860504
0.8741586804389954
1.7709723711013794
0.09197299927473068
-0.5004227161407471
0.2505134642124176
-0.46936553716659546
1.8693056106567383
-0.14792156219482422
-0.14792156219482422
-0.14792156219482422
-0.14792156219482422
-0.14792156219482422
0.6391712427139282
-1.3507866859436035
1.417014718055725
0.2137429118156433
0.06062443554401398
1.205385684967041
-1.5515958070755005
-1.36701500415802
0.3912419080734253
0.5212512016296387
-0.19886961579322815
-1.0366339683532715
0.6739495396614075
0.7502527236938477
-0.010454664006829262
0.4240763187408447
1.3770663738250732
1.3770663738250732
-0.528654932975769
-0.6487044095993042
2.2597148418426514
-0.9866554737091064
-0.7822487354278564
1.9778082370758057
-1.3884559869766235
-0.4613816440105438
0.23764541745185852
0.5973323583602905
0.3198992908000946
-0.04252585023641586
0.6254056096076965
0.3091262876987457
-0.6429234147071838
1.6883586645126343
-0.5358551144599915
-1.623560905456543
0.006609645672142506
-0.37399232387542725
0.1845647692680359
-0.2336503118276596
-0.2933633625507355
0.6024209260940552
-1.0979775190353394
0.08354306221008301
1.9545546770095825
0.7248586416244507
-0.273001104593277
0.6500632762908936
0.12010125070810318
-0.838206946849823
0.7559493780136108
-0.3839190602302551
-1.182533860206604
-0.7955612540245056
2.179344892501831
-0.02228420600295067
1.969642162322998
-0.7966623306274414
-0.5898550748825073
0.24851363897323608
-0.15033628046512604
-0.46243855357170105
2.502229928970337
1.0923837423324585
-0.05492598935961723
-0.5031766295433044
1.2760728597640991
1.056530475616455
0.7113264799118042
0.797761082649231
-0.272344172000885
0.7883719205856323
1.8885115385055542
-0.38353222608566284
0.3186013698577881
-1.2639377117156982
-0.6274831295013428
0.1639917939901352
0.1294279843568802
1.4434536695480347
-0.04223299399018288
-0.1742236316204071
0.30004170536994934
1.7519545555114746
1.7442666292190552
-0.1637558937072754
1.4359928369522095
-1.261915922164917
-0.7156188488006592
0.7836776971817017
0.262342244386673
0.9998568296432495
1.0813429355621338
-0.07092846184968948
0.537814736366272
0.05981258675456047
1.2068990468978882
-0.9030773639678955
0.12583431601524353
-1.2232822179794312
1.6613490581512451
-0.40551578998565674
-0.6875381469726562
-0.5507199168205261
-0.1721111685037613
-0.6120090484619141
-1.2289446592330933
-1.68416166305542
-0.9007104635238647
-0.5492736101150513
-0.9180130958557129
-0.8425605297088623
-0.522723913192749
0.5733104348182678
0.49803560972213745
-1.6815797090530396
-0.4779171943664551
-1.5748692750930786
-1.3008838891983032
-0.4235364496707916
-1.245004415512085
-1.4053528308868408
-1.4053528308868408
-1.4053528308868408
3.6380722522735596
-1.1261550188064575
3.4345908164978027
3.9069929122924805
0.7631356716156006
2.2049403190612793
2.2944722175598145
2.79127836227417
0.8285792469978333
3.30633544921875
3.917935371398926
3.975954532623291
-0.5297927856445312
1.1689784526824951
3.0192618370056152
3.0192618370056152
1.2063794136047363
2.709766149520874
3.0674290657043457
3.0674290657043457
3.0674290657043457
3.0674290657043457
2.7930729389190674
2.8135087490081787
2.8135087490081787
2.8135087490081787
-1.2046658992767334
3.1922104358673096
1.7264493703842163
1.178964614868164
1.178964614868164
1.178964614868164
1.178964614868164
1.178964614868164
1.178964614868164
-0.9269549250602722
3.675983190536499
2.713122606277466
2.713122606277466
2.513875961303711
2.713122606277466
2.713122606277466
0.609013557434082
0.17116418480873108
0.1057012751698494
1.0560848712921143
1.6122455596923828
1.6122455596923828
-0.21078447997570038
2.5776119232177734
2.171442985534668
2.171442985534668
3.133113384246826
-0.2555820345878601
0.03564224764704704
3.1164965629577637
-0.7543340921401978
0.15486055612564087
-0.40974897146224976
3.7835776805877686
2.8046114444732666
0.3618265390396118
3.603102207183838
4.081989288330078
2.8591911792755127
0.9379763603210449
3.71799635887146
-0.5572826862335205
2.8921751976013184
-0.3595399558544159
-0.18761301040649414
-1.0009759664535522
3.756537675857544
2.619100332260132
2.7822654247283936
-0.5289239883422852
2.1913840770721436
0.018129387870430946
0.5673043131828308
-1.747479796409607
-0.8184449672698975
2.867609977722168
2.9835398197174072
2.9127097129821777
3.083151340484619
3.04058575630188
-0.6017486453056335
3.9795122146606445
3.254997730255127
2.9288792610168457
-0.025148697197437286
-0.46237829327583313
1.4372646808624268
3.383443832397461
3.151968002319336
3.197032928466797
0.7897793054580688
0.13307692110538483
0.1711377650499344
2.1224069595336914
2.967538356781006
4.2588043212890625
2.894801378250122
2.61374568939209
2.74160099029541
1.8672953844070435
1.4613349437713623
2.7262649536132812
-0.8258779644966125
-1.435572624206543
2.3358521461486816
1.0469995737075806
1.3208965063095093
-0.48529869318008423
2.317154884338379
2.4114937782287598
3.7347922325134277
2.8819875717163086
2.375354766845703
1.8669006824493408
3.239893913269043
2.5284180641174316
1.9945588111877441
1.2497310638427734
2.93631649017334
2.067561149597168
1.9437426328659058
-1.130441665649414
-1.9808560609817505
1.9132580757141113
-0.6675667762756348
3.753803253173828
2.659677028656006
-1.9786295890808105
0.5742377042770386
0.6577087640762329
3.2493720054626465
-1.2350094318389893
1.472652792930603
-1.4682351350784302
-1.2989362478256226
1.7067097425460815
2.928316593170166
3.2088398933410645
4.128550052642822
-1.152579665184021
-1.517142415046692
3.5245485305786133
2.7128472328186035
-1.5955350399017334
-1.0427601337432861
0.4365910291671753
-0.21627801656723022
-0.7027543783187866
0.7911968231201172
0.6019542813301086
-2.0189294815063477
-1.8766764402389526
-1.4546430110931396
-1.4759531021118164
3.4360547065734863
-1.897673487663269
3.8014283180236816
-1.8044553995132446
4.143777370452881
1.2498078346252441
-2.2106082439422607
-1.5217207670211792
-1.7027804851531982
-1.6864967346191406
-2.1765899658203125
-1.5412977933883667
-1.9590094089508057
-0.5638079643249512
-1.7547272443771362
-1.3823474645614624
-2.3080201148986816
-1.353642463684082
-2.7486517429351807
-1.4053528308868408
-1.4053528308868408
-1.4053528308868408
-1.4053528308868408
-1.4053528308868408
-1.4053528308868408
-1.4053528308868408
-1.4053528308868408
-1.4053528308868408
-1.4053528308868408
-1.4053528308868408
-1.4053528308868408
-1.4053528308868408
-1.4053528308868408
3.161710262298584
-0.6622044444084167
2.531874656677246
1.134452223777771
2.44301700592041
1.9441490173339844
2.7456135749816895
1.3981703519821167
0.44575411081314087
1.2198255062103271
1.4775828123092651
0.5746666789054871
2.875657558441162
1.3708410263061523
-0.11590821295976639
0.3998354971408844
-0.7781540155410767
-0.30819305777549744
2.2822442054748535
0.3199813961982727
1.3128477334976196
0.00781494751572609
2.9127492904663086
1.565116047859192
-0.1501619964838028
1.923195242881775
0.7344837784767151
2.383845806121826
2.261547803878784
0.8132601380348206
0.9629229307174683
-0.09726549685001373
0.842272937297821
1.3099620342254639
1.4827874898910522
1.2678369283676147
2.0418996810913086
-0.22469693422317505
-1.8299487829208374
1.1716609001159668
-0.5574179887771606
1.3256388902664185
-1.3043718338012695
-1.4684754610061646
-1.3635070323944092
-0.2885761857032776
1.8628137111663818
-0.4003649353981018
-1.3529080152511597
-0.20861341059207916
1.0523688793182373
0.9588842988014221
-0.08299000561237335
-0.30368441343307495
1.7805488109588623
0.3728100657463074
0.2848389148712158
-1.216468334197998
1.9918909072875977
1.0527992248535156
1.4818627834320068
-1.465065836906433
-0.3890654742717743
-0.25546085834503174
-1.0464210510253906
-1.503157138824463
0.6661625504493713
-0.8195615410804749
-0.3083953261375427
-0.9269590377807617
0.4519490897655487
0.6056827306747437
2.6393513679504395
-0.1588565856218338
-1.794999599456787
-1.1188238859176636
0.21147659420967102
-0.03128407150506973
0.20655149221420288
0.880596399307251
0.08200263231992722
-1.4636589288711548
-0.06644788384437561
-0.578985869884491
-0.15330176055431366
-0.5553461909294128
-0.1148168221116066
0.7155330181121826
-1.0316648483276367
-0.4447951018810272
0.6462581157684326
0.13512477278709412
0.24424198269844055
0.6337013244628906
-1.959032416343689
1.113513469696045
-1.3805686235427856
0.5036051869392395
0.05113955959677696
0.45314595103263855
-0.008055359125137329
-0.2697600722312927
0.6414930820465088
-0.23019540309906006
0.10360020399093628
2.723510980606079
1.5155060291290283
-0.6020230054855347
-0.8135970234870911
-0.23994342982769012
0.26458460092544556
-0.7073534727096558
-0.6878731846809387
-0.08034701645374298
-0.26535120606422424
-0.05241698771715164
-1.1163767576217651
-0.3450104594230652
-0.26697587966918945
0.6923487782478333
-0.22953836619853973
-0.6033145189285278
-1.8802573680877686
-2.025724172592163
-1.39460027217865
-0.04213016480207443
0.9990235567092896
-0.8698229193687439
0.5763852596282959
1.2521816492080688
2.6107070446014404
0.0733611062169075
-1.1826486587524414
-0.672469973564148
-0.1883833110332489
-0.682819664478302
0.31727150082588196
-0.8766332864761353
0.7099762558937073
0.7099762558937073
-0.6494199633598328
-1.077423095703125
-1.7743117809295654
0.46517637372016907
-1.0214022397994995
-2.028785467147827
-0.6894068121910095
-0.6894068121910095
-0.5192843079566956
0.1982877403497696
0.2918150722980499
-0.7122463583946228
-0.15305288136005402
-1.9836182594299316
0.9510018825531006
-1.0861135721206665
0.43471068143844604
-1.3532705307006836
-1.3532705307006836
-1.3532705307006836
-1.3532705307006836
-1.3532705307006836
-0.8299707174301147
-1.243572473526001
0.030064143240451813
1.2416692972183228
0.0632159411907196
-1.5686849355697632
-0.881102442741394
-1.8079042434692383
0.4002995491027832
0.27152398228645325
-0.3235231637954712
2.0812695026397705
0.22119879722595215
0.03289034217596054
-1.1302337646484375
1.0215486288070679
-0.2746553421020508
-1.4085088968276978
-1.4037631750106812
-0.2516637444496155
-0.18274252116680145
0.46455711126327515
0.016997884958982468
0.6202175617218018
2.1243574619293213
1.7210506200790405
-0.25935423374176025
-0.6874873638153076
0.6385985016822815
0.2992342412471771
-0.7180332541465759
0.15931029617786407
-1.9563829898834229
-1.721706509590149
0.010810896754264832
-0.18468254804611206
1.0154926776885986
1.5601900815963745
-0.6357139348983765
0.552610456943512
1.5432660579681396
-2.159942865371704
0.4541871249675751
0.21542401611804962
1.0802478790283203
1.7597956657409668
0.8083028793334961
-0.11007995158433914
-1.2007553577423096
0.5183618068695068
-0.551525890827179
-2.2854738235473633
-2.2198076248168945
-0.012869581580162048
-0.13633887469768524
-0.07285620272159576
-0.7888380289077759
-0.6531873345375061
1.8922337293624878
-0.6062305569648743
1.0227762460708618
0.12172877788543701
1.801844596862793
-1.757973074913025
1.0485913753509521
-0.2371048629283905
0.9304434657096863
0.33682897686958313
0.38405710458755493
-0.20607268810272217
1.3924643993377686
0.004256993066519499
1.3363327980041504
1.2598237991333008
-0.1195526197552681
0.9926844239234924
1.5928611755371094
1.0097094774246216
-1.2854182720184326
0.5467585325241089
-0.5502346158027649
0.9024738073348999
-0.12105245143175125
-0.44502294063568115
-0.8376001715660095
-0.1313261091709137
-0.374130517244339
0.15315619111061096
-0.521334171295166
-0.15599621832370758
-1.0653663873672485
0.21231983602046967
0.10318002104759216
-0.9239280223846436
-0.7185802459716797
0.6402292251586914
0.33078938722610474
0.1605021059513092
1.1187437772750854
0.37138599157333374
-1.199833631515503
2.1010780334472656
-0.9202030301094055
-1.019854187965393
0.5209827423095703
-1.8764500617980957
0.7374748587608337
-0.9086484909057617
0.35042282938957214
-1.4057520627975464
-0.40883246064186096
-1.4488108158111572
0.23414064943790436
0.3252686858177185
-0.5023240447044373
2.5927023887634277
-1.4467674493789673
-0.3951629400253296
0.31598740816116333
-0.8268218040466309
0.8267353773117065
0.4062017798423767
-0.07402598857879639
-1.397875428199768
0.263203889131546
-2.4248242378234863
-0.5610005259513855
-1.8867459297180176
-1.528032660484314
-1.645163893699646
-1.6008299589157104
-1.3614819049835205
-1.799222469329834
-0.8865946531295776
-2.032717704772949
-1.1371867656707764
-0.4248323440551758
-1.174056053161621
-1.0951108932495117
-1.399370551109314
-1.6257847547531128
-0.05793507769703865
-0.7388831973075867
-1.2430875301361084
-0.9354377388954163
-1.6038408279418945
-0.6759328246116638
-0.09269395470619202
-1.4321565628051758
-1.4321565628051758
-1.4053528308868408
-1.4053528308868408
-1.4053528308868408
-1.4053528308868408
-1.4053528308868408
-1.4053528308868408
-1.4053528308868408
-1.4053528308868408
2.0287840366363525
-0.7223987579345703
1.7659837007522583
0.12539376318454742
0.6277636289596558
0.6834283471107483
0.2718012034893036
-0.47198936343193054
-0.24449926614761353
-0.24631929397583008
-0.7113467454910278
-0.7165921926498413
1.5695523023605347
-1.456930160522461
-1.3151801824569702
0.955126941204071
2.786951780319214
-0.7523615956306458
-2.1218295097351074
-1.7709020376205444
-1.5585095882415771
-2.720750331878662
0.5862793922424316
-0.24814419448375702
-1.106541395187378
-5.7038750648498535
-0.0025933526922017336
-1.0203262567520142
-0.5128276348114014
-5.0679545402526855
-0.0883612409234047
-1.59996497631073
-0.27830472588539124
-1.2052768468856812
-4.580956935882568
-1.3759846687316895
-0.789490282535553
2.517164707183838
-1.9993549585342407
-2.1123452186584473
-1.8334969282150269
-1.5519136190414429
-1.837517261505127
-1.4036191701889038
-1.2724946737289429
-2.0869526863098145
-1.4818754196166992
-2.1977248191833496
-1.8180737495422363
0.13912193477153778
-2.2117204666137695
-1.6748813390731812
0.7740765810012817
-1.605391025543213
-2.0450000762939453
0.7822790145874023
-1.0372799634933472
-1.5920974016189575
-0.7709741592407227
-3.538519859313965
-0.9380878210067749
-1.5045591592788696
-1.8056732416152954
-1.688357949256897
-1.6967594623565674
-0.8668321967124939
-0.6477323174476624
1.9431959390640259
-0.42870572209358215
-1.0552834272384644
1.9460192918777466
-0.6492299437522888
0.9155625700950623
-1.4154396057128906
-1.7290695905685425
0.7085515856742859
-2.289130926132202
-0.7138749361038208
0.8548751473426819
-2.8386549949645996
-0.7277090549468994
-2.8736207485198975
-1.047776699066162
-2.0501866340637207
-0.2365437150001526
-1.2203797101974487
-1.7097748517990112
-1.4525655508041382
-1.4696455001831055
-1.4696455001831055
-1.7000508308410645
-1.4321565628051758
-1.4321565628051758
-1.4321565628051758
-1.4321565628051758
-1.4321565628051758
-1.4321565628051758
-1.4321565628051758
-1.4321565628051758
-1.4321565628051758
-1.4321565628051758
-1.4321565628051758
-1.4321565628051758
-1.4321565628051758
-1.4321565628051758
-1.4321565628051758
-1.4321565628051758
-1.4321565628051758
-1.4321565628051758
-1.4321565628051758
-1.4321565628051758
-1.4321565628051758
-1.4321565628051758
-1.4321565628051758
-1.4321565628051758
-1.4321565628051758
-1.4321565628051758
-1.4321565628051758
-1.4321565628051758
-1.4321565628051758
-1.4321565628051758
-1.4321565628051758
-1.4321565628051758
-1.4321565628051758
-1.4321565628051758
-1.4321565628051758
-1.4321565628051758
-1.4321565628051758
-1.4321565628051758
-1.4321565628051758
-1.4321565628051758
-1.4321565628051758
-1.4321565628051758
2.0104498863220215
2.234196424484253
2.4795875549316406
-0.9891635179519653
1.3393943309783936
0.9042925238609314
0.589735746383667
-2.239870548248291
1.7076600790023804
0.20228657126426697
0.7824351787567139
-1.2651244401931763
-0.3351295590400696
-0.9074012637138367
-0.28176286816596985
-2.487598419189453
0.43729525804519653
0.23611153662204742
-0.33026638627052307
1.0970786809921265
-0.5706552863121033
-0.6000099182128906
0.5660600662231445
1.2597633600234985
-1.3912845849990845
-0.9639873504638672
-0.9639873504638672
-0.3064838647842407
-0.3882721960544586
0.5419342517852783
-0.4686161279678345
0.2269826978445053
0.27314481139183044
2.071490526199341
-0.9072046875953674
1.618455410003662
-1.0924694538116455
-0.9149468541145325
-0.016227684915065765
-0.16164016723632812
0.06520850956439972
-0.14373673498630524
0.6169670820236206
-1.336820363998413
-1.3188620805740356
0.20392103493213654
-1.1807554960250854
-0.4239000380039215
-0.7435557246208191
0.26954811811447144
-0.6127548217773438
-0.7096844911575317
0.3623369634151459
0.5953195095062256
0.31070175766944885
0.4169357717037201
-0.16972585022449493
1.3896766901016235
-0.38676488399505615
1.233180046081543
0.7176204323768616
0.6216149926185608
0.6216149926185608
0.21688605844974518
0.20237363874912262
1.211381196975708
1.211381196975708
1.211381196975708
1.211381196975708
0.12165152281522751
1.2517492771148682
0.7715471982955933
0.7715471982955933
0.7715471982955933
-1.5665479898452759
-0.9477110505104065
-1.2516909837722778
-0.01515902765095234
-0.01515902765095234
0.28820812702178955
0.2897656261920929
-1.4357681274414062
0.2541123926639557
1.3116726875305176
0.06709784269332886
-0.20445604622364044
-0.876403272151947
-0.7907740473747253
0.022148145362734795
-0.1380937695503235
-0.2100379467010498
0.10445961356163025
-0.4837455451488495
0.05619649589061737
-0.11780179291963577
-2.016309976577759
0.0471050925552845
-0.7508504986763
-0.7786129117012024
-2.0868310928344727
-0.9789924621582031
-0.34393906593322754
-0.5740008354187012
0.2633892893791199
0.026324562728405
-2.2759928703308105
-0.8429991006851196
-1.8309409618377686
-1.1473591327667236
-1.4831856489181519
-2.143026351928711
-2.2135403156280518
-1.811281442642212
-1.6120675802230835
-1.9489145278930664
-0.8151141405105591
-1.9187397956848145
-1.9407762289047241
-1.9407762289047241
-1.797212839126587
-1.797212839126587
-1.7215967178344727
-1.7215967178344727
-1.8651601076126099
-0.8380271792411804
-1.8005605936050415
-1.8005605936050415
-1.8005605936050415
-1.4053528308868408
-1.4053528308868408
-1.4053528308868408
-1.4053528308868408
-1.4053528308868408
-1.4053528308868408
-1.4053528308868408
-1.4053528308868408
-1.4053528308868408
-1.4053528308868408
-1.4053528308868408
-1.4053528308868408
-1.4053528308868408
-1.4053528308868408
-1.4053528308868408
-1.4053528308868408
-1.4053528308868408
-1.4053528308868408
-1.4053528308868408
2.1728382110595703
2.3975589275360107
4.045284748077393
2.523329973220825
2.3597137928009033
1.1598694324493408
1.8272762298583984
4.210684776306152
4.067942142486572
0.09063071012496948
0.08227407187223434
0.7680420279502869
1.0011374950408936
3.053043842315674
-2.9142229557037354
0.7565991282463074
-0.3730388581752777
0.9710635542869568
-1.5532829761505127
2.626553535461426
1.6760283708572388
1.6760283708572388
1.6760283708572388
1.8905895948410034
2.0870919227600098
-0.2035580724477768
2.040130853652954
-3.6842854022979736
0.18178316950798035
-5.128504276275635
-2.1135175228118896
-3.9109508991241455
0.2635190784931183
-0.7873107194900513
-1.6427758932113647
-2.239053964614868
0.3322054445743561
0.8512876629829407
1.6020530462265015
0.5919168591499329
-2.585143804550171
0.10274463146924973
1.170774221420288
-1.5265065431594849
-1.3015918731689453
-2.4834983348846436
-2.8461124897003174
-3.2166779041290283
-3.2166779041290283
-3.744861364364624
-2.9883933067321777
-3.3945930004119873
1.0876175165176392
-3.4316213130950928
-2.1242589950561523
-0.6964768767356873
-2.419009208679199
0.3043271601200104
-1.016916275024414
0.2136884182691574
-2.390944004058838
-1.9604339599609375
-1.996492862701416
-1.6365309953689575
-1.1779396533966064
-1.2843669652938843
-0.8521742820739746
-1.1914159059524536
-1.9544427394866943
-1.9610720872879028
-1.880260705947876
-2.5517046451568604
-1.9922847747802734
-1.8005605936050415
-1.8005605936050415
-1.4053528308868408
-1.4053528308868408
-1.4053528308868408
-1.4053528308868408
-1.4053528308868408
-1.4053528308868408
1.6340887546539307
2.0568294525146484
0.33508121967315674
3.409616231918335
2.6726579666137695
0.5400987863540649
0.20988023281097412
0.20988023281097412
-1.1697331666946411
1.4574604034423828
1.4574604034423828
1.4574604034423828
0.02645704336464405
-0.8716514706611633
1.629811406135559
-0.4163995385169983
-0.4163995385169983
1.2806307077407837
1.3282675743103027
1.3282675743103027
1.3282675743103027
0.3594535291194916
-1.5647145509719849
-3.1451735496520996
0.7138593792915344
2.0531699657440186
1.862169861793518
-0.7103824615478516
-2.2038512229919434
1.1418753862380981
0.22624611854553223
1.1647045612335205
-0.29837167263031006
-1.089133381843567
-0.5704329013824463
-0.8509321808815002
0.33228808641433716
1.748828411102295
-0.5965861678123474
-0.6006814241409302
0.9638216495513916
-0.636814534664154
-0.6754379868507385
-0.5405073165893555
0.35152339935302734
-1.2149717807769775
-0.4071023762226105
-0.4071023762226105
-0.09018527716398239
-0.219361811876297
0.03226358816027641
0.03226358816027641
0.03226358816027641
0.03226358816027641
-0.34931066632270813
0.1839192509651184
0.1839192509651184
0.1839192509651184
0.1839192509651184
0.1839192509651184
-0.385806143283844
0.07729373127222061
0.07729373127222061
0.07729373127222061
-0.08491506427526474
-1.0356426239013672
-1.0356426239013672
-0.5550258755683899
0.4933665990829468
0.29400381445884705
0.23163452744483948
0.40180107951164246
-2.175302267074585
-0.6302675008773804
-0.6302675008773804
0.018585018813610077
0.018585018813610077
-1.6208983659744263
-1.626832365989685
0.5265457034111023
0.39301565289497375
-0.22306311130523682
0.20155930519104004
-0.8674023151397705
-0.35349079966545105
-1.358784794807434
-2.386751174926758
-0.7035256028175354
0.41460856795310974
-2.1958136558532715
-2.9560656547546387
1.031775712966919
-0.9287864565849304
-2.559403419494629
0.854123592376709
1.3938102722167969
-1.0251530408859253
-1.3665802478790283
0.3068932294845581
-1.1280086040496826
1.0292326211929321
-0.6564062237739563
-0.8537335395812988
0.18596892058849335
0.6188051700592041
0.08409079164266586
-0.8589894771575928
-1.6313048601150513
-0.5344527959823608
-0.7216617465019226
-1.352309226989746
-0.2715704143047333
-0.9016491770744324
-0.10221539437770844
-0.7552708983421326
-0.6682620644569397
-0.07012438774108887
-1.5983680486679077
-1.4410984516143799
-1.9252351522445679
-0.4918977916240692
-0.2814803123474121
-1.1667073965072632
0.2794012427330017
1.6850889921188354
-1.8195582628250122
1.5895484685897827
-0.8010559678077698
0.636100709438324
0.4434417188167572
-1.9549392461776733
-1.8222302198410034
-1.4053528308868408
-1.4053528308868408
-1.4053528308868408
-1.4053528308868408
-1.4053528308868408
-1.4053528308868408
-1.4053528308868408
-1.4053528308868408
-1.4053528308868408
-1.4053528308868408
-1.4053528308868408
-1.4053528308868408
-1.4053528308868408
-1.4053528308868408
3.15741229057312
-1.080356478691101
2.193359375
1.6712641716003418
0.9085703492164612
2.1292436122894287
3.547685384750366
2.924119234085083
2.157224416732788
2.9130592346191406
0.7947075366973877
2.0793964862823486
0.8034982681274414
4.581538200378418
4.581538200378418
0.6915016174316406
-0.38306552171707153
3.0963568687438965
2.0627994537353516
-1.3701562881469727
0.7591149210929871
1.4211729764938354
-0.2694592773914337
-0.4663181006908417
-2.045977830886841
-0.360640287399292
-2.4290425777435303
-0.5160073041915894
-0.7972027659416199
-0.7204483151435852
-1.1073095798492432
-1.7264271974563599
-3.5385613441467285
-2.082202196121216
-0.7882653474807739
-1.102205753326416
-1.3632601499557495
-2.657977819442749
1.2782045602798462
-2.1114377975463867
-2.153132200241089
-1.493394136428833
-3.058889389038086
-0.8330955505371094
-2.7093284130096436
-0.17205828428268433
-1.506969690322876
-0.018885763362050056
-2.308699369430542
-2.5192925930023193
3.331493377685547
-2.1501505374908447
-0.7951393723487854
-2.6621737480163574
-1.5439459085464478
-3.159473419189453
-1.845131754875183
-0.43921560049057007
-0.17091868817806244
-1.242725133895874
-1.7117255926132202
-1.0719032287597656
0.3799952268600464
-0.11649605631828308
-3.264160394668579
0.1441863775253296
-1.53750741481781
-0.21993879973888397
-1.2432336807250977
-0.5477798581123352
-2.864414930343628
-1.2785263061523438
-1.8450090885162354
-0.7243580222129822
-1.07447350025177
-1.4492615461349487
-1.1396405696868896
-2.6237053871154785
-0.2471887767314911
-1.4091242551803589
-2.6486237049102783
-1.0953643321990967
-0.2625608444213867
-0.46099576354026794
-0.5546340942382812
-0.6367060542106628
-0.6237270832061768
-0.9032070636749268
-0.892250657081604
-0.7939995527267456
-0.44917866587638855
-0.022975647822022438
-0.602019190788269
-1.6621650457382202
-1.4097795486450195
3.0837557315826416
-0.7663121819496155
0.01095038466155529
-0.8582322001457214
-0.5677130222320557
-0.8815495371818542
-1.0416655540466309
0.5522257089614868
-1.6562646627426147
0.01722838170826435
-1.9984177350997925
-1.4708340167999268
-1.8928371667861938
-1.5008418560028076
0.17194987833499908
-1.3196697235107422
-1.7193002700805664
-1.0317689180374146
-0.7640796899795532
0.07163943350315094
-0.8500258922576904
-0.7399660348892212
-2.099940061569214
-1.8006905317306519
-0.6449517011642456
-1.90232253074646
0.3043591380119324
-1.8495018482208252
1.3871029615402222
-2.4781417846679688
-0.9321030974388123
1.9095134735107422
-0.6471349596977234
0.8247566819190979
-0.4388211965560913
-0.36594945192337036
-1.4053528308868408
-1.4053528308868408
-1.4053528308868408
-1.4053528308868408
1.5244195461273193
-0.7123125195503235
-0.07160034775733948
1.4948410987854004
2.8982605934143066
0.9359369277954102
0.39806511998176575
1.8766412734985352
0.8527601957321167
1.3029409646987915
-0.05014501139521599
-0.9541937708854675
1.289576530456543
1.4442812204360962
1.0084636211395264
0.113440603017807
-0.01616593822836876
-0.8299057483673096
-5.009551525115967
1.5861676931381226
-0.7530629634857178
0.214671328663826
-0.212760791182518
1.1498433351516724
-2.0694870948791504
0.24276922643184662
-0.2362366020679474
0.04964621365070343
0.01952032558619976
0.22171257436275482
-0.9087775945663452
0.7605238556861877
-0.730527400970459
-1.3993417024612427
0.6384593844413757
-0.18594948947429657
-0.06805817037820816
-0.5241103768348694
-1.0934593677520752
-0.22489725053310394
-1.1466035842895508
-0.8949518203735352
-2.264169931411743
-2.230955123901367
-2.4863710403442383
0.498519629240036
0.12665557861328125
-0.014432833530008793
0.4977804124355316
-1.4902597665786743
0.208628848195076
0.48776137828826904
-0.36672723293304443
-0.9283831715583801
-1.1414939165115356
0.16949400305747986
-0.374172568321228
-0.1844174712896347
-1.5514894723892212
-1.8548693656921387
-0.33655425906181335
-0.25000953674316406
-0.8026427030563354
-1.165374517440796
-1.8647446632385254
-0.04149264842271805
-0.4966776669025421
-0.5764148831367493
-1.2331342697143555
-0.6860638856887817
-1.171844720840454
-0.6309454441070557
-0.09008736908435822
-1.3940149545669556
-1.6085129976272583
-1.7340421676635742
0.16000713407993317
-2.123628854751587
-1.4292305707931519
-0.7909475564956665
-0.8295381665229797
-0.03699144721031189
-1.3712440729141235
-1.0528401136398315
-0.5936592817306519
-1.2474901676177979
-2.034133195877075
-1.236942172050476
0.6293023824691772
-0.01873614452779293
0.25330880284309387
0.25330880284309387
-0.47344374656677246
-0.9099215269088745
-0.3423937261104584
-1.479557752609253
0.27473655343055725
-1.0234061479568481
0.5498242974281311
-1.455064058303833
-0.17172692716121674
4.39594841003418
-1.6679555177688599
2.48852276802063
2.48852276802063
2.48852276802063
-0.7892622351646423
-1.0201536417007446
0.3693298399448395
-0.0017489755991846323
-1.2657016515731812
1.9612425565719604
0.04075616970658302
-1.286659836769104
-0.9974008202552795
-0.827107310295105
0.10788089036941528
-0.8600980639457703
2.6695265769958496
2.6695265769958496
2.6695265769958496
2.6695265769958496
2.6695265769958496
2.6695265769958496
-0.6998814940452576
-1.6911488771438599
-1.0282917022705078
2.278438091278076
0.21622587740421295
-0.9936652183532715
-0.9306638240814209
-1.398229956626892
0.48460033535957336
-1.6498782634735107
0.28113964200019836
0.22918178141117096
-1.538476824760437
-1.2132587432861328
2.518289089202881
2.518289089202881
2.518289089202881
-1.3900659084320068
-1.7272902727127075
-1.5416852235794067
-0.3268856108188629
-1.2068458795547485
2.8664040565490723
-0.420911967754364
-0.2943239212036133
-1.5751577615737915
-2.431243419647217
-0.37408801913261414
-1.5494384765625
2.1359951496124268
1.145969271659851
-0.5719949007034302
0.24934419989585876
-1.0490802526474
-1.6209564208984375
-1.7525498867034912
-0.8409175872802734
-1.821844220161438
-0.9347385168075562
0.4325396418571472
0.11653940379619598
-1.359795331954956
-1.4286609888076782
-0.8511254191398621
-0.7831127643585205
-0.7852915525436401
-0.825729250907898
-1.1484649181365967
-0.21358266472816467
1.5019479990005493
-0.3738492727279663
-1.4321565628051758
-1.4321565628051758
-1.4053528308868408
-1.4053528308868408
-1.4053528308868408
-1.4053528308868408
-1.4053528308868408
-1.4053528308868408
-1.4053528308868408
-1.7877551317214966
-0.39974355697631836
-0.2124405801296234
2.8793959617614746
0.289562463760376
1.8386701345443726
1.681605339050293
-0.4335499405860901
1.9841163158416748
2.3480286598205566
-0.46766531467437744
-1.1892246007919312
-0.20009902119636536
0.19106252491474152
0.5679119229316711
-0.005212696734815836
-0.7130585312843323
-0.007403252180665731
-0.007403252180665731
0.18169920146465302
1.136454463005066
0.6099341511726379
0.2927645146846771
-1.7847830057144165
-1.726128339767456
-1.726128339767456
-0.9370390772819519
-0.9370390772819519
-0.8506448864936829
-0.944617509841919
0.14789646863937378
-1.428297758102417
-1.1353013515472412
-2.228306293487549
-1.6309232711791992
-3.395289659500122
0.5218353271484375
-5.541597366333008
-1.0720874071121216
-0.16385473310947418
-0.8736926913261414
-2.1715896129608154
-0.5525070428848267
-0.8335074782371521
-3.8130524158477783
-0.0014412947930395603
0.18594789505004883
-0.019083691760897636
-0.6670458316802979
-0.5968501567840576
-2.601418972015381
-3.1061575412750244
-2.774411201477051
0.6453014612197876
-3.2211833000183105
-1.7228811979293823
-2.394929885864258
-1.4053528308868408
-1.4053528308868408
-1.4053528308868408
-1.4053528308868408
-1.4053528308868408
-1.4053528308868408
-1.4053528308868408
-1.4053528308868408
-1.4053528308868408
-1.4053528308868408
-1.4053528308868408
-1.4053528308868408
-1.4053528308868408
-1.4053528308868408
-1.4053528308868408
-1.4053528308868408
-1.4053528308868408
-1.4053528308868408
-1.4053528308868408
-1.4053528308868408
-1.4053528308868408
-1.4053528308868408
-1.4053528308868408
