0.5865943210729145
0.6453370280167354
0.5430832007561625
0.5452886225370626
0.5698104667636965
0.588133720646168
0.5804027656569867
0.5613044729350742
0.543938172790509
0.5798597826161844
0.539137640329846
0.5014040190014789
0.5253909388554985
0.5278017428948599
0.4856143393816406
0.5478088180185443
0.586090221674396
0.6034486952874702
0.5237081135479469
0.5721512481120128
0.5951816284637504
0.5838461380826653
0.5568733294638526
0.5149598073243321
0.5706649046419368
0.500608676223007
0.5996817079585145
0.5206440308545621
0.5099745883193691
0.582649719056751
0.5902030945515847
0.5921324039387152
0.568927337327077
0.5787678860954206
0.5630080803602799
0.5592620719301501
0.5938688572626558
0.5939748490343657
0.6066504415277565
0.5858126717263591
0.5726422827633948
0.5699050965971825
0.5448047207435756
0.5707082673276135
0.5402791344993301
0.6003865871728971
0.5587864307947195
0.553572659910271
0.5802242980564994
0.570638591375678
0.5377073669579959
0.5248980893047507
0.5819726487186322
0.5563541107180611
0.5697458109220365
0.5718912563909827
0.5533193259926765
0.5764221506849346
0.5418440793528774
0.5467849361447491
0.5662892135952384
0.5247662341359413
0.5965195847357082
0.5609859795063478
0.5553510893398604
0.5273517597043835
0.582437620312205
0.5291955573358145
0.5691189536365355
0.527764513559346
0.5366043664587333
0.5213792887511169
0.5448122194438526
0.5463510739774534
0.5551281383787636
0.5335668559067474
0.5684341712987875
0.5334447548385842
0.5908839932511902
0.5917095234296325
0.5885565121402926
0.5352910724200843
0.548608772911549
0.5118960873901997
0.5779932034654965
0.5613361689236734
0.5423474324348335
0.5415666735862873
0.5641709278809892
0.572127512997061
0.5453150603613697
0.5450469809737516
0.5070158000001751
0.5694332991146079
0.5756128102440925
0.5287005731846968
0.5262016005954789
0.5526127047722857
0.5504107531184536
0.5436176968890017
0.5267213633139327
0.538817359215763
0.5546500579956875
0.5063334828923716
0.49320214540815704
0.5670600871604589
0.5727973160396685
0.5559721614545219
0.5535402410379547
0.5604284794987646
0.5517979456692866
0.565145727347125
0.5740739043791061
0.5791194075605687
0.5413521375427401
0.5342771717299533
0.5628084256439772
0.5619065445271706
0.5620922016233333
0.5571161127990081
0.5508944057657108
0.5520764865489405
0.49154143585269555
0.5750479739746207
0.5831728531914303
0.5245018748830699
0.5728650000396912
0.5692271543646797
0.5260250060877018
0.5764368589755592
0.5501255118553352
0.5533779741520164
0.5280811820084832
0.5187992852928627
0.5250694100797662
0.5550598041341189
0.5491320946233504
0.5282885594550121
0.5309657723776907
0.5371493873181334
0.563036269393974
0.5817659054616926
0.5269250063983735
0.5567418172824713
0.5630502987144631
0.5312724966013028
0.545141098126248
0.5496580060956716
0.5294472618915508
0.5617076433179926
0.5507830613397342
0.5607077801477317
0.5148481091698216
0.51228187009018
0.5285191813647412
0.5515878175181883
0.5334367060244833
0.5392575258480797
0.5105938062950247
0.555129523199764
0.557162217108275
0.5380037046322564
0.5716211828933511
0.4878974854980389
0.5551665429666307
0.5560722776895283
0.5106217743864047
0.5604621655573324
0.5516439555998713
0.5188507283919476
0.5492789401097842
0.5610603517772205
0.5486053730478423
0.5238523717552217
0.5739694637873276
0.5418026900444874
0.5323905819641984
0.5577004060034914
0.5252953632533651
0.5275190022107814
0.5396090373526653
0.527846824414813
0.49517506881347123
0.5594000552848839
0.5342143512006277
0.5329532222351985
0.5167137682456331
0.5413597104214256
0.5361108402989956
0.5347871265005578
0.5304698985795674
0.5158705213308802
0.527561584441267
0.49860015550247583
0.5325100938086824
0.49670098911106786
0.497580026690354
0.506505454966569
0.516850861660498
0.5166734401189329
0.49493490598891543
0.5248508933411837
0.5278915632117454
0.49314247000753947
0.5173367449910056
0.4651463363246613
0.5527652252002704
0.5825511081985092
0.633283082962662
0.4929484389204925
0.49408137325791085
0.6303544344812226
0.6303544344812226
0.6303544344812226
0.6303544344812226
0.6303544344812226
0.6236739243270786
0.6086410902083373
0.49281500106203596
0.5062688156904044
0.48712172907332824
0.48857092807373753
0.501628345650617
0.5019589093493034
0.4868151761654337
0.6161873815380751
0.48807900932041004
0.49945678089913637
0.4951037539738647
0.54502417085052
0.49496013089284263
0.49731283952422667
0.4981349020629763
0.5073422441596777
0.5069838708124556
0.49870225628777665
0.4992395430370309
0.5000558179270235
0.4998338207439714
0.5011461710594527
0.5009027534549642
0.49829435246443604
0.5020201445344844
0.4944078506531448
0.49705401721744624
0.4921401476180606
0.49350977257386475
0.4975526483679109
0.49589656757466727
0.4964370862099869
0.49750404782730334
0.49750404782730334
0.49750404782730334
0.49750404782730334
0.49750404782730334
0.49750404782730334
0.49750404782730334
0.49750404782730334
0.49750404782730334
0.49750404782730334
0.49750404782730334
0.49750404782730334
0.49750404782730334
0.49750404782730334
0.49750404782730334
0.49750404782730334
0.49750404782730334
0.49750404782730334
0.6472951099085105
0.6267262219111951
0.6009956164642491
0.4870567128845704
0.492273930482704
0.4939540273455172
0.5652593850356624
0.5266018618342463
0.4993404502368817
0.5820677082047747
0.5678832188148092
0.5009838380747954
0.49192662976461743
0.539482824745757
0.5777625211428169
0.5457522665387274
0.4920443945603776
0.5631588705221519
0.4925459968800992
0.49612302075538495
0.4986937820726019
0.4942771897294734
0.49510812043799346
0.4956966877919867
0.4959465472147396
0.5904202123361938
0.4970187827722424
0.4972207824807988
0.49736454523812973
0.5221964554241307
0.498370307743774
0.49750404782730334
0.49750404782730334
0.49750404782730334
0.49750404782730334
0.49750404782730334
0.49750404782730334
0.49750404782730334
0.49750404782730334
0.49750404782730334
0.49750404782730334
0.6106058695085222
0.643801714782104
0.4770393129536985
0.4893830806792345
0.5804263262087077
0.6288599450436619
0.6215564641709673
0.6161541657492859
0.6119855367542965
0.6310067473783286
0.48337058131750305
0.4972892538366904
0.5912316509373784
0.6036375698379862
0.48557800710167304
0.5941657909091341
0.48845924998262624
0.49202465379586535
0.6027171071992459
0.4948197612344412
0.48901881780817663
0.5406889458953724
0.4997302588924973
0.4997188606269905
0.5398976783708987
0.5756647021399033
0.520720416218151
0.49759225899509785
0.5065970095888723
0.4921413805287046
0.49817278025624356
0.5376221997707825
0.4997325640567965
0.5037419123190593
0.5213453881737218
0.5123705775204405
0.4921080794463713
0.5150236402413318
0.5089869841187745
0.4942049343408758
0.4912140801708997
0.4957435324982908
0.49750404782730334
0.49750404782730334
0.49750404782730334
0.49750404782730334
0.49750404782730334
0.49750404782730334
0.49750404782730334
0.49750404782730334
0.49750404782730334
0.49750404782730334
0.49750404782730334
0.49750404782730334
0.5809831908819358
0.5812491103639669
0.5796800195328494
0.6037018913035492
0.5901143721162447
0.583439841540519
0.6419069847467648
0.6338003638135207
0.6338003638135207
0.6014362375392495
0.6277066932937239
0.6277066932937239
0.6277066932937239
0.5866884988797929
0.62293391072675
0.62293391072675
0.6158824035449941
0.579928512622278
0.599211563667806
0.5978970429335205
0.604074958845706
0.48390481890006826
0.6029577348426498
0.6284233005993234
0.6086990502425177
0.5980268801436368
0.6010845708760263
0.48359273413188586
0.4868168737520878
0.6026414956035484
0.4831090938859622
0.5394444011185547
0.48543218872631066
0.48764683751542953
0.4905200487913526
0.5857968649231918
0.4913475967469233
0.4915721509112155
0.49074323049261676
0.5941898456383476
0.4920706706510216
0.5663295570559334
0.4918813206453927
0.64133635832969
0.4938236666934578
0.49388007346297463
0.49436613987317884
0.49488091863615136
0.5126559427962696
0.4969190835930786
0.5451894323838481
0.5097413317542462
0.5089768621840336
0.5131041579144617
0.5077445133770888
0.5179830496422472
0.5091346620942745
0.5140261356057241
0.5145745903961113
0.5208898066305176
0.4935432792442732
0.4882131491549103
0.49305061846299664
0.5079130583589958
0.51980288675892
0.49449120331744495
0.49617346489351294
0.4971680587591542
0.49750404782730334
0.49750404782730334
0.49750404782730334
0.49750404782730334
0.49750404782730334
0.49750404782730334
0.49750404782730334
0.49750404782730334
0.49750404782730334
0.49750404782730334
0.49750404782730334
0.49750404782730334
0.49750404782730334
0.49750404782730334
0.49750404782730334
0.5244450889646081
0.5937111698925992
0.5811265406612777
0.5622782088050591
0.5723751249413798
0.5673027243755018
0.5602803260385609
0.581259297497235
0.6326379674162932
0.6326379674162932
0.5598137991072848
0.5672315239761235
0.5697678528896022
0.5674320799945255
0.5806993092423648
0.573044801721724
0.6115594051657222
0.5835357575280741
0.5898793794346818
0.627393224309126
0.627393224309126
0.6083745265227163
0.5727287189516237
0.5848110258491801
0.5998000431505741
0.542589013449887
0.5734765728884007
0.5851634737036312
0.5962399889055793
0.5339895623054977
0.5940276701983275
0.5801492289438618
0.5547676182193357
0.6091766448593215
0.5480181115067149
0.5955458265243408
0.5984892750899389
0.5302838111788061
0.5853867708809686
0.5869142056822906
0.5924726208975085
0.5776744964272633
0.6155212167404799
0.5488056430013142
0.4881886087635143
0.5740132511104363
0.5618413385070162
0.5574674796900193
0.5503948952060329
0.5706401222397735
0.5669493058641376
0.5466563294408803
0.5477857293131773
0.5388352378535074
0.5676765007094499
0.5623955802268275
0.5954913534696328
0.6215677510353287
0.6215677510353287
0.6215677510353287
0.5860248522240398
0.5522345909151117
0.6011275336933091
0.5555745939267219
0.6225411947287733
0.5858830266207659
0.6228225033092444
0.6112583196347049
0.6112583196347049
0.6112583196347049
0.5910222559366166
0.5736632759910066
0.558271501614494
0.5900491357382913
0.6034091348742808
0.6034091348742808
0.6034091348742808
0.6034091348742808
0.6034091348742808
0.6034091348742808
0.5988733326800642
0.5874244567065634
0.5971935444070083
0.5971935444070083
0.5971935444070083
0.5971935444070083
0.5599375272080998
0.5810258767369851
0.5752860207484477
0.5820894064820701
0.588993743877593
0.5981276003706227
0.5551373255475979
0.5921228749729871
0.5921228749729871
0.5921228749729871
0.5634343140913921
0.5931290522890775
0.5628313208332514
0.5878887941163493
0.586328289138452
0.5878887941163493
0.5825802261830139
0.5811738512044673
0.578485568341755
0.5888001850678967
0.5675202961800699
0.5842864141426696
0.5842864141426696
0.5842864141426696
0.5588613340151836
0.572937599141091
0.5736915299541674
0.5846190494433512
0.5371586752079754
0.5384353139757264
0.5511018135626883
0.576162524683005
0.5418922994086021
0.5896586846593225
0.5390587604098129
0.5793328189681829
0.5911738528516711
0.5755071056687298
0.5814203047180118
0.5895568989034935
0.5757284534411995
0.5610232582811289
0.5580270273373659
0.5631546034797171
0.5738906654353596
0.5430861225354711
0.5628360235799285
0.5609910488935757
0.5973159642311753
0.5752676007300487
0.6213715909184273
0.560931018808508
0.572582367628421
0.5812788760274138
0.5904051843256269
0.5756910517468538
0.5500540671845827
0.5589439587045658
0.5196527602707627
0.5664675272772594
0.5865847380465326
0.5714739569901784
0.5645313325937925
0.47605115349167854
0.5462336793839297
0.5823323141985723
0.5587245823405866
0.5740669904282819
0.586525736508525
0.5636584239020064
0.5429454045929792
0.5661688051374376
0.567206126287307
0.5769707723290216
0.5521559673792453
0.5699155200370553
0.587030329026104
0.5698061654378856
0.5661462754286679
0.5829353032793033
0.5918069570855207
0.5618379598311263
0.5607729722411063
0.5963329048533649
0.5927863469787982
0.5507967012909869
0.5545351314657635
0.4948781695347406
0.5552359116085304
0.5578685829534121
0.5153522663977083
0.57952608015253
0.57952608015253
0.57952608015253
0.4961328814510843
0.5367593252138181
0.5533383703122606
0.5742093545697349
0.5742093545697349
0.5742093545697349
0.548391776994378
0.5523998201946553
0.5617761057056594
0.5441052419221823
0.5700109217672039
0.5700109217672039
0.49316927317414555
0.5665922006147205
0.5925844471372042
0.5463382968330781
0.5637407730582332
0.5637407730582332
0.5637407730582332
0.5931958552910535
0.5613166778591934
0.5465346083912116
0.5612802898900568
0.5507149111881193
0.5715838585726979
0.5093987286739048
0.5778254745925012
0.5455794070630026
0.5805749302866834
0.5440364943513875
0.5766111915250355
0.5578891919642883
0.4930076139037053
0.4953606057039454
0.49343334911295533
0.5088233797374734
0.4970804989317756
0.5659673247144
0.5720415387929241
0.4945115252167834
0.49396068469579435
0.5413696354422188
0.5667825067162182
0.5889875360174175
0.581059944247186
0.5376574710012708
0.5393638752192966
0.5467681928012171
0.5652066535538811
0.4966499144538519
0.49812593458549664
0.5543806637715328
0.5861814637387689
0.5629890650755974
0.5142344584328806
0.5559224953090932
0.5074836738245715
0.4977086462332643
0.4976713984111328
0.4979420504106399
0.4983884558941143
0.5260584580533798
0.5091036130625806
0.510275002771315
0.5190545298658351
0.4974002742095909
0.4893661944840563
0.5240399468152876
0.4977131007568391
0.5090958993794935
0.5214501504909893
0.4973391006280821
0.49516256646102785
0.4961344502464101
0.49718068020819106
0.49750404782730334
0.49750404782730334
0.49750404782730334
0.49750404782730334
0.49750404782730334
0.49750404782730334
0.49750404782730334
0.49750404782730334
0.49750404782730334
0.49750404782730334
0.49750404782730334
0.49750404782730334
0.49750404782730334
0.6493620560379062
0.4865394141428294
0.5791081901236522
0.4607686959031999
0.5234851910896585
0.5417679176025855
0.5378708786782045
0.5117777112022842
0.5092346908552731
0.547649660700505
0.5077061574926973
0.5531022603900456
0.48020269434284757
0.5536060713201234
0.5228773939737513
0.4882410951965863
0.48030530891907086
0.5250233437170913
0.4819374856042561
0.520316570587172
0.4913152230079641
0.49019773263674676
0.4930900887915745
0.4934942107803636
0.47949946133648164
0.5236873540885082
0.4876835315936352
0.48700378354077045
0.48577567384593817
0.49542538177905504
0.4903422846694504
0.4938924749133371
0.49155062289437845
0.49256887409922906
0.4933720120223707
0.493249494922269
0.4936533005466096
0.49338037678936253
0.49381224526483225
0.5342705675709045
0.4946183769347035
0.4944435394385569
0.49750404782730334
0.49750404782730334
0.49750404782730334
0.49750404782730334
0.49750404782730334
0.49750404782730334
0.49750404782730334
0.49750404782730334
0.49750404782730334
0.49750404782730334
0.49750404782730334
0.49750404782730334
0.49750404782730334
0.49750404782730334
0.49750404782730334
0.49750404782730334
0.49750404782730334
0.49750404782730334
0.49750404782730334
0.49750404782730334
0.49750404782730334
0.49750404782730334
0.49750404782730334
0.49750404782730334
0.49750404782730334
0.49750404782730334
0.49750404782730334
0.49750404782730334
0.49750404782730334
0.49750404782730334
0.49750404782730334
0.49750404782730334
0.49750404782730334
0.49750404782730334
0.49750404782730334
0.49750404782730334
0.49750404782730334
0.49750404782730334
0.49750404782730334
0.49750404782730334
0.49750404782730334
0.49750404782730334
0.49750404782730334
0.49750404782730334
0.49750404782730334
0.49750404782730334
0.49750404782730334
0.49750404782730334
0.49750404782730334
0.49750404782730334
0.49750404782730334
0.49750404782730334
0.49750404782730334
0.49750404782730334
0.49750404782730334
0.49750404782730334
0.49750404782730334
0.49750404782730334
0.49750404782730334
0.49750404782730334
0.49750404782730334
0.49750404782730334
0.49750404782730334
0.49750404782730334
0.49750404782730334
0.5150282829449534
0.49780625723620264
0.5706912911532681
0.6175019563128529
0.5335468216734728
0.46816376503328544
0.5140874241518094
0.5362148135338008
0.5901076893643777
0.5463856522532641
0.5223876398715616
0.5195309752920777
0.5142079272520039
0.5589193359932418
0.6312888156429451
0.56481924571488
0.5412218687526666
0.6009071640054309
0.5798258849324178
0.6282094448436488
0.5332224767073108
0.5245867679488502
0.582846831123123
0.5310435307287094
0.601153192828231
0.5874498774294876
0.5342252976207837
0.5200648428027248
0.5527466552552884
0.5387873686083524
0.5660675071573609
0.5366063767000394
0.5276015965109917
0.5206874725066655
0.5561210539078711
0.48590720546870314
0.5475696623292068
0.5882541255009888
0.5179360140896841
0.5884659584219954
0.5500970695250862
0.48537833659400104
0.4945915160690711
0.4942505166161707
0.553671577196565
0.4806514742818968
0.5339414560585596
0.5467355482579479
0.5484026895471511
0.5491195798870876
0.537369926913093
0.5535015085629283
0.487124210586586
0.5428864680646909
0.5499965683981921
0.5326264363978473
0.5466848805460627
0.5389271769683261
0.5425794929122267
0.48934821748639185
0.5438393689737997
0.5380272602937297
0.5502156461862266
0.49914566498922014
0.5475792945268655
0.542145723665335
0.5371466814776219
0.5543125254793797
0.5351433649051197
0.5627172706250998
0.5696036090606182
0.5440741110089631
0.4863121711852448
0.5589924205073287
0.5589924205073287
0.5589924205073287
0.5589924205073287
0.4823984904617716
0.5556507623504614
0.5556507623504614
0.541192084462679
0.5530139303835268
0.5530139303835268
0.5576729058974277
0.550866123762542
0.550866123762542
0.5419760342361419
0.5464942142180963
0.5532182975984982
0.5490728409992953
0.496013488662064
0.4951989380648656
0.49622595510681383
0.5477156183866986
0.5528803102647977
0.49724806850792935
0.5514916510783838
0.4943014171593583
0.5612290860185762
0.5412271323398672
0.49515292006726164
0.5521637935179604
0.5182931159038245
0.4970106068123511
0.5200900531619864
0.4969661859672714
0.48880075926375216
0.4958238861977282
0.5482045002255369
0.5234213469013327
0.5261023867469498
0.5573922503172193
0.4980770547960413
0.49727530894831873
0.4970842260447007
0.49795169073011253
0.5391872064498735
0.4842053229290515
0.5347528029260484
0.5320337370297984
0.4953543084093163
0.49436072789786667
0.5298185110563003
0.527969333995138
0.4980342549174939
0.523844632180961
0.49230104349315423
0.5407287492083083
0.5209981602061684
0.5421450476892535
0.49623252377524624
0.49935131520384507
0.5205236470570567
0.5417993800837518
0.4955675404555105
0.5476818692249446
0.4972034529602301
0.5456041987182069
0.4972048367195989
0.5095181775889729
0.5344617490803426
0.5282327049141349
0.4971232983268464
0.49787204237319227
0.4979952420258526
0.49801490597531667
0.49844582996327286
0.498393938007384
0.4990006908056194
0.49460576624261426
0.49688388694072944
0.49736599832877104
0.4954561140524327
0.4979266834555972
0.4967656848995093
0.49750404782730334
0.49750404782730334
0.49750404782730334
0.49750404782730334
0.49750404782730334
0.49750404782730334
0.49750404782730334
0.49750404782730334
0.49750404782730334
0.49750404782730334
0.49750404782730334
0.49750404782730334
0.49750404782730334
0.49750404782730334
0.49750404782730334
0.49750404782730334
0.49750404782730334
0.49750404782730334
0.49750404782730334
0.46769801973481345
0.5166887075975047
0.5928054550129116
0.47741182906381247
0.5217617672996275
0.5294103896765439
0.4840975908298926
0.4699651878109926
0.540468400420338
0.6202397831131543
0.5217581657273594
0.5902116802954122
0.6076128485279988
0.6058829536033289
0.48212555890895636
0.5618514550459376
0.5304029084983095
0.5296713185889356
0.5825585216297353
0.5094732618197272
0.47342832734531926
0.4916750924724753
0.5260542280485399
0.5122970536799547
0.5133738092980695
0.5395433357673592
0.5007317574510922
0.49195747499034126
0.49485547565034477
0.5422256848790923
0.5019343700459378
0.5274597705232038
0.49047571537432005
0.5165993318176528
0.5329857038685195
0.48700242699884316
0.5179073903575806
0.5307552160228277
0.5393774672617814
0.5204435242290609
0.5355272439864746
0.5353471793112717
0.5171953802743007
0.5056566803890399
0.538501233019881
0.5461407140255644
0.5059300799788874
0.5179554050348624
0.47938467251208106
0.5042892121332401
0.4926673550464937
0.4965538098687692
0.5650939238539407
0.5588396969280675
0.5364557196501066
0.4838922742506902
0.491844665841256
0.5560602985636571
0.5366859663988607
0.5108450167292422
0.5448124429607133
0.49367908593984683
0.49799842398601124
0.5448749385411668
0.4908333880186054
0.5301001512551323
0.5097402302234763
0.5173541500562068
0.4940805659931666
0.4929081009158854
0.5006244919081323
0.5063541456364844
0.4923037885846762
0.5448769501306839
0.5235042435290129
0.51311630851186
0.527628971172318
0.49383698717651264
0.48385988181898965
0.49289092730787326
0.4926870322693231
0.5279791092136313
0.5170271378156454
0.49256483718040034
0.5053041771342808
0.4890864255508861
0.4929172444480259
0.5071364532186787
0.5243327865235364
0.49660466759829924
0.5259685153479898
0.5354270171321023
0.494606161222879
0.5077952805954745
0.513270193790956
0.5080259881203995
0.5108772131942448
0.5087068068495804
0.5094317157852585
0.5453442214673189
0.49529338640762666
0.5346563146778124
0.5157298154157317
0.4875579043707136
0.544012902779099
0.49401172173015173
0.49371886429277945
0.48401030201374273
0.4974702449636743
0.5179082485094505
0.5270399000431866
0.4935349270219718
0.5436649072207637
0.5063083460278369
0.48737233250048356
0.49943040839290026
0.4963745959806317
0.5055141062412839
0.49511002391452064
0.5153117607144745
0.5110952810380457
0.4971221832062081
0.5333425712589662
0.5128738081592636
0.5262353604836224
0.5227707264115552
0.5112742852205434
0.4917711840070274
0.4949151141419341
0.5155110197036015
0.5320860717573289
0.4935388107298057
0.48885019901432014
0.5160228541067872
0.5241078394313621
0.49558964176049763
0.49552025681635375
0.493961518545765
0.49360326643744135
0.49562188315620215
0.4974801582803231
0.4964596797852415
0.4960367515001152
0.4906730805204846
0.4972674854767238
0.4962792994340316
0.4951156523132859
0.49750404782730334
0.49750404782730334
0.49750404782730334
0.6076129416071167
0.5791402232987969
0.5818282290658543
0.5278740413408431
0.5845588467753567
0.5519474641747224
0.6093682992750088
0.5975613026806016
0.5281619970825924
0.4844354856385904
0.4916020155056148
0.5682760583509815
0.5347840928615105
0.5216026969125986
0.5148495083040997
0.5052203389608779
0.546505463819548
0.5307138634721077
0.5051492160226423
0.585961255610269
0.528028900608474
0.5763202324576743
0.49101845402408156
0.5339449876974558
0.5069509774624038
0.508001612124242
0.5253066481318716
0.518755814960656
0.5412421457799732
0.5258004640146455
0.48702256164630514
0.4945579247660351
0.5478405330307237
0.5485300440404375
0.5555089723014264
0.5384930315141601
0.5076336995992353
0.5277622593145433
0.5532866936179199
0.5272838802887218
0.505887009939945
0.5227805215224431
0.5616394309511413
0.5144526475567506
0.5250231517093985
0.5200661916623235
0.5670954043504476
0.526016489354384
0.5894456696780455
0.5248061313604305
0.5722021324142607
0.5251639415366912
0.527723042820935
0.5317601707303972
0.5290229865336942
0.5392504352198796
0.5154159393839898
0.5273368780787239
0.54374656047235
0.5513753655118808
0.5506427525022516
0.5321036790600117
0.5632489840113865
0.5340226619057578
0.5347748923971759
0.5439845912228072
0.5270918271560728
0.5385108019070041
0.5229520529142981
0.5344152289526611
0.5504738928165138
0.5839963751770773
0.5045378343714907
0.5488419361027768
0.5432607550251604
0.523879875048456
0.5201964394231084
0.5266086745543532
0.5190885729741387
0.5468925036464989
0.5221416386090745
0.5354538408528307
0.5210690479480875
0.5331620136639268
0.5164532473236603
0.510496900071772
0.5368459201581249
0.5425729013812438
0.5305159407473545
0.5264295545164633
0.5279776636178173
0.5492350570427194
0.5171771250238173
0.519504326428839
0.5202295783678836
0.5358876184035009
0.5205826460232299
0.527142604508665
0.5203167730063168
0.5220940154392968
0.5294895324913734
0.531548573381182
0.5128630617784291
0.5500355636905355
0.5439781979310917
0.516079477317591
0.5183466046288046
0.5336759165863122
0.5299945283554979
0.5230303683294085
0.5162217820806304
0.5125416653699343
0.5618947332841573
0.5303757526758475
0.5374776247150386
0.5438039719646915
0.5264645851970821
0.5084636530294941
0.5064385977746396
0.5260573140779061
0.534113420492429
0.5367496457004156
0.5579118609228914
0.5341831120526164
0.5204542765936582
0.5401499182523845
0.5267048797802362
0.5267849312314629
0.5294974867321658
0.5457527156804199
0.5351580257798627
0.5149694193330959
0.5376878076774247
0.5154701009066859
0.5328068962180748
0.5160977927263383
0.4973638621136341
0.5860975009752087
0.5720405631931664
0.5673224337518853
0.6497688763914123
0.5150839873075349
0.6342988452373989
0.6239199702899686
0.6239199702899686
0.6239199702899686
0.6239199702899686
0.6163602941769636
0.6163602941769636
0.522648006140598
0.6007149678327897
0.5877964920542603
0.6020381452051433
0.5280195212312981
0.502097699272478
0.530046862878465
0.5290385744487383
0.5249236866138255
0.511827386999891
0.5109032080799811
0.5145055199413532
0.5055773596828765
0.5325915197310704
0.5291366892794761
0.49864745344434175
0.5226613225465607
0.5182013472189395
0.5241234799139523
0.5572900214185512
0.5180990071270513
0.5159503269598894
0.5255644917395038
0.5301400810910957
0.4866991821830948
0.4852053982295309
0.5595099827002442
0.487095203751608
0.5248407038206424
0.5301968510833908
0.5046562108330661
0.5091524373350385
0.511651987895947
0.5101490436642815
0.5294056345261816
0.5099937131605847
0.5085736353041576
0.5112618150457673
0.5185058198690119
0.5274398606521749
0.5235417080434187
0.5237103513968677
0.5054133818598292
0.5228779353479595
0.5243620369387971
0.4915771660534299
0.5253351068321079
0.5295552651098313
0.5257002296788362
0.5265010691001754
0.5261938063633655
0.53780881377044
0.5312901167305583
0.5256361194134704
0.5419697364051831
0.5319593324813076
0.4920166294070021
0.5282050578735557
0.5235133504433982
0.5592417807965682
0.5394206560134246
0.5234669887018569
0.5509151932014708
0.52785840518389
0.5453927013273242
0.5209175760577821
0.5413986637984395
0.5285771690000975
0.48710093562417167
0.4798270477741034
0.5354711895144197
0.5358982717837492
0.5358982717837492
0.5308721108147346
0.53133781573404
0.5320779323473882
0.5282332674944785
0.5373706041181324
0.5312368497232194
0.5240201186988407
0.5320079290829083
0.5268685577799781
0.5292196519966843
0.5256573812830555
0.5258955415031609
0.5332768908782559
0.541701049941583
0.4897834758224436
0.5383134554947893
0.4893433355508918
0.5300555638065437
0.49075142390605303
0.4906167483969774
0.49242686277823744
0.4950224163248509
0.5381719611571408
0.5315374798302674
0.49411944782577166
0.5295305637297614
0.5311483149751426
0.4934616001872774
0.49102475174911614
0.49441722096945445
0.4940516475312136
0.4948743575848711
0.49475733083661255
0.493194870271783
0.4948464089059281
0.49662816312504554
0.49542666118471973
0.49684485696170105
0.4967395668705296
0.49750404782730334
0.49750404782730334
0.49750404782730334
0.49750404782730334
0.49750404782730334
0.49750404782730334
0.49750404782730334
0.49750404782730334
0.5430760148579754
0.5326745546655041
0.5306848335803901
0.5311723433046527
0.5380698255129283
0.5387224170319874
0.5757689366455256
0.5393892838693594
0.5394204479488625
0.5455875089361608
0.5391602797097123
0.4836143878870904
0.564712380233116
0.5502804982961358
0.5077195322292
0.5599654131911109
0.5434708898240416
0.5430706710047984
0.5395698935058136
0.5544017558660759
0.5557929904140859
0.5459734422741951
0.5502484570386196
0.5501874213335345
0.5565094029059704
0.545281922523514
0.5389689560162917
0.5438944655012614
0.5057438587379635
0.5523903073604424
0.5526877573766066
0.5363175202560592
0.5586460738428081
0.5143827317595109
0.5897006919200148
0.47441972674196997
0.5576264753156511
0.5494604904276771
0.5549627340385598
0.5481669725637985
0.5370016154015064
0.5909819319928267
0.5642520083685862
0.5447527912832194
0.5543072093598145
0.5479291216079076
0.5472887586754738
0.5805091337333657
0.5438068936623466
0.5535453551596278
0.5679484468930509
0.5200168129573469
0.5497273697836078
0.5613185276197019
0.5686893248200793
0.5552035971610007
0.5039538573857393
0.5456730687020138
0.5405619592743034
0.5831091560327802
0.5627718445484673
0.545673877274978
0.5551216128289361
0.5755564796463799
0.5566640249687594
0.5704384976057564
0.5820967934229155
0.5591797370999348
0.5444472069768251
0.5954433642590604
0.5622121852522434
0.5005200236570787
0.5526326866456132
0.5547677728846537
0.5902114627939379
0.5458678516396799
0.5034870179650647
0.502455046862216
0.5566161071310941
0.5140898194706268
0.4840082234841421
0.556247431303367
0.5468195300532823
0.5489065812221666
0.5701642528327182
0.5558304305158936
0.554528208717111
0.622144639723954
0.5457472995356376
0.5032299087724307
0.5352382540385967
0.6020625760760754
0.5590392366767714
0.5579992890891329
0.5069383506415989
0.5983578073254683
0.5904162148893899
0.5904162148893899
0.5904162148893899
0.5208998314219279
0.5826364064227008
0.5826364064227008
0.5826364064227008
0.5826364064227008
0.5826364064227008
0.5716057075876845
0.5618173872735567
0.5670179660282959
0.5769823153878634
0.5458480168278551
0.5405240959839762
0.5414230921852429
0.5554479780227035
0.552387980570195
0.5726352286962298
0.5726352286962298
0.5726352286962298
0.5726352286962298
0.5726352286962298
0.5678319404136911
0.5664701403886088
0.5704528051481926
0.5139798328127684
0.5064156835698193
0.5541921272891995
0.5667029943090214
0.5562210276531636
0.5610575434541176
0.5691557074963004
0.560201034721814
0.5627631917381399
0.5504948808630895
0.5157945274957773
0.5012583976515244
0.5629794672252404
0.5662852523465198
0.5662852523465198
0.5461130182106837
0.5003660055452503
0.5735271881236645
0.5769287068403833
0.5062429615684636
0.5728746997831984
0.5439132195917279
0.569672996851672
0.5614245744481007
0.5504774839461164
0.5414986324824687
0.5669665513988119
0.5507352419184738
0.5596002933241291
0.5501504910232802
0.5832781376800146
0.54771005554947
0.5571277023604395
0.5606366567841629
0.5561553100890241
0.558694125076488
0.5167742884947664
0.5482818740537065
0.5126805418681311
0.5657637277530783
0.5059396635053823
0.5687360975630851
0.567620082417553
0.5437231388329633
0.5113912787890191
0.5095455181259692
0.5608168734860061
0.5606570644510416
0.5544097574857785
0.49029659851176777
0.5504328467042897
0.5609076340982928
0.5122708418867351
0.5639167717191321
0.5658660169620882
0.5566510595574227
0.5635442185578174
0.5545129883223289
0.5975474543350237
0.5753059452696198
0.5692668988839507
0.5658861504009314
0.5117947337893073
0.5468232755957431
0.5577214349239914
0.5685552528926805
0.5614548408276199
0.5113531217344915
0.5537491685525381
0.5570489042246076
0.5100387335743471
0.5521086045084327
0.4911811601631218
0.5117255838006917
0.5685937231149704
0.5114440408172705
0.5522311542413789
0.5062677397892532
0.5148275925633484
0.5167267874814295
0.5137654756738245
0.5191914155647583
0.5094284761244429
0.5942123368185697
0.4861569858763368
0.5067320676492648
0.5635395784045256
0.5547592600215004
0.5214000935423369
0.5105225357496357
0.5128147360627621
0.5172793461493642
0.5157018165933294
0.5095503156169257
0.5619774355645133
0.5077096137544188
0.559224347005863
0.5242677390431155
0.5140012950275615
0.5141898819464918
0.5181183805186376
0.5204433946188085
0.5042311350809766
0.494923089569773
0.5317377146119663
0.4949951547224229
0.5148886364791
0.49455518471743337
0.4901542443408071
0.5062855520356725
0.5084909112761844
0.5036954868076452
0.49730059433434703
0.5117516621968299
0.49322232888842804
0.49671158754754463
0.49330587715231833
0.4973768213031891
0.49750404782730334
0.49750404782730334
0.49750404782730334
0.5098834374412115
0.49962137383364247
0.5801767621029236
0.5697127349378872
0.6003359595868153
0.5003435589924962
0.6274658732933805
0.5853794309754562
0.5574927660663477
0.5858825042461892
0.5978857937686386
0.5910405207760587
0.5824020012741609
0.5702649059313786
0.6253741584227784
0.6253741584227784
0.6047438891348783
0.5789261384412036
0.6173009293455411
0.6173009293455411
0.6173009293455411
0.6173009293455411
0.5681645561589005
0.610838070397585
0.610838070397585
0.610838070397585
0.46283021076394937
0.6185700650745012
0.5768093751323632
0.6055127280618477
0.6055127280618477
0.6055127280618477
0.6055127280618477
0.6055127280618477
0.6055127280618477
0.4898715382603181
0.5871773565195664
0.6010248240710726
0.6010248240710726
0.6002042029037169
0.6010248240710726
0.6010248240710726
0.5825031418119165
0.5099586168925271
0.4899027917808139
0.597173784944656
0.5938201610672531
0.5938201610672531
0.501434807751926
0.6084481757470322
0.5908635079161287
0.5908635079161287
0.5909812698335878
0.5125846022666746
0.5677055093928802
0.6056018960377728
0.5077245487762486
0.45579175058921273
0.5540014073454903
0.6248573989320475
0.5891793103848421
0.5222821663373718
0.5989529826325887
0.6064514693084159
0.5850425336293062
0.5228695413223428
0.6067992276115021
0.5174353876623308
0.619449588176372
0.48652346894465925
0.5294327941034952
0.5710951539349739
0.5992426312768703
0.5829916557647382
0.612343550947922
0.5472035764964611
0.595208262720621
0.6031318604694831
0.5204509677299946
0.5520053276612278
0.4786137373508088
0.5893276247828059
0.6005900865096252
0.5985000115653278
0.5791168005614616
0.5830403629119539
0.47560032500278004
0.6032142031627015
0.590645145969434
0.5743860770449465
0.5221391239640331
0.5717318119122399
0.6030655443606457
0.5912619109244254
0.5906490907117697
0.5987600820875298
0.5233924169807732
0.5690935907436145
0.4880488244299086
0.5790918156502514
0.5897738475750913
0.6194109982148779
0.62870762472848
0.5883807540339685
0.5928351183320996
0.600123261530021
0.5816859306455442
0.5992091557922833
0.4977020461591715
0.5396702360598333
0.5913312564371853
0.5895825430200127
0.5954063325064824
0.5514184200658844
0.5755427017470626
0.5764176182848895
0.605000753993186
0.5921050221974892
0.5914822419835803
0.6009480043660881
0.5864250678670994
0.5843390010722443
0.5893118970229222
0.5891578802992804
0.5813577781648839
0.5868936774948817
0.5843169379197564
0.526647867190076
0.577171518745909
0.5786979311921008
0.5712139911102947
0.6198940308544166
0.5899334408157475
0.5220212911474789
0.5731248679996815
0.573484640708658
0.5848841157841178
0.527870335028456
0.5962955387430177
0.5507362849567303
0.49534985397307363
0.5966771031494164
0.5897730625863484
0.5930072765680027
0.5951710121229491
0.49693770592967945
0.4767496925408189
0.6010410228490889
0.5829093888702412
0.4787502167967301
0.4982606202048097
0.5010430866953841
0.52778866493981
0.5272954305058261
0.5739068953737387
0.558970345960917
0.5010049518019705
0.49688418629624576
0.4760715987080363
0.49832066292803145
0.5837050174072816
0.4985976384426805
0.5844430259607295
0.49906037857072055
0.5814996213251721
0.5685539925743327
0.48996854068207163
0.5001012189500363
0.5008385783355114
0.5009342152284539
0.49873124400782637
0.5459980423932179
0.49863821612140186
0.5284844833780621
0.5457384885731856
0.49203865145430326
0.49896113331518177
0.4955069777997538
0.49746597716122887
0.49750404782730334
0.49750404782730334
0.49750404782730334
0.49750404782730334
0.49750404782730334
0.49750404782730334
0.49750404782730334
0.49750404782730334
0.49750404782730334
0.49750404782730334
0.49750404782730334
0.49750404782730334
0.49750404782730334
0.49750404782730334
0.6057848233677483
0.5391298720227016
0.5417751089152185
0.5456082948717378
0.5639333436216569
0.5907870687460244
0.5712843339089225
0.5608680645435508
0.5465026042981523
0.538973815852314
0.5393225785613477
0.5338278832062096
0.608680056531393
0.5769294144213476
0.5487662548309432
0.5954549362247198
0.5481796409185836
0.5412515946521157
0.5507369211709385
0.5477140057920767
0.5772455313838187
0.5678029363157819
0.5990953023299224
0.5596015342501646
0.5430373732896154
0.5502930939180596
0.48769083333671687
0.6383243714207668
0.5743774161254567
0.5561054597311398
0.5540809736091321
0.545848481411701
0.553051849788599
0.5610704349571487
0.6117109446842972
0.5576533144301518
0.5824566769691877
0.5668235613126407
0.5444751707286621
0.5980036702359937
0.559490698930124
0.5932539210292701
0.5487092907255893
0.5641407354333386
0.5410185384475498
0.5564923109040547
0.5891121153531298
0.5453101827575777
0.5445955001068199
0.546156564075386
0.5444449272829814
0.589639578524865
0.540870411940408
0.5470119553680134
0.5587853930909583
0.5535932884174619
0.5279553389629419
0.5535839717913015
0.5808057682070387
0.5367956150607555
0.5416562424591128
0.5452362317806541
0.5491779357338379
0.540030003161641
0.5383133645134632
0.5358834376690861
0.5685587894623996
0.5379978251014946
0.5478826113495323
0.5545938973858658
0.5542779822016105
0.5296244301936983
0.5791852901601776
0.5480995960878084
0.5349805158377682
0.5553721923291925
0.5405616229952779
0.473467736255504
0.5446572787523225
0.5535265637159626
0.5546819139196114
0.5490887411840754
0.5746299981613567
0.5659764602174644
0.5505729311701204
0.5451727018494289
0.5525589811388214
0.5497504896290513
0.5339019147161181
0.47976185054174186
0.5542804987999967
0.547262405399377
0.5441255807286383
0.5474657328518749
0.4872736734297718
0.5622496597189707
0.5196605405349917
0.5673293755534521
0.5597540247721055
0.5241363308563639
0.5473437386317255
0.5425661469584621
0.5572562551202738
0.4824141012019563
0.552634516605648
0.5877836166711657
0.5623221460422874
0.5420305085994067
0.5484918690396476
0.5588730505406762
0.48681095758525683
0.5450192829594049
0.5464794267272384
0.5605131567922083
0.5509630121003984
0.549032892233259
0.5553463931706643
0.5446277019155141
0.5565441794811778
0.5562881987071676
0.546787297836495
0.5557799205451631
0.5498086790852169
0.5493429220487385
0.5426848886471509
0.5530804313050887
0.5102787696286806
0.547157352421566
0.5527504277436487
0.5743577752630341
0.5948220400821681
0.5431010109343726
0.5447366609404104
0.5881210908734275
0.5560967767727159
0.49105237586420586
0.5600438753946672
0.551373805645989
0.5808296293355416
0.5808296293355416
0.5487920270880325
0.5504295981457505
0.48911909782612784
0.5678102818800418
0.4858618091497249
0.486376745049601
0.5755505030258062
0.5755505030258062
0.558272601725862
0.5770985704384244
0.5831330847752554
0.5065352901838523
0.5724462851257925
0.5507495758268154
0.5600144886814288
0.5563760609562434
0.5743315018937489
0.5715069713764711
0.5715069713764711
0.5715069713764711
0.5715069713764711
0.5715069713764711
0.5495353627133134
0.5551612722397593
0.5682826461599885
0.565706315044695
0.5683812501205571
0.5040426647667277
0.4887000705885
0.5541859794710217
0.5656328626574877
0.5538702854797151
0.5788182425178929
0.5755082221198098
0.5735683097455595
0.5553540276860937
0.5556635017582028
0.5834906517530711
0.5071211306084386
0.5496428839875818
0.5363089640161786
0.5737956589198778
0.5582659219758633
0.5625927763626978
0.5608239638967928
0.5583657625883163
0.569371405588577
0.5669906754996897
0.5675066526769911
0.5563961820016753
0.5563433621824494
0.5546161098004277
0.5579360208894553
0.5621021286806119
0.4907984588136863
0.5477458432115
0.5640500382561742
0.5568664097962434
0.5525797783079004
0.49282203990434703
0.5579414903392538
0.5487865755784704
0.5761332516872443
0.49012036657942476
0.5434964731558612
0.5556764921184879
0.5597024604925466
0.5630834996526469
0.49391269827437617
0.5524151464731649
0.4822730711184498
0.4936510604208382
0.5498688033343984
0.4894013511375995
0.49250629875000157
0.5541961711328696
0.5474449991157149
0.4910808883192834
0.5513629875747632
0.494498964329094
0.5842926325957087
0.5153064939572132
0.5765944393846806
0.5601430662086707
0.5879615801604856
0.5456776768660572
0.567167303625178
0.49316723071244223
0.5594585637600216
0.5582646527863113
0.48967919335637317
0.5538716596997939
0.5724242381436526
0.5616786787125605
0.5674250613553435
0.5115515505191545
0.5147880635457136
0.5615873291095015
0.5817041666370315
0.5615839640664257
0.5520141347741379
0.5644399914366584
0.5545448758632175
0.5647834314541512
0.5595534291008506
0.5621348138408984
0.49363841149018123
0.5558319565568753
0.5541773796038423
0.5778242429041764
0.5544706590412916
0.5597698398259188
0.5519458388105632
0.5696021136217999
0.5686430971480508
0.5553948954361951
0.5550301316925517
0.5689476431666253
0.5607383095086574
0.5626341791445235
0.5626650230636209
0.565709048587123
0.49397898776578547
0.5845473608079303
0.5557802455374394
0.5581809881086564
0.5657706849913752
0.51239876840963
0.574032924540689
0.5578353598827317
0.5615150704494649
0.49468234385973103
0.5596186398779012
0.5141191418776081
0.5612294241570353
0.5670414588715426
0.5570931123247926
0.5475900681146199
0.4955733327836018
0.4950338185474329
0.5391673262149701
0.5566244492757101
0.5660088335611209
0.5612507125262168
0.5626499670810191
0.5162162000515759
0.5575885790001752
0.4965431519466075
0.5591348101388854
0.49204203617313147
0.49638487304351797
0.4972364999194194
0.49700200738373873
0.4974001116928591
0.4985777970413534
0.4972514400725957
0.4981746955010707
0.5123530961555149
0.49654029379852554
0.4978523777356885
0.49805091329434303
0.49894673039052617
0.49842465660098556
0.527421648341441
0.49937791450307256
0.5386004341756923
0.5166977540842527
0.49592396881068057
0.5234318641950141
0.5125091755321023
0.4972195977357465
0.4964197777478135
0.49750404782730334
0.49750404782730334
0.49750404782730334
0.49750404782730334
0.49750404782730334
0.49750404782730334
0.49750404782730334
0.49750404782730334
0.5936425497099029
0.49706258690255717
0.5538565535480078
0.49500998715074357
0.5272405669757009
0.5794018095107366
0.536798167223588
0.5211805385342322
0.5649472721448544
0.5826529533907864
0.49948361412596437
0.5720638104780889
0.5544870867857591
0.49148462467795906
0.4803621112337849
0.48274802049590043
0.6360304595746229
0.5559825179110449
0.5492598429879968
0.4898268230829173
0.4945899856164181
0.5160928215350032
0.48796743417331057
0.5711719087150366
0.5549884420975062
0.4942125680825228
0.49859357057620635
0.49556210422242203
0.49172483013706075
0.4985929374628857
0.5006391914036558
0.5687696721952018
0.4915991142480906
0.5699519270683073
0.4989882991089027
0.5001927123575074
0.49543860701314685
0.5830838982874621
0.4964286535356979
0.49943494849247727
0.49758535313046937
0.4975958161632622
0.5327031693770754
0.49839183874315146
0.4989164627276391
0.49804011070383647
0.547137470410347
0.49834551636703733
0.5538218760048301
0.4898941867776572
0.4982438570967898
0.5001253152576479
0.49005105737240223
0.49092748934006397
0.4986359186862359
0.49003784884867246
0.4997281646567282
0.5000933764434908
0.48852333056349706
0.5433345055621821
0.49162833702660597
0.5001223165486736
0.5000400654982775
0.4948770121372505
0.5005987133847098
0.5274409306428491
0.49459842433571655
0.5470027344288352
0.5324133665793127
0.49436906778376916
0.4896477599524923
0.4942677013015482
0.4951938198173648
0.4956847557256748
0.49734822446066396
0.4967136566085867
0.49015080166141384
0.49174866845666154
0.49793145928827265
0.494469280210333
0.4941244593537711
0.49476655119215385
0.49312454299412856
0.49517913047914297
0.4980240837342338
0.4955810591234826
0.49578588951277697
0.4954038330789089
0.49437570544097675
0.49505226845431427
0.49649269784721384
0.49753617532723776
0.49753617532723776
0.49753617532723776
0.49753617532723776
0.49753617532723776
0.49753617532723776
0.49753617532723776
0.49753617532723776
0.49753617532723776
0.49753617532723776
0.49753617532723776
0.49753617532723776
0.49753617532723776
0.49753617532723776
0.49753617532723776
0.49753617532723776
0.49753617532723776
0.49753617532723776
0.49753617532723776
0.49753617532723776
0.49753617532723776
0.49753617532723776
0.49753617532723776
0.49753617532723776
0.49753617532723776
0.49753617532723776
0.49753617532723776
0.49753617532723776
0.49753617532723776
0.49753617532723776
0.49753617532723776
0.49753617532723776
0.49753617532723776
0.49753617532723776
0.49753617532723776
0.49753617532723776
0.49753617532723776
0.49753617532723776
0.49753617532723776
0.49753617532723776
0.49753617532723776
0.49753617532723776
0.5721494869500835
0.6443628036045294
0.6088753113479973
0.5769109960537725
0.5552456939427027
0.49144038866145967
0.5783965483130116
0.5738134619332882
0.5647217542403211
0.5251166979992702
0.5809769326858234
0.5627000697039773
0.5432704135478698
0.5074188654243582
0.5137952259707916
0.4708373266770603
0.5218486621091392
0.5130378920552061
0.5360065216444346
0.5184818160686866
0.5260433685894808
0.5209078445723867
0.5875614201286604
0.5700223337197633
0.5789774198804625
0.5723529572293221
0.5723529572293221
0.5187651121069919
0.5676223680045118
0.51875703601674
0.5278394086052304
0.527092603707397
0.536515942771648
0.5294871910280432
0.5612195188726937
0.5563080624490532
0.5511928113304125
0.5173046534280916
0.5179102818280814
0.5508750189179406
0.5199112303444938
0.5180270749062499
0.5373081271701362
0.5210964075571598
0.5248749224822565
0.5322804626246329
0.5284337582682903
0.5226275142028212
0.525157822708678
0.5175062114457969
0.5281784976424703
0.5179778761609393
0.5317249143126169
0.5277735166299874
0.5331479620684914
0.5306612121351372
0.524393147509363
0.5263735006912207
0.49112889752541855
0.5606409186755515
0.52811072809389
0.5515928475189792
0.5515928475189792
0.5260544232468499
0.48742756854580266
0.5465304388210577
0.5465304388210577
0.5465304388210577
0.5465304388210577
0.5273856178308787
0.5432386245034263
0.5408985342410312
0.5408985342410312
0.5408985342410312
0.5513600671426437
0.5352318185853935
0.4891962078931916
0.544815043971705
0.544815043971705
0.5249372934382545
0.534668779092036
0.49435337351098774
0.531818839963708
0.5372438325312578
0.5302073989895778
0.5251239551578574
0.5329855573444676
0.5318931474004852
0.5307758508779263
0.532705593427414
0.530237492026209
0.5336858301510266
0.4943085961861711
0.531953836224119
0.5337216087654858
0.48645049987180006
0.5305834197187038
0.5385122453122787
0.5317600004396179
0.4865046348928844
0.5328572351989711
0.5318478574832746
0.531720798715067
0.5420049816000635
0.5326613467872793
0.49747264312091033
0.5469587744751807
0.4969736410131782
0.47905681164061215
0.5007941894303353
0.4943086938575659
0.4803168825732197
0.4847959177396148
0.4995225803117214
0.4891070574607016
0.5049821446828473
0.4923381025838393
0.4929577022936793
0.4930838745276363
0.49330885930898205
0.4941027461960607
0.4940327059501968
0.4949904289032564
0.49189836138045245
0.5114232337496516
0.49399316328710907
0.4944183273726041
0.4938293512348288
0.49750404782730334
0.49750404782730334
0.49750404782730334
0.49750404782730334
0.49750404782730334
0.49750404782730334
0.49750404782730334
0.49750404782730334
0.49750404782730334
0.49750404782730334
0.49750404782730334
0.49750404782730334
0.49750404782730334
0.49750404782730334
0.49750404782730334
0.49750404782730334
0.49750404782730334
0.49750404782730334
0.49750404782730334
0.6366743235031522
0.5725541349720917
0.5943215580883768
0.5836660519006114
0.6291226497377687
0.6208291493970233
0.5847944215081118
0.5811842874096215
0.5059526290847781
0.5107579894719215
0.5495297634271007
0.5207989203076147
0.5825839219177044
0.581322766098438
0.49351014086132955
0.6035184557706249
0.555499098489971
0.6052426416399713
0.478374029810655
0.59446013901311
0.5851105337749157
0.5851105337749157
0.5851105337749157
0.5742545431895287
0.5748862501823337
0.5421759201465627
0.5617252993382993
0.4855852107271885
0.5927901431474615
0.5149964469212616
0.48771686431107036
0.5176850341403549
0.5498713579386164
0.5601801387219982
0.5601793054377874
0.487957676439035
0.5271738011332946
0.5691145912632336
0.6121339564631947
0.557180313264989
0.49198191907774785
0.5893193295275562
0.55333808274456
0.49484928962237873
0.4937527791920905
0.5181251408916551
0.5443301436040748
0.49412198374602384
0.4940270750486437
0.5187756875823357
0.5136526274470555
0.5171174371705773
0.5725421696792327
0.5169029127949721
0.5200726633298638
0.551633779438664
0.4953914051876426
0.5406133524404648
0.5304443629544033
0.5311468514750359
0.5193374551958473
0.49628975859278246
0.5233172583145371
0.5212495846711146
0.5262443116165634
0.5239549591673465
0.5080056117883434
0.5301695555544281
0.4858787436373903
0.5130707539735055
0.49129716934967443
0.49197665482691194
0.4943398976027448
0.49435447097033336
0.4945805715692529
0.49750404782730334
0.49750404782730334
0.49750404782730334
0.49750404782730334
0.49750404782730334
0.49750404782730334
0.5212491070715194
0.5086412102941605
0.5469075095166676
0.574443921362107
0.6425055995723133
0.6119236067598856
0.6044446318378541
0.6044446318378541
0.6066474369098657
0.5948590923681947
0.5948590923681947
0.5948590923681947
0.5270592010531675
0.5622447494845659
0.6159806406346552
0.6093778241608752
0.6093778241608752
0.5440738455370108
0.5979328008036839
0.5979328008036839
0.5979328008036839
0.5961163119774787
0.526229240533585
0.4809504384830494
0.5303985617358318
0.5277635065069229
0.4875991622897791
0.5538490450489505
0.46618770441294594
0.49219377551279175
0.4829389817153739
0.569609566755949
0.5352331765245801
0.49220645975298694
0.5219160327710841
0.48644839903338705
0.5362453948908996
0.5184923677413901
0.5132748424853998
0.5346704618187956
0.531459675123155
0.5306643801234759
0.5691914885663613
0.5320402072297625
0.5318543284629831
0.5590075884031006
0.5531970757673814
0.5531970757673814
0.549357783824674
0.5359097561200246
0.5465905243878565
0.5465905243878565
0.5465905243878565
0.5465905243878565
0.5282322034185125
0.5444772904029075
0.5444772904029075
0.5444772904029075
0.5444772904029075
0.5444772904029075
0.5290272532871759
0.5427954944143953
0.5427954944143953
0.5427954944143953
0.48902162906102875
0.5414149199278524
0.5414149199278524
0.5312467512596917
0.5452871313982967
0.5366430410112503
0.532339925800029
0.5323365151038789
0.49051944493722444
0.5402540231125541
0.5390159460610593
0.539258948168046
0.539258948168046
0.4905981357158585
0.5325184695848909
0.5294983529919155
0.5383925738405952
0.532680449276194
0.5340898774759059
0.5369737633086953
0.5319055978861658
0.49008600628482896
0.4923273785874824
0.535261652643681
0.5297156202459251
0.49215405084913905
0.49203050500972423
0.5399428619572393
0.5396702790719381
0.4929921016619941
0.5388478760289662
0.5541450945388705
0.5378579850574863
0.49130862936106345
0.535292454677971
0.4837361592220505
0.5445480621600967
0.5349340910503521
0.49195631196433204
0.542193345901119
0.5327497301186961
0.5357210051008884
0.4926865329756248
0.4931935862015272
0.5365302896496059
0.5342967438727545
0.5314526023701721
0.5338033930084891
0.4939704706298453
0.5313397187126944
0.494970179491649
0.539626266097149
0.5397248170076545
0.4932538441285677
0.5444457237561607
0.49372968313854126
0.5369341771073319
0.5397303058089397
0.49355369559740964
0.5418603704220887
0.554856793155562
0.4954407747572987
0.5404707828902752
0.5379225017548556
0.5235432947504352
0.523961596608525
0.4955962374847845
0.49535569726923
0.49750404782730334
0.49750404782730334
0.49750404782730334
0.49750404782730334
0.49750404782730334
0.49750404782730334
0.49750404782730334
0.49750404782730334
0.49750404782730334
0.49750404782730334
0.49750404782730334
0.49750404782730334
0.49750404782730334
0.49750404782730334
0.5817866313275885
0.5623886523536453
0.5898165519365685
0.5696669169539011
0.567878013883568
0.5656073976395165
0.5672580822373854
0.5820248216649058
0.5513226187212508
0.5608664619281074
0.6118386439025532
0.5908247346466827
0.6298159859113184
0.619692672600314
0.619692672600314
0.5747170028113434
0.4757500920228272
0.606834514772159
0.6024205631709904
0.5713283380318621
0.5490177999782793
0.4672229934292336
0.5563427255052169
0.5483808527021163
0.49821560062566267
0.5400269588525026
0.5517935230406896
0.5516448491542136
0.5353321883570095
0.5420980960519106
0.46714540074405336
0.5472255628142298
0.5676215032625355
0.47952365346529546
0.5180376276160235
0.5069208887987529
0.5368277280177745
0.5556256596541167
0.599017693142174
0.5077555992511091
0.5550863008769008
0.558143974588103
0.4778165554226071
0.48820799544393884
0.5408824835431185
0.5510750645145103
0.5508001458659977
0.5856504619213009
0.5386277430336215
0.5546036470086604
0.5955502314177749
0.4878357034957523
0.4924640174268636
0.551481416759062
0.556501140486774
0.5069444147523614
0.5120255486195682
0.5849320499986076
0.5215946689232961
0.5275850136696634
0.48248362317643423
0.5567004331319623
0.5799797710193003
0.5191119175748546
0.47858964011346
0.5762213344508648
0.48685263458012645
0.5310562595992316
0.5200297631552655
0.5684089295268198
0.48033805902902255
0.5228998868528786
0.5422215242109065
0.5708219808522874
0.548088024404354
0.5651559685293828
0.5213338211825391
0.5723153871016394
0.5557024663680461
0.5643038725300807
0.4885045921379602
0.48722553226212656
0.5279624254540634
0.5536611663822878
0.5177703205041868
0.5994102337595105
0.5162849403433438
0.5248167358020681
0.5543764795149319
0.515978042130344
0.5719574667662233
0.5185105484459429
0.4709851980255665
0.49367480209521786
0.4841302666312778
0.6096151860765496
0.4908341860592298
0.5517973467891396
0.49530604818689045
0.49180858711032666
0.48934047911854994
0.5505192565975012
0.5726719983190723
0.4932918556713984
0.4863141741237553
0.5220022730285453
0.5072859050981399
0.4942821237514722
0.4933229029657763
0.5223478304277666
0.5155368024162852
0.49442505163150485
0.49200971868819426
0.49386947924623104
0.5219755291988574
0.49144193116722695
0.4985066256705219
0.4929068161830062
0.4955577054501012
0.5311928273779234
0.4935362647759642
0.5184996109825784
0.5156898164084163
0.5389809327209506
0.5167525026069034
0.487962983264479
0.5318420312211689
0.49629521375204594
0.5094845048807433
0.4978318350118262
0.5166950342064871
0.49750404782730334
0.49750404782730334
0.49750404782730334
0.49750404782730334
0.6323998098398916
0.5328129521087168
0.5258362433301492
0.551705972068028
0.5205073856372573
0.5257601836873902
0.539529162526124
0.5992517280699816
0.49793255478995446
0.5550200157784961
0.5729060806727843
0.5095279147743357
0.519319319180393
0.4874675409523522
0.5456369799777133
0.5591955303650417
0.523861263271692
0.5366411298861344
0.4873130589961375
0.5291559804628995
0.5243834059131287
0.5549778257433671
0.564441572325333
0.4904142404419567
0.5260138101084814
0.5482031105331902
0.5226094497842421
0.5709174794257983
0.5215799031710766
0.588310770641135
0.5481527646477404
0.5637060073313874
0.5289709475182796
0.486911054266825
0.48345670577882505
0.5092858883812995
0.48508792662462596
0.48819267295538143
0.5513896970302089
0.5394756895762056
0.5101975812118563
0.5399220219027114
0.5141306256305702
0.5254330719429983
0.5243681335053525
0.5198088725632787
0.5262745535133354
0.5226523871465967
0.5157950672550838
0.5146408751930268
0.5209547810655681
0.5230814716124984
0.513016815269454
0.5204187887815966
0.5158059914231473
0.5155028619024656
0.5225861293138778
0.5284555531521319
0.5089111512924916
0.49242524168216867
0.5338274515820071
0.5187583887948293
0.5286946943217005
0.49156224349448324
0.5002751320851285
0.5292055889772485
0.5196540178201517
0.5217439582082207
0.5269570423305594
0.5229246672383057
0.5249515159387239
0.5474559089231607
0.5291361612959369
0.5535264402268097
0.5247892610469806
0.5241422934296178
0.5276412821945938
0.5251484487112702
0.532833148730719
0.5193104865632102
0.5204040612840942
0.5150689276250925
0.5291557646987566
0.5306319640193833
0.5324447222444726
0.4904153037672516
0.5341078495684467
0.5222452770534247
0.5199612699337783
0.5304918699438962
0.5267983778763499
0.5266592797008119
0.5271980944020527
0.5205922678718751
0.5224460279633533
0.536034335514793
0.5318047080065297
0.5267196486933756
0.5158807324528227
0.5309482001996311
0.5226286997387689
0.571421762162678
0.5252933988014683
0.5590816147122888
0.5590816147122888
0.5590816147122888
0.5362561452885434
0.5372158263754653
0.5312217066513136
0.5354009331484468
0.5302378124949706
0.5520475204616336
0.533886844284018
0.5283140628478953
0.4913967471443881
0.48863510681590705
0.5703837517078195
0.49276401309659357
0.5474102567486118
0.5474102567486118
0.5474102567486118
0.5474102567486118
0.5474102567486118
0.5474102567486118
0.5247400992504829
0.5287600819357112
0.5303571604690935
0.5440762949672546
0.5274026675532647
0.5380583294013784
0.537980544015824
0.4954425699081355
0.5273750615585002
0.4929960864473215
0.5338261599538524
0.48469742562663043
0.49150201671527827
0.49387769921507413
0.5364841316795693
0.5364841316795693
0.5364841316795693
0.5361253037895501
0.5322170694395909
0.4935072115319365
0.5318694959806759
0.5314180599314668
0.5333118615338225
0.5346603926382072
0.5272199955383999
0.5288605284885638
0.5305323182776417
0.48641315986517514
0.4935619488620781
0.5289327892662934
0.5273333022940603
0.4916105309235417
0.5288913991899854
0.5358541909150855
0.5280241909054493
0.49459616110401955
0.4938007137917048
0.49505429236033727
0.49494546905596115
0.49071889047666173
0.4937682422209288
0.4972043119369676
0.49718117819864305
0.49595060651469847
0.49620326485604854
0.4961278233144752
0.4961845025329931
0.4972127349044684
0.4920633374806833
0.5227566326046966
0.5100583630669043
0.49636926585867175
0.49675962098463505
0.49750404782730334
0.49750404782730334
0.49750404782730334
0.49750404782730334
0.49750404782730334
0.49750404782730334
0.49750404782730334
0.5437899050454673
0.527602286177032
0.5272701018731685
0.6220075087417841
0.5508448323293089
0.5281692458567374
0.5374223676375799
0.568562269575912
0.5401288666828862
0.5485013377870916
0.5338118745075421
0.5408749266194267
0.5347538111403757
0.5486086817368809
0.528083053718281
0.6022699010535534
0.4819920122837789
0.5822783424437975
0.5822783424437975
0.5502259838984771
0.4711886355895204
0.5515600137688745
0.5516711428134617
0.5629345378071855
0.5572915115499029
0.5572915115499029
0.5529453694198477
0.5529453694198477
0.549460750774013
0.5555529794860001
0.5403358192614129
0.5409181675624447
0.5414892768114165
0.54159451344371
0.550129059866996
0.4934046598287055
0.49263803203704937
0.47702148850090603
0.49228670119814555
0.5531008843871957
0.5439876918914192
0.49248833285224203
0.49651452924272677
0.4937013159496029
0.49082380402471504
0.4940936896738619
0.49382607403285184
0.49494619288862735
0.49546106729670936
0.49528313931215334
0.4963637250149387
0.4960061789975062
0.49647020002466125
0.5536679566422408
0.4965090296722414
0.4888574165788758
0.49217094768704095
0.49750404782730334
0.49750404782730334
0.49750404782730334
0.49750404782730334
0.49750404782730334
0.49750404782730334
0.49750404782730334
0.49750404782730334
0.49750404782730334
0.49750404782730334
0.49750404782730334
0.49750404782730334
0.49750404782730334
0.49750404782730334
0.49750404782730334
0.49750404782730334
0.49750404782730334
0.49750404782730334
0.49750404782730334
0.49750404782730334
0.49750404782730334
0.49750404782730334
0.49750404782730334
