0.09669386250432581
0.08746532860522468
0.07269632872038831
0.0753674689893766
0.08727722573714952
0.10284788116812706
0.08848077012225986
0.08501723019716641
0.06434877506146829
0.09143479836173356
0.09272165853374949
0.06635510509794888
0.06827635434145729
0.08500452460953965
0.07225414684740826
0.0785541347724696
0.09377909236587584
0.1008072568817685
0.06162514076024915
0.07001984586628775
0.11222789093852042
0.07060438599825526
0.06227251879870892
0.07091295183092977
0.07466351328728099
0.05389372125850059
0.06403736979079744
0.05592410469582925
0.0860915096453391
0.06804939667073388
0.059112935125206906
0.10644893254774312
0.053332534277190764
0.07328122054226696
0.06025556386720079
0.0537984050232141
0.10546262425137684
0.09867932058560351
0.07700496667375167
0.09019564667561401
0.07217550180386752
0.06812560754672935
0.03403139885146326
0.06980835256244367
0.07114706767102083
0.1183603321450452
0.048103074314616
0.060707061714104685
0.07117233241753032
0.05721794470213354
0.06959147215820849
0.06744151642468448
0.08581224560116728
0.04018843035873336
0.061348824248028296
0.05693847644996519
0.04381170221468589
0.06193911375788351
0.031174595532550788
0.030076316646688306
0.05525304802848647
0.05263210931327194
0.11077938527489702
0.05336780741054099
0.031035410270948582
0.06012171050067991
0.07756846295281623
0.05127004468891149
0.08699866067928573
0.040257102725251265
0.05495520028130462
0.045501072343904526
0.02968099564469109
0.06653476613806561
0.029573092334127676
0.04575554837860788
0.04553916846751235
0.028778648792455595
0.08610164383193478
0.1042295739275869
0.09525695986424883
0.05931755284080282
0.066088619545723
0.03387319991442685
0.07197059779583166
0.05266976807887355
0.06059380741789937
0.0553891870767499
0.03780817646921302
0.07517919897877921
0.022295490904167915
0.02171531706311119
0.03604649425367825
0.05357303662846486
0.05713432489273449
0.039486542576923966
0.044492913329352936
0.03949027030185486
0.026817433536052704
0.04746634389584263
0.045495315284157796
0.055195990027859805
0.02886119971362253
0.05501395221954832
0.03740177658541749
0.04755895088504379
0.04111535872798413
0.03326657120216017
0.03987996415002271
0.03188283824517081
0.026208047322773684
0.030334746243121723
0.044041485630441454
0.06217668370809406
0.020563075415169198
0.045123812112336355
0.0301197159041961
0.03390778426158552
0.03452980865491554
0.030648267523696024
0.030804576522593077
0.027666649620902414
0.02853663296632779
0.04315647933787356
0.07111694594301904
0.03583187596756034
0.05524183805954332
0.06698743677542855
0.03589829411474057
0.07143253079537923
0.0567084325857771
0.026547412407429267
0.03743166897174281
0.040852075730605675
0.04013039752685776
0.02580168402908991
0.02723788139798368
0.036262378570390864
0.037670565917311855
0.04520785634793962
0.030944009443434575
0.06352474015283709
0.041262690317817034
0.028773083025977638
0.054245264005536836
0.039147566354367884
0.026756402208314586
0.027769441306591033
0.03403488299266125
0.027293484116671606
0.02415140942010718
0.029947774454873677
0.03975253438654666
0.030669380712788553
0.042675922780763355
0.02460463694180362
0.049680145957196754
0.02044116164596441
0.0317847846087534
0.025794639277349537
0.02515707088362736
0.04337300104321912
0.05363702524104155
0.03229107810960462
0.027005875286413357
0.026849423887906596
0.023077794068958612
0.03613739983256285
0.023747443724811697
0.029099843394942582
0.02475439782370813
0.03644967918749899
0.02464339404638546
0.03758501445020859
0.05043066120124422
0.037185196143109354
0.04505986673757434
0.034735195095806075
0.04180967052234337
0.04430264432448894
0.030173787308158354
0.04486278516550859
0.02733477815403603
0.030949067999220762
0.035655746981501577
0.04204213126795366
0.02160965220692257
0.034591262594719105
0.04260411052498966
0.04691089879566183
0.042488330826163295
0.03261983888883454
0.04223324196995236
0.02060167637420818
0.04451169146651712
0.02287386828897676
0.021573284943394052
0.019376411203993485
0.022954198316438124
0.024514966962548592
0.01984621066697097
0.04262701745106218
0.061090770955197514
0.02455232753107945
0.034578283483084914
0.08649318307948609
0.0641158586278713
0.0770980303734541
0.09477905102384587
0.046639536212508874
0.04379050141045203
0.08261345517200729
0.08261345517200729
0.08261345517200729
0.08261345517200729
0.08261345517200729
0.08289067418935399
0.0960668985483547
0.049690447313090164
0.05241014968603849
0.032343027358874676
0.04468521832566087
0.04355730828673889
0.0392198782825532
0.04444688315425689
0.09855889525574943
0.04506721423085158
0.04018897901095139
0.04100005115848035
0.04813869622031537
0.043482408823135
0.04619300160673447
0.04637502344558016
0.041818469571881
0.04226117342865716
0.03971283297093275
0.03784288514909955
0.0357147098693531
0.03520370832372767
0.03786197460877399
0.034283162080682814
0.021055983390348653
0.03017360494278061
0.028100705229056378
0.02437956228464221
0.0345979331600635
0.030149976503647244
0.02147082916945995
0.023936416360666044
0.039340501780582904
0.029200708605349065
0.029200708605349065
0.029200708605349065
0.029200708605349065
0.029200708605349065
0.029200708605349065
0.029200708605349065
0.029200708605349065
0.029200708605349065
0.029200708605349065
0.029200708605349065
0.029200708605349065
0.029200708605349065
0.029200708605349065
0.029200708605349065
0.029200708605349065
0.029200708605349065
0.029200708605349065
0.09053987926493089
0.0869958442201217
0.0669576731712247
0.07058780453711128
0.0720913126373974
0.057500526308237265
0.05411865242291242
0.03729078035491208
0.05573361109709367
0.04890543531781683
0.046165861304228506
0.05784672651983177
0.03217351637780666
0.033676347246898025
0.04631516221910715
0.028242213403379235
0.035845961668140566
0.04581715671500812
0.038089598157287886
0.029667747324953475
0.027880282730329782
0.03169161421634878
0.02885935328823204
0.028276546413544566
0.026052788283365467
0.0673374732141383
0.023765049615176396
0.024794464201744026
0.023406953328133872
0.051998954364486656
0.021767917963055272
0.029200708605349065
0.029200708605349065
0.029200708605349065
0.029200708605349065
0.029200708605349065
0.029200708605349065
0.029200708605349065
0.029200708605349065
0.029200708605349065
0.029200708605349065
0.10836854157193253
0.09048737018058697
0.0704013192296649
0.0719716314629962
0.08825401814344029
0.10274023189830284
0.09495454601012171
0.0899116492147247
0.08543386859508852
0.11581228779939313
0.053806455669303734
0.045803196500831596
0.08243289719801396
0.10687205921392888
0.04250572021119296
0.07423454803259423
0.04305109903138752
0.0391839762032032
0.09516225935270389
0.046891572601938
0.0360274190424631
0.030295433797873556
0.048017462932039054
0.04622955494793132
0.0413230029726401
0.043028850374588125
0.04081435517563174
0.024488670925299327
0.0393611516256351
0.033620169043618565
0.0235250107156268
0.04817131180277405
0.024012405807928492
0.039221171466633675
0.05088027675830138
0.03698018152926428
0.03652541070497439
0.03899301948491484
0.033081050827944034
0.02314617206361921
0.03967557776389488
0.02417517536727246
0.029200708605349065
0.029200708605349065
0.029200708605349065
0.029200708605349065
0.029200708605349065
0.029200708605349065
0.029200708605349065
0.029200708605349065
0.029200708605349065
0.029200708605349065
0.029200708605349065
0.029200708605349065
0.08050416420524319
0.08235926550657799
0.09674425849691033
0.10428331294407447
0.1047401301128169
0.09662798955105245
0.07815763160275917
0.07392584175802767
0.07392584175802767
0.10640931334036093
0.07644852810539306
0.07644852810539306
0.07644852810539306
0.09590249376371503
0.07529376851705213
0.07529376851705213
0.0668512542716538
0.07685220677871257
0.09680345935747027
0.09827604426071047
0.05360646459273994
0.042321829351906974
0.10472606525601198
0.11772860633209348
0.11490611531150838
0.09619252641374866
0.10155750885605812
0.0381134560960345
0.038891862301776804
0.1032311175748085
0.04253284114645794
0.028416665054392068
0.037254231944680215
0.03962300856597722
0.04605477358913049
0.03856862989564737
0.04502176066084455
0.04474951453118896
0.04286846901367729
0.07638729214319027
0.04313840550137684
0.033203350595819456
0.04802068850180755
0.10973700690704087
0.04218882978350545
0.04191077616764233
0.04132072258197392
0.0359012610053954
0.03906905452914847
0.02284587804887754
0.0334329981279249
0.04222110685193911
0.0354905653380168
0.040237665948613235
0.03548688991460949
0.03237800060849016
0.03905721691747507
0.03587423473674183
0.037448872331685076
0.04453074238418291
0.03163351139286533
0.03354169236496091
0.026774307403247804
0.03613055745527769
0.04188825237487132
0.01860683358429621
0.01605240750204151
0.014270351498077313
0.029200708605349065
0.029200708605349065
0.029200708605349065
0.029200708605349065
0.029200708605349065
0.029200708605349065
0.029200708605349065
0.029200708605349065
0.029200708605349065
0.029200708605349065
0.029200708605349065
0.029200708605349065
0.029200708605349065
0.029200708605349065
0.029200708605349065
0.0778548116919895
0.11847647393743198
0.07530086663706849
0.07546675679584344
0.07743170274829027
0.07577026062645018
0.06987691160291433
0.08745232575417806
0.08498621224736173
0.08498621224736173
0.07118892306772372
0.09992549552892645
0.06697957931959536
0.06189078869045867
0.07679271302651614
0.059235542782310704
0.11680560620501637
0.07910600287063668
0.07199846277789523
0.07512552171945572
0.07512552171945572
0.10591194315813482
0.06448764358336727
0.05871473267771459
0.11083884733263404
0.0682120801586037
0.060413231951533815
0.09513953071242819
0.10734383656022449
0.049999213176779446
0.07975899351450304
0.0811152079810078
0.0657324676925782
0.06966818757976095
0.0622957706792901
0.10536848137776057
0.11657740954154482
0.05154965739231557
0.07677076613064855
0.06435432841690879
0.07961385753005742
0.07790706642127286
0.1219181066037466
0.05822368952756127
0.03467151774171119
0.07487072431948036
0.06287997164879926
0.06268161335300344
0.0649902956505927
0.05106957222082807
0.0734605050397416
0.0559283844253514
0.07645743070247893
0.06677097820521642
0.05671737621635354
0.061311371062571805
0.1017812694857518
0.10441091902864476
0.10441091902864476
0.10441091902864476
0.07444152221549302
0.05037929836893454
0.11215541481040418
0.06998834664545332
0.10344421526106695
0.07199413772517195
0.10225100408308208
0.09338043265665572
0.09338043265665572
0.09338043265665572
0.09823586275801062
0.060183887959768374
0.06592780136930135
0.08170219582815964
0.07824114710713426
0.07824114710713426
0.07824114710713426
0.07824114710713426
0.07824114710713426
0.07824114710713426
0.06553743858666469
0.0844474346190691
0.07096398752493163
0.07096398752493163
0.07096398752493163
0.07096398752493163
0.05808062607985145
0.07580262390586237
0.053309818252649466
0.06995622649478415
0.0816427533949415
0.07124951272271574
0.06666804561507889
0.061826287377043626
0.061826287377043626
0.061826287377043626
0.09033245427378764
0.09052989257189135
0.06996738338066887
0.055550920569997594
0.05377539090210727
0.055550920569997594
0.07594491387562205
0.06241911974987791
0.06314067418784058
0.056057652807212435
0.06479666923114565
0.05225292246342481
0.05225292246342481
0.05225292246342481
0.03902165380112516
0.07447578704915941
0.051165948598839654
0.07222050488150368
0.04540349836888102
0.056731704925963036
0.05832195798750035
0.05672667018933377
0.055595751327152054
0.07948082527145743
0.05080046494433191
0.04796703581562421
0.0778400955721736
0.046239272682190254
0.05372328678825094
0.0775843719082574
0.05240822926221881
0.05951531164677969
0.05387558354549886
0.06852329690630238
0.04535720233475634
0.05379967260484894
0.06055145726248156
0.05652140499112041
0.0915608060049514
0.059783633038168776
0.09561709980169932
0.06401391608815174
0.04583563664675845
0.05490256057373093
0.07489274070287744
0.05068274997737414
0.03871958619546301
0.04169518594222609
0.0580061268612432
0.059160120424542884
0.07198634130569796
0.041033597412557965
0.04178299712152996
0.04092985472021004
0.06003846461593639
0.05996873531180123
0.05744216180969185
0.059301705648540516
0.07190780930531522
0.062155408764568466
0.038496071052310676
0.061063494274276306
0.05828411562310066
0.0410329265750867
0.050505352583131755
0.03874914947955403
0.06774564074662824
0.06288277633177737
0.06111785879281039
0.05245156316959765
0.05531316984677687
0.05908300869865343
0.06092675237237321
0.07824555798433722
0.07400300131179392
0.04578564302782373
0.04856936322001275
0.025745145936962217
0.05431948899136235
0.054956916761002506
0.032116079137971
0.06694730887499949
0.06694730887499949
0.06694730887499949
0.027503348542377352
0.04854316782555543
0.04863356224435847
0.06438584783735375
0.06438584783735375
0.06438584783735375
0.05774161889935688
0.03728791551994315
0.0590556862327503
0.05477014586833927
0.06526622117962688
0.06526622117962688
0.0365290936230061
0.06476251797905813
0.07936148258857428
0.044481997910382536
0.062455249661579726
0.062455249661579726
0.062455249661579726
0.07531939014482002
0.0622777044850712
0.03873750500788446
0.05863544507398425
0.0393375502031995
0.06143696569818227
0.026907958730201548
0.06400738219400713
0.06643730954344695
0.046930945434918006
0.0427987704546346
0.06249368988132725
0.046656247708015144
0.030302274556209645
0.03137144055295115
0.029518795638966065
0.034028205092375474
0.02592224663627955
0.04765976177062839
0.056464503399717314
0.030728035919213047
0.025122342944766084
0.04218809844382728
0.049694860079325734
0.07471999141736888
0.048454288673431926
0.0474832156409199
0.04737220733581732
0.066026964232636
0.049625431078796585
0.04329581757076085
0.03280381909105927
0.039966386590967885
0.06704771617000613
0.047764701740816234
0.029794742990052327
0.04278483278195684
0.01958112435687023
0.020209829774685203
0.019892937946521368
0.022953357756293067
0.024911223219241947
0.03606180270512899
0.024724269499226164
0.02729389239102602
0.03030064785814223
0.02770073970663361
0.04161991287527295
0.04780866718230148
0.02434777648265784
0.03018298348877579
0.04010581395860451
0.027709221340095003
0.025528627169163275
0.023847108252036075
0.019678360097653544
0.029200708605349065
0.029200708605349065
0.029200708605349065
0.029200708605349065
0.029200708605349065
0.029200708605349065
0.029200708605349065
0.029200708605349065
0.029200708605349065
0.029200708605349065
0.029200708605349065
0.029200708605349065
0.029200708605349065
0.09214253569332262
0.07294902496001063
0.08815140425693244
0.0525447229629693
0.04015460073482245
0.03922934366137876
0.037653719590355954
0.04707802010428471
0.04667374027504896
0.04989846360481655
0.04215815802065966
0.03299217861844227
0.04576246617400708
0.03298240092971052
0.03938520076568239
0.04671872804562251
0.03141483607430322
0.036384104588457075
0.02968513371461692
0.036580640133858346
0.02524638005377104
0.03476601281824211
0.025857436918886378
0.02339791021348598
0.026425544719289366
0.04034635685423078
0.030457227653047692
0.030318695585010574
0.03112022080536311
0.02285597523713174
0.029661827298502128
0.03142519137860897
0.03195905439710865
0.02991167878344034
0.02705794760103648
0.02601209039411818
0.024846311144453164
0.024932074195627745
0.025075454531470313
0.049048131498663376
0.022273726381439096
0.02570684861682821
0.029200708605349065
0.029200708605349065
0.029200708605349065
0.029200708605349065
0.029200708605349065
0.029200708605349065
0.029200708605349065
0.029200708605349065
0.029200708605349065
0.029200708605349065
0.029200708605349065
0.029200708605349065
0.029200708605349065
0.029200708605349065
0.029200708605349065
0.029200708605349065
0.029200708605349065
0.029200708605349065
0.029200708605349065
0.029200708605349065
0.029200708605349065
0.029200708605349065
0.029200708605349065
0.029200708605349065
0.029200708605349065
0.029200708605349065
0.029200708605349065
0.029200708605349065
0.029200708605349065
0.029200708605349065
0.029200708605349065
0.029200708605349065
0.029200708605349065
0.029200708605349065
0.029200708605349065
0.029200708605349065
0.029200708605349065
0.029200708605349065
0.029200708605349065
0.029200708605349065
0.029200708605349065
0.029200708605349065
0.029200708605349065
0.029200708605349065
0.029200708605349065
0.029200708605349065
0.029200708605349065
0.029200708605349065
0.029200708605349065
0.029200708605349065
0.029200708605349065
0.029200708605349065
0.029200708605349065
0.029200708605349065
0.029200708605349065
0.029200708605349065
0.029200708605349065
0.029200708605349065
0.029200708605349065
0.029200708605349065
0.029200708605349065
0.029200708605349065
0.029200708605349065
0.029200708605349065
0.029200708605349065
0.09754485529537002
0.08128118844392399
0.07231646560908606
0.10542964177206159
0.053735700257432954
0.040931332094284394
0.07381913131374555
0.049062890416632095
0.07495221014289806
0.0677745615648261
0.06930504686043908
0.07417003183159977
0.06356130707077683
0.05848676143834988
0.09127708864087859
0.05730815581201265
0.08183502628778418
0.064116403774824
0.04974363144331922
0.07573435972755153
0.06264033815823496
0.051585819359558326
0.05635218325847139
0.0641212138424938
0.05828912311932072
0.06023242420284078
0.06474053699678431
0.06242390348187958
0.08489998266721765
0.05654324203574409
0.04622799008075769
0.0629762411195164
0.03188127958914265
0.06178066631662659
0.08580568168583946
0.02891197715808327
0.07048947543681909
0.06014564471435733
0.06309525407773132
0.06010780128068291
0.07047279746582111
0.02713847074735289
0.03674210782240455
0.03726284999633208
0.07709325890095595
0.03475199857261032
0.06719888869207352
0.0626656901727741
0.06731837821503481
0.07523315034806728
0.06517011568648741
0.059651738510001454
0.03092648515012115
0.06498953226720915
0.06110234980083381
0.059755968503498784
0.06489718067692593
0.059917752947658304
0.05708301062385241
0.02671714948723093
0.058215379652877645
0.060235773805373656
0.07649624515324831
0.03215940406623607
0.07665932127274573
0.05868399144771198
0.06033390396585067
0.07507478854929407
0.06276491108350456
0.08285437424046298
0.08092959944158792
0.0676822553970851
0.029021862820566943
0.07345020999200642
0.07345020999200642
0.07345020999200642
0.07345020999200642
0.03199601407395676
0.06878195655687401
0.06878195655687401
0.06283161428446571
0.06611096931155772
0.06611096931155772
0.08046613370534032
0.063052801626424
0.063052801626424
0.0628774104694215
0.0634535114094615
0.07036961002585788
0.05721189258309702
0.018959976367962858
0.02821289668402945
0.019012136144253115
0.06863472193091487
0.07416948345800241
0.019883893132209778
0.07339762675575912
0.019930080331784363
0.038597627783504625
0.057356135900287576
0.02089336064644158
0.06909926518487433
0.05098513360678529
0.023598858936845015
0.061941136340610686
0.02044082379822309
0.030761321456326794
0.021585971328895538
0.05167466944626843
0.07145582463204239
0.06398731443487729
0.07172330912047377
0.023297281449194997
0.022983089909733582
0.02416201034327969
0.02319124319978679
0.05398955413761238
0.03556995692313649
0.06206124259857461
0.06274982649289693
0.03053265903222685
0.032232996271147084
0.05963076435184727
0.05666513465422516
0.021692000531281033
0.05514776452211663
0.027569615530471006
0.06925904924438024
0.05386681351267422
0.05712813342300554
0.0344455174713706
0.02213455261584992
0.050710694801528004
0.0662262262792016
0.025072630709813287
0.0647197025657321
0.0303643655939959
0.059346792375048
0.03107706519542262
0.03699255528200107
0.05529643856183005
0.04906391163240187
0.03113333415434075
0.030614517810754478
0.03036655513724933
0.030568040976456056
0.02853796202611799
0.028169664087860535
0.02683813973252351
0.04746065711447348
0.03398941167475035
0.034250152055174114
0.040951352207145346
0.031050828920172836
0.03507889544668918
0.029200708605349065
0.029200708605349065
0.029200708605349065
0.029200708605349065
0.029200708605349065
0.029200708605349065
0.029200708605349065
0.029200708605349065
0.029200708605349065
0.029200708605349065
0.029200708605349065
0.029200708605349065
0.029200708605349065
0.029200708605349065
0.029200708605349065
0.029200708605349065
0.029200708605349065
0.029200708605349065
0.029200708605349065
0.08724710370569179
0.07911434716545046
0.11097626452023784
0.04892588520655408
0.06706521445206211
0.04866250134189613
0.04351491553553691
0.04132368084120874
0.038938315220099565
0.08929726272200544
0.04615219690371305
0.0916478240909055
0.09086891281108062
0.09651625019032509
0.037037594304032
0.06481610663797861
0.02294531446765177
0.05096813205940028
0.08412545870368679
0.051457389447217186
0.03670021974947304
0.05112199510913342
0.03337156616306553
0.04695060899946839
0.03740576030453667
0.04035494883467133
0.028808662441248696
0.024065078225297232
0.032734250222177554
0.018827472475046913
0.03225998422208553
0.024611667410160104
0.03152269436356922
0.026024278620413194
0.0264949454809539
0.027079265613962587
0.026614011988664667
0.035945109549793415
0.03251052800255517
0.02252784460472564
0.043944744966963
0.02608118165284395
0.020469516644176716
0.039131911136209965
0.05001227206395318
0.03621396627374149
0.020696317637727286
0.03089445834280923
0.03390800419185931
0.020255620784203832
0.02013738442212343
0.018143542057368903
0.05601521633177375
0.03821968878308932
0.01846313081177262
0.021014895264524967
0.01988317715469748
0.050186682839412244
0.03205667207327982
0.03798561845906079
0.024443221140342454
0.019013007345298927
0.034585130629517756
0.03707583593204618
0.03896112320905862
0.025939838325915236
0.027637417481358475
0.024643184951661776
0.024739398060676952
0.024008090414572508
0.023072927381144838
0.020589390541038786
0.02882007014666063
0.03989687628423174
0.03300138135634673
0.02803196641888159
0.048450611350126564
0.02902862472537284
0.040671256887726485
0.023817742828590175
0.02782926112723847
0.026731350226715828
0.02139459062484093
0.02181255181164791
0.020317748569262526
0.029508804796884457
0.02376600112882443
0.038298238384692616
0.03540844740578905
0.022867238224716858
0.02276034519619619
0.03616969692986458
0.02289842274854891
0.022443103877982745
0.027102563141379505
0.025339427465805784
0.019127783183551704
0.02782699716549056
0.03332348119001836
0.04397968928640088
0.025779227267873163
0.03741042056664204
0.026659743406732255
0.02917236800848817
0.04469779347535223
0.022763196389035633
0.023881565731329223
0.03252661045989953
0.02115702838442909
0.024794052989066888
0.024678895448644957
0.024750595590642965
0.0411861745097364
0.029350397737386326
0.03185561740615716
0.03591311611002311
0.02526563956984319
0.02750714112150793
0.021993036076504116
0.044306288953715314
0.026257864757208153
0.024448290166522686
0.041040691106269754
0.027274268333955357
0.043889276798969756
0.03778907687713703
0.028328127640609938
0.033761577557306736
0.020872494649374858
0.030980749478330835
0.03341452373036494
0.030781603511422874
0.03521803248557262
0.028076036454488834
0.03232485835673288
0.02941506798864187
0.02580905436790393
0.023037828485636663
0.021632929625920953
0.019969707257890452
0.01748755936510861
0.01550050953325505
0.015475318559911102
0.026556908888742327
0.014376492106821388
0.013802245887151609
0.018274574539779376
0.029200708605349065
0.029200708605349065
0.029200708605349065
0.106676504611969
0.08868870910877982
0.05285201243745784
0.05034122362655277
0.08564143614998708
0.04823322781206419
0.0611003624034735
0.0546723872582273
0.03385775954928249
0.04126632851354468
0.04342156918719411
0.0556506971079701
0.0388888467871584
0.036102886574032406
0.03505428859653572
0.0326695548176455
0.02714598840374189
0.029701419925161947
0.03147766504669562
0.06518078663231185
0.03430553122772835
0.0560024345611843
0.03195872525762146
0.029493989448528737
0.027675794233024742
0.033634556940135854
0.031047395980761696
0.02818261580270094
0.034132671483481924
0.026590456665338328
0.02586128129119364
0.034383880321790156
0.02984637727883334
0.046339363226822264
0.02842174136623119
0.037541749908123166
0.022926271031610667
0.030410057677266497
0.025367237199873972
0.028628679784014822
0.023956908947632957
0.024445531645324082
0.040422897731574876
0.022842098566858718
0.03616997787884126
0.0331580662742878
0.03255895654244038
0.029102335329322767
0.06254311240278185
0.03373882356875887
0.039913383454162
0.02924854151826973
0.019497309536673127
0.027854598792425047
0.029564078581364204
0.02661004449473694
0.029156706254774085
0.030106983290364344
0.019404582156954953
0.025738745086515944
0.028840588231105357
0.029323452362635484
0.030508518933784215
0.03844189735207086
0.019283913319619993
0.04258633718437826
0.02918257878239577
0.030445451320459446
0.02777288992734005
0.02006071255309507
0.024751768567754576
0.05783810776658356
0.0172817045962438
0.024291976750828326
0.022402297691442072
0.02880158001401772
0.03811554297882443
0.03454374550996969
0.034043231702332075
0.02610321606043726
0.03207028728405324
0.028437419954376916
0.03508610578021035
0.036436136438666535
0.021845855643817535
0.021317499879126747
0.035582245913489415
0.04084331548617532
0.03162718346264834
0.036710568173633266
0.030951511595242967
0.02817802093535041
0.027329313672768574
0.022097928763832896
0.02167915725071604
0.021523623790902394
0.0279754356162933
0.02865398064876596
0.03426527313500022
0.023352977025788278
0.03878483955748379
0.021527542089267323
0.024507910260775437
0.028970719056669623
0.028545106824797887
0.03476102019427344
0.03157641681997726
0.031502367743135744
0.030313557447710384
0.02978634262923151
0.033762406990863386
0.030273300690265993
0.038059832835569976
0.030801768354916326
0.025710190105407187
0.026625066442259898
0.0336119365428264
0.02712067139140951
0.022368000712400922
0.03245255637991552
0.024943713354102025
0.029766303290768216
0.05081188595970161
0.04812449215135227
0.035533169627500076
0.027396435130697984
0.03265500943564499
0.031935328415905434
0.058567092582428204
0.038830416774532445
0.03874681063462049
0.019680909102316946
0.04570904043425495
0.033582868905893216
0.0605984539942195
0.03766401120228693
0.014642872471401157
0.0959940749530991
0.07804353128342578
0.06781978563560793
0.077892479316021
0.06050981784821488
0.07850981490376095
0.07494647738523781
0.07494647738523781
0.07494647738523781
0.07494647738523781
0.0715187595412135
0.0715187595412135
0.06464264741555477
0.09640367615036666
0.08676229261793196
0.06030790725567688
0.048558762892110585
0.04676925174309872
0.05152791360315556
0.045404878558086545
0.046869594042461056
0.04171153005464778
0.040945686488606345
0.042667429859090285
0.04358348761238934
0.04245442134774445
0.04284804215480108
0.04063720569111562
0.03984056426891281
0.03893821977447563
0.038540295092971064
0.0530215949503084
0.0376895433049261
0.03985198508307804
0.03763390126696322
0.03806521318406643
0.04347527092089876
0.043467068611644205
0.048598303571925495
0.044219695592764764
0.029941677332972177
0.036863647850696
0.03245780115326246
0.028449441563570873
0.0335465634536619
0.034792093396342046
0.03256631017390949
0.030730861220120764
0.03522312441530327
0.03490419127667944
0.03050627308121572
0.031515973617400356
0.033000739849327755
0.032697032051316154
0.032493075881308564
0.03252266800225091
0.03316178609345419
0.049599035853364816
0.03591581816591012
0.035343565782532095
0.03392384882899933
0.032807917843650405
0.03296713517551931
0.03730951527735063
0.036454174950292025
0.02776403113345926
0.03910689472861122
0.03737649967932763
0.04961315339508777
0.03371395815008631
0.03060407771418492
0.042433995732377904
0.038671378625440414
0.03569861980465551
0.04017263060843106
0.03449782963842154
0.03954578402549184
0.032947048555749155
0.04046176631896136
0.03286379964323714
0.035301555026477825
0.03455222382908687
0.03956405876534215
0.04004696771580105
0.04004696771580105
0.035457432186231014
0.03654373400689413
0.03428323755661646
0.032859045569008836
0.0364333852667672
0.039787473213703684
0.03953109589094917
0.040108584535773845
0.031978336689838516
0.03240090552717447
0.04183591887936927
0.03714744902215898
0.03804891304268191
0.043393747205263934
0.026686841051559895
0.03783659836587806
0.021518048918806015
0.03558349971969922
0.024947037658033272
0.02153089388894538
0.025570100971187153
0.024566289527962606
0.047937213661304365
0.03828122985549271
0.02628801130068799
0.04218155910105755
0.0423445942842712
0.029699374308499196
0.03506011477749174
0.04245867913356051
0.040622304983747505
0.03984881226206198
0.0317842204348805
0.03757173377011592
0.04047489647753537
0.03782356669272607
0.03782263280513386
0.03313027395866811
0.03515221798870092
0.029200708605349065
0.029200708605349065
0.029200708605349065
0.029200708605349065
0.029200708605349065
0.029200708605349065
0.029200708605349065
0.029200708605349065
0.0943064730335027
0.07908819297095761
0.07597225266508759
0.08251658460280548
0.0862584692100063
0.0848879387586688
0.10784985927554468
0.0804570318898186
0.0737786419223994
0.07699433042823027
0.08870823040604592
0.0686627500205456
0.1080960406921804
0.07821463782029847
0.07652307443902828
0.0740102217765525
0.07036588173359633
0.07544777264352888
0.06871990125238274
0.07344432570040225
0.07995795876098176
0.06740830816871797
0.07053866244697322
0.07045799973265578
0.07460346932367733
0.0686621913088796
0.06617543804769714
0.0717951471482714
0.0511607297436179
0.07299832148011774
0.08240452095866203
0.0740202375066777
0.07817316520648698
0.051875195207928
0.10832973402924835
0.03790364992494384
0.07679925545584411
0.06902642805750171
0.06897659953062733
0.07219116595108062
0.05582546586403623
0.0604792005289346
0.0779247103119269
0.06363304566203927
0.06967304864743104
0.0816849135646286
0.06808534819011887
0.05847127967979759
0.05902022460630785
0.0762385883073633
0.07768182290329909
0.05929746107275908
0.07745580343840022
0.08216985683732976
0.08711125742799292
0.0831264144849653
0.05677168024199394
0.05834386765413607
0.05541775219142437
0.047810746545825775
0.070882699235032
0.06194007265691956
0.07369579614760975
0.05978052706768115
0.07506885531824083
0.08129741065436974
0.10527975467033684
0.058209773305182656
0.05081295484754567
0.06501061297409857
0.06781435994120935
0.052404724643177664
0.07475399588545163
0.07673193046357482
0.06516839215221504
0.06031693093168239
0.05224317613717479
0.050522142643652235
0.06717076528817416
0.050767889640216404
0.03315108120984708
0.053894445955908546
0.060028682628956935
0.06913868679354589
0.08021846236350635
0.07137039894703776
0.0798417278402485
0.1055434729034702
0.054856930381308
0.046792392800950135
0.055584525261850405
0.08748758125506963
0.059224721336892494
0.07093571819209804
0.04607950496991786
0.09932689725421369
0.07727006705245003
0.07727006705245003
0.07727006705245003
0.046812635854973146
0.07405042362088958
0.07405042362088958
0.07405042362088958
0.07405042362088958
0.07405042362088958
0.05851425404272353
0.06549372552661226
0.07212404485015819
0.07184527156874537
0.05389152950840071
0.051161277135058
0.05169043261324987
0.05790927421379213
0.0758590225429119
0.06706974890471126
0.06706974890471126
0.06706974890471126
0.06706974890471126
0.06706974890471126
0.0713953932452326
0.05587629861586417
0.07412165581869583
0.05028714872702646
0.058227408117381856
0.07002489307002785
0.05347345083098238
0.05784535621991381
0.06518096298056965
0.06416583571660643
0.06426556644417966
0.055047030540493626
0.0646854686131701
0.05102072708735553
0.05068960517295636
0.07028072378520543
0.06262339484334613
0.06262339484334613
0.04684393478479857
0.04485376873325246
0.08489749214223896
0.05899138101376593
0.04201084381318651
0.08566664099072417
0.03811699841947605
0.07194140498215953
0.0646799381240271
0.06017743843995656
0.04455561080404247
0.06613310663184772
0.061091064780484886
0.04833418467547745
0.045945991225695856
0.08793455539271236
0.043186720993059376
0.05987717465031892
0.07123395327245817
0.05415672359056771
0.07121080716916671
0.042131212944708146
0.05270456022272507
0.05389279417965251
0.05368870200123638
0.044075136641428495
0.07791208970050018
0.06549664575296144
0.03629076794255525
0.04957221050319883
0.042133874863308544
0.07201174698459606
0.06928966984773675
0.04552394071904321
0.03741744420723989
0.054348268214768417
0.07271506807456414
0.05271375599744109
0.079480078642567
0.059804323852683104
0.05578959955523411
0.06335992137047773
0.057389798241201787
0.11065625825586418
0.08049860921455547
0.07896723180116776
0.06336595607067769
0.05082350728839325
0.0491621864575427
0.07475249407192071
0.04486712375267719
0.06293366837625702
0.05104720732468801
0.05414824235408256
0.06957757424796
0.0417407541074014
0.05860857895808294
0.03979688986825446
0.044438055962091313
0.07987758604343981
0.05127408225360947
0.051358420347872503
0.041688367462484166
0.05163761274384645
0.04860949099956391
0.05392921886057593
0.050508742859819905
0.04909706237221447
0.1052508245036006
0.048322381504500904
0.04421292497271982
0.059913379855764407
0.04751804122158016
0.05669026916497387
0.052251190235450246
0.046248062558394545
0.04909249902974504
0.05013321590415823
0.04835877921083011
0.047372897486978524
0.04782576299388893
0.04757238334510475
0.05565365280606784
0.038844212802359834
0.041406348244830346
0.04388765609357506
0.039461585006599006
0.03005849799645754
0.03653992462825651
0.031089233591531713
0.031231899470246086
0.03898703369195573
0.03279643044418966
0.024045320458050506
0.03517314237658866
0.033523163528104
0.03838487024457815
0.021585364265483804
0.03722025990136899
0.03675514019249628
0.026546960877021776
0.03500269208103418
0.027476107902281607
0.029200708605349065
0.029200708605349065
0.029200708605349065
0.08811032884172164
0.05490716267959215
0.08083067808998749
0.08830732306543117
0.08410398569035654
0.050381748488095277
0.11609478378357986
0.09440404561425869
0.06258346060601373
0.09271795967360959
0.10699620163068176
0.09436386610846967
0.083111317063837
0.0513963617477566
0.09064116083085537
0.09064116083085537
0.05995882170119633
0.08671779166674241
0.09036035351765652
0.09036035351765652
0.09036035351765652
0.09036035351765652
0.073903096774593
0.08830459017306566
0.08830459017306566
0.08830459017306566
0.04781084827147424
0.11208476593873153
0.07162038546133166
0.07890547460876406
0.07890547460876406
0.07890547460876406
0.07890547460876406
0.07890547460876406
0.07890547460876406
0.036118667346114915
0.09772990696287404
0.0706753670765708
0.0706753670765708
0.06947895223585268
0.0706753670765708
0.0706753670765708
0.06457388528700297
0.04167649882961996
0.03591124132508412
0.0656307837832719
0.06343887557974086
0.06343887557974086
0.03312761044013314
0.09494601171153287
0.05906465197680518
0.05906465197680518
0.09662546918882678
0.03738555936259218
0.04797008955385536
0.09796461971942336
0.03963707628194243
0.04960265284559379
0.04048601257886427
0.10867526111503442
0.08271278343784312
0.041021210690572234
0.09511315786434958
0.10380907370708883
0.06744290524239963
0.04108706372479598
0.10433265790032843
0.03561269543560532
0.09844444139084468
0.032301009799509
0.0622984857201421
0.04902256983603972
0.08779979407787324
0.06411048106150702
0.09162703453407933
0.023963988648805147
0.0656465325752894
0.0724031472671777
0.057966786957113076
0.02270548988172474
0.03411149171025803
0.07425225055621316
0.08479139694012701
0.09628172139947613
0.059062781617588676
0.06435605695315948
0.03534255341316263
0.09991058006261785
0.08022722687805071
0.0534253730760732
0.037951333376501376
0.050335566943200925
0.0758448046996879
0.08639178415372346
0.08350273605668918
0.09974293045699596
0.044258555898365255
0.053789171376265585
0.029770986632599184
0.05768246613132457
0.08041525239357725
0.10163585921206202
0.10780715960388382
0.08736752001335844
0.09138047217391432
0.1006591546908021
0.06072077977626274
0.10467858337176343
0.025128812179124604
0.023052703845702734
0.09014146460763489
0.05411103454884142
0.09867585331279163
0.024229099060952042
0.058298840021404126
0.060336241953385376
0.1023569924935388
0.09208316719469925
0.08988587645037721
0.0831812125366802
0.08235577763523906
0.07225478203656772
0.0854877306598549
0.08873481378580134
0.06552740716841071
0.08315832228555034
0.07232220872305334
0.03960029663944927
0.0557412370822082
0.05879424748166154
0.05517186278632531
0.10677567083310957
0.08514011671611418
0.03886162223566013
0.05573966510593891
0.056219130782410504
0.073205983627898
0.02862664531644744
0.09823227873072028
0.029392330060557772
0.030834547230818618
0.09884036708623171
0.0862151420287167
0.09062425308084736
0.10706478926935233
0.025009758269103864
0.03439193711305658
0.10125563110612953
0.07430915288006266
0.033876269192745286
0.027848757622608293
0.02620245440513827
0.023950118699576705
0.029269102776500706
0.038043202840102215
0.026410779719008133
0.019422651395046463
0.02156760613899678
0.03430955135341113
0.02096827294599886
0.06887841218578009
0.018758541647500047
0.08144148600753397
0.020086023305387547
0.07427499031027159
0.06038712574906337
0.02598501619921687
0.018124738643721987
0.02129886524596562
0.020873890119449547
0.021161353705295673
0.03599400881173399
0.01889151521259919
0.041166563626223555
0.04742196146010732
0.030806049559032544
0.02296056381155116
0.029083783728225777
0.01578165712475311
0.029200708605349065
0.029200708605349065
0.029200708605349065
0.029200708605349065
0.029200708605349065
0.029200708605349065
0.029200708605349065
0.029200708605349065
0.029200708605349065
0.029200708605349065
0.029200708605349065
0.029200708605349065
0.029200708605349065
0.029200708605349065
0.11047223947942257
0.07118200712837279
0.07735714661112676
0.06729578203056008
0.06719854983927992
0.0851663102939104
0.08527893819846213
0.06231945527717471
0.05576774038219204
0.06201695549612244
0.057853280656660594
0.057697087679989635
0.11855077075771987
0.08894114198473592
0.052924800482578575
0.06544518110652765
0.05268561305400605
0.0501317340383927
0.05799756806033353
0.05309141881375884
0.079104701471515
0.060319368682491284
0.10772315532589952
0.05787205470105012
0.054229020181422435
0.05498691903582464
0.03893865442524354
0.10359012929722666
0.07575581779548278
0.061975745176896455
0.05842463651051124
0.042345355955379395
0.058507571085356175
0.06131750670882563
0.08353917931206524
0.04863070416109016
0.059366792747362826
0.07853506808945289
0.037585702421880945
0.07262884447816759
0.0573730036932587
0.06629926293777923
0.051780814252754985
0.05463923809739451
0.058937994033719104
0.06155455882505824
0.10286735455195109
0.03698796558193863
0.03444750009570271
0.04765253660094459
0.04468062580097467
0.10724753744900227
0.041264338029820165
0.04103388645220548
0.057268973574973646
0.04491120229999069
0.051707904829333226
0.04281709421426058
0.06097032317620081
0.044680079605119924
0.050034655276685956
0.03610891579184681
0.04221102497695635
0.034194338318387356
0.03602605095366016
0.03798305217079663
0.0682478937972337
0.03515517997167383
0.0333435252844356
0.037283651703813425
0.038712616122017304
0.03499661121730848
0.08091930078342557
0.042622202982505165
0.03498685463642081
0.0365608194974872
0.04012708812796821
0.04355416530743241
0.03297139703761786
0.04662846204359084
0.0522674264308686
0.044981684696588975
0.060420754939938585
0.046626385285053404
0.03937793830720087
0.03246961248262475
0.0431575868447544
0.04906008313254764
0.03450413449201733
0.03851666251818339
0.05284797550198467
0.03195999323157594
0.03948703554458916
0.0432171958417166
0.03240792061047008
0.052877278081917514
0.04546062527379642
0.05664655704439307
0.05170458182770138
0.03272862011566758
0.03138313356554136
0.040076295003915824
0.03822084086248651
0.03368165846526002
0.03884059777405734
0.09639106571519127
0.06625227132385286
0.035332619498173394
0.02796191398209582
0.046362119837819286
0.033429339314655714
0.037722498315076035
0.028703720094636082
0.04900393110583536
0.03451921711132551
0.033984401040555286
0.053250829452105485
0.03052360944605122
0.03423928117922818
0.0463089447763438
0.037081977405274906
0.03335523023425291
0.03097083692594121
0.02804531321239968
0.034919367996044455
0.03876508643229803
0.050332772576560575
0.03448898853889356
0.04241606918357623
0.07175524384637053
0.11583480050166448
0.035310083734802905
0.030776125281893957
0.05756523184478283
0.039888163326929016
0.03279831633825476
0.04448696539310428
0.03520775190554559
0.05416180213758101
0.05416180213758101
0.03471395179318885
0.03604975530140413
0.03334273559895034
0.05683922410670978
0.03361103595312064
0.02764386683857689
0.05323537224282821
0.05323537224282821
0.04114338093941721
0.06649666419019923
0.07950667088463281
0.03716819430779045
0.0565736893308349
0.029346095879251757
0.05470288241670156
0.03326063752019157
0.0582457911890621
0.048244189363904295
0.048244189363904295
0.048244189363904295
0.048244189363904295
0.048244189363904295
0.030542647669402262
0.03504008108594765
0.04549765740055591
0.05830250810404929
0.048524754201062024
0.03854301574407146
0.0471394794411026
0.036401712618147335
0.046716546483027435
0.04085157521418296
0.06638510102018093
0.0691543820197694
0.05184139086709668
0.044238173521201435
0.036316547389142216
0.06201548157065796
0.045748708406463265
0.028398717196347813
0.02665790209158634
0.05963570583534117
0.0433027558059742
0.050450453545587755
0.048735886348101
0.04794367012878259
0.07363962277459601
0.056897202852802975
0.04952644232970973
0.03614609296123187
0.047924644617984694
0.03494604790001176
0.03236302666754151
0.047819395210050665
0.03724992274384325
0.03125793118961155
0.047406970745263004
0.03491373753640801
0.04606756930549939
0.044795218302169815
0.03519931077957153
0.039057307687277595
0.0700769207944783
0.03794252492797871
0.03689248966557595
0.03691181197296828
0.04424122907531758
0.05770583857937406
0.04543541366661278
0.03550564759255697
0.04321470837496842
0.044508984651959814
0.03104695765961272
0.03649806858273223
0.03850289775446678
0.03519100600853562
0.03606457338551991
0.04306439522653818
0.03363580148240241
0.04469507734407671
0.06516343595304837
0.04958187838550657
0.05222842709006121
0.03272196216702772
0.07593165616272017
0.032688626206169524
0.04573974781669676
0.04051700959098525
0.039057799866423014
0.03311347400614371
0.04831555716771012
0.0320863864912341
0.052153662991089124
0.03531597161355118
0.04239570343401283
0.04709484984943022
0.040116001648517946
0.0323185943152445
0.06671067611780018
0.032116213362508764
0.029470035821820298
0.03551508762252827
0.030064514093101024
0.035005629283065595
0.03045311474784588
0.032541016280495876
0.0344774155287693
0.029806395561123886
0.02969858833278219
0.051408888082951305
0.029452436442176502
0.03129577863262966
0.027495798758851987
0.05091978113011768
0.04398006416702022
0.02929156529561927
0.029377471210124594
0.041004015752114355
0.030799379124461363
0.03178896924713626
0.03570163663243875
0.034655404121925436
0.043384557124227285
0.07131630821308742
0.027044506358603636
0.02654667938904216
0.034453845340758564
0.0377890829280174
0.046865840636504195
0.02977845462349554
0.03188317067067449
0.03655192881667366
0.03069403688500946
0.03185971342842095
0.03149470054001237
0.03666468037137141
0.02945332738570869
0.04768440277160456
0.02468577505205758
0.02628494762039433
0.04111783341815074
0.028417032241510848
0.040909477396247285
0.037033604042759787
0.030585748651841035
0.027848068418291707
0.03531118644944702
0.021011616067262366
0.027848579251828293
0.025585072125929097
0.02188448679225985
0.02027054843395793
0.023248182766449948
0.02064965087202533
0.019770238364192966
0.021475402144521163
0.022208731129261045
0.02604548024207664
0.02785561575476701
0.02166919741682553
0.02168559219435944
0.025007260840696592
0.021626040183279353
0.047881340413199115
0.020633246207338137
0.03286462466232479
0.0260614037180009
0.025605893390020354
0.0295224275207147
0.021506563858517135
0.014507085423683747
0.014385462218973164
0.029200708605349065
0.029200708605349065
0.029200708605349065
0.029200708605349065
0.029200708605349065
0.029200708605349065
0.029200708605349065
0.029200708605349065
0.096127529606844
0.06614400012806679
0.08125254096230491
0.04952941580714348
0.06120291749675137
0.06001927212967227
0.04299702457617968
0.05640501715242863
0.06040489855455235
0.05819720514661943
0.029237371455722798
0.04810556438635103
0.055915590904963515
0.04282223035775436
0.05310048656188883
0.037987661629061524
0.10381627562611054
0.033494825035256026
0.05280385296791792
0.029815365022125964
0.027615583304626247
0.04905890928154501
0.03862378913637561
0.03476863067635956
0.04345078659321492
0.030399255526717753
0.028874825966001178
0.029216756029830624
0.03424861912693208
0.04388112351880409
0.021940046360638614
0.030663900608196855
0.034871186600842825
0.0334580176587527
0.031077506583339225
0.023850068814742068
0.031005325501707072
0.0717844366080438
0.02919187652800853
0.024140127059460306
0.025714827224534626
0.025089475776379308
0.02754265794045447
0.02927370951666186
0.028962016144456964
0.02417740790483852
0.03615516345113671
0.027892869813367725
0.03571617564749128
0.032825314404132465
0.023669939844015365
0.028475634549589207
0.04042593471861134
0.030237794675243398
0.024648471551093582
0.03985936405990893
0.029709055486600845
0.029345673550851645
0.031797359893098474
0.034806912014610135
0.03405337509388725
0.027154781808300565
0.026126196356102204
0.029219230852710703
0.025612294124051308
0.03108957623965883
0.034400562521768735
0.0440624620183371
0.03447562412106587
0.031624968174922594
0.04341865225462243
0.03731663497436481
0.036947471502159414
0.029643530553439632
0.03004985606841122
0.03363654262619093
0.033207587543874977
0.03971241883002222
0.031945350201955686
0.02976316352452462
0.03679721420941254
0.027190273162559606
0.03402967278379947
0.03391992530242229
0.0270812398288399
0.02976643622542421
0.027234899703568467
0.027616797862574458
0.030109924927043417
0.028132063035542765
0.026535863927565514
0.021009840441013998
0.021009840441013998
0.021009840441013998
0.021009840441013998
0.021009840441013998
0.021009840441013998
0.021009840441013998
0.021009840441013998
0.021009840441013998
0.021009840441013998
0.021009840441013998
0.021009840441013998
0.021009840441013998
0.021009840441013998
0.021009840441013998
0.021009840441013998
0.021009840441013998
0.021009840441013998
0.021009840441013998
0.021009840441013998
0.021009840441013998
0.021009840441013998
0.021009840441013998
0.021009840441013998
0.021009840441013998
0.021009840441013998
0.021009840441013998
0.021009840441013998
0.021009840441013998
0.021009840441013998
0.021009840441013998
0.021009840441013998
0.021009840441013998
0.021009840441013998
0.021009840441013998
0.021009840441013998
0.021009840441013998
0.021009840441013998
0.021009840441013998
0.021009840441013998
0.021009840441013998
0.021009840441013998
0.08146969987079501
0.1005670452148964
0.08678026107760767
0.0757441319571808
0.0635377918323502
0.07291099996732858
0.05715219024180745
0.07625876819792514
0.056125313866262634
0.06472829308593646
0.10130781989777461
0.06474442523981755
0.06895619538302222
0.04677886590594426
0.0460622198251076
0.04009060548696046
0.043386302443686874
0.046806889780176185
0.05384455947205424
0.04398237475814919
0.04666924836890151
0.04120310654708495
0.042223259460879486
0.0561160865596806
0.03427112811788296
0.0306299971564052
0.0306299971564052
0.04610241730387012
0.02946322803540776
0.04220874440545837
0.048190267165191474
0.04687081638723612
0.0573056262327979
0.05205718626112987
0.03091242988128215
0.06622783140376365
0.03003644473423871
0.03566171548406904
0.037290198563908535
0.029372391231590883
0.03902501047278444
0.04358753469462196
0.0522311206216303
0.04882425083002696
0.04066950927022844
0.048403845869470385
0.041646034902272124
0.04592184635422503
0.045157705088301255
0.050780482711658505
0.0459149226360023
0.05046445284659664
0.04704253083638226
0.04874552447271223
0.050109894461153694
0.04727017690117161
0.04500340674382945
0.05230701336637139
0.038033704145345834
0.0572015446703881
0.047696546240864945
0.05344213900777201
0.05344213900777201
0.047467129319751014
0.03685943196411245
0.049431049157865344
0.049431049157865344
0.049431049157865344
0.049431049157865344
0.047052626186826575
0.04553916694285969
0.045021501667797566
0.045021501667797566
0.045021501667797566
0.026184596775177246
0.048818958369859805
0.03475739957454304
0.045032051239783565
0.045032051239783565
0.05070460373225311
0.049206189553563796
0.04583739438249419
0.04592428913883244
0.0452277328632772
0.04730699242946381
0.0481848149424574
0.04688538895531868
0.04673038808861747
0.046796169280617805
0.05002472646689663
0.05030229464638978
0.0459232011747857
0.03622266137196372
0.04978831360582262
0.04897882849133263
0.03370625676199173
0.0496547769025589
0.04772766774209837
0.04738641068028907
0.033521493136649955
0.04383216270788883
0.04374001298332587
0.04419376312677438
0.048313603934366255
0.04335604200682913
0.024044248413604995
0.04537042724667117
0.04108436719902481
0.04754043414335077
0.041007503078629576
0.026347108023862045
0.03872641433534833
0.04280123753744798
0.035553784794174134
0.041227300052608676
0.033443733277575424
0.03203157921069457
0.02341867991179849
0.02312961677943046
0.022346061397111042
0.021853023278915012
0.02213746854608568
0.021312146251633142
0.021633489412876468
0.038204850429901856
0.027747810856672005
0.027337783162559692
0.028189841437075907
0.029200708605349065
0.029200708605349065
0.029200708605349065
0.029200708605349065
0.029200708605349065
0.029200708605349065
0.029200708605349065
0.029200708605349065
0.029200708605349065
0.029200708605349065
0.029200708605349065
0.029200708605349065
0.029200708605349065
0.029200708605349065
0.029200708605349065
0.029200708605349065
0.029200708605349065
0.029200708605349065
0.029200708605349065
0.08844553003398081
0.08598897174932063
0.11094351351261139
0.11177574880731603
0.09921077376541992
0.09260161835234612
0.08914815370303888
0.10748311496029297
0.08805634712645163
0.06873804652597755
0.07638904523880531
0.08219888176769018
0.09243608283810317
0.08487446973255525
0.042697042105719445
0.06567061951228728
0.07876859220365683
0.10134133349327991
0.04003532865239928
0.08860985856192807
0.08947341027048727
0.08947341027048727
0.08947341027048727
0.09035113288710515
0.08842196914212157
0.07156156274490058
0.08695951916432629
0.03359832377716278
0.08991463668566818
0.06164564244293918
0.03904109359718859
0.060911638143782816
0.06978014830810328
0.07687016322277486
0.07939461480360478
0.042000596277260535
0.06130234671950651
0.07819245850977798
0.09357950502657332
0.07416214804708336
0.04171412965748459
0.07577087663696147
0.06992469623684883
0.04096490558780109
0.03243382577396308
0.03981637347062739
0.025965237938798964
0.026858252413609687
0.026928820398364528
0.050265256957306215
0.04462857403637221
0.047054202215901265
0.07467927537159995
0.039209572107065466
0.04005627586040646
0.050304478822896875
0.02588900514548489
0.051155027238419276
0.040224678988258045
0.05177644886231671
0.03859236863985037
0.024423737688339317
0.03589058745885268
0.038952955405693504
0.04134144325197364
0.03914408367437621
0.033791463266437255
0.049517424613780656
0.03965326522360556
0.041834763865141816
0.0352738639205927
0.021228380806084413
0.022424839299443798
0.025369209588776965
0.028206657925426648
0.029200708605349065
0.029200708605349065
0.029200708605349065
0.029200708605349065
0.029200708605349065
0.029200708605349065
0.08997962009355737
0.08157132771797478
0.08321134770599505
0.09047697143629194
0.10780582735625406
0.0906604821079721
0.0805450679268688
0.0805450679268688
0.09976654491697748
0.06490366478295376
0.06490366478295376
0.06490366478295376
0.06486221931874753
0.047875176867625366
0.1279551601378868
0.06764673663924138
0.06764673663924138
0.08216671329767754
0.06433380539529025
0.06433380539529025
0.06433380539529025
0.09003766862985989
0.059367642854340374
0.047895225003982585
0.06034144010472422
0.06573834944826862
0.056644177087582646
0.036734792379041516
0.040197205365014574
0.05535150505059088
0.05750045035344859
0.060417329553359496
0.07905654255844032
0.04982244188819702
0.06434820854725937
0.05598769875010476
0.06497267047719409
0.06581652004582186
0.07283097141189501
0.0695038738862301
0.06583245356877644
0.06854763360926881
0.07821946853073314
0.06723365009063854
0.06664558781000475
0.0712775857754362
0.06533276409531633
0.06533276409531633
0.06224261337115119
0.070611344302694
0.05951475024688989
0.05951475024688989
0.05951475024688989
0.05951475024688989
0.0632826131877179
0.057045766211425264
0.057045766211425264
0.057045766211425264
0.057045766211425264
0.057045766211425264
0.06341015354264527
0.05659020595252514
0.05659020595252514
0.05659020595252514
0.05448195221135393
0.0540016640140675
0.0540016640140675
0.068859343250903
0.07525945206638425
0.06780816875087718
0.06903091997373849
0.06447272533085197
0.04337001213105395
0.05284790760604665
0.052876279789488764
0.054718693642256164
0.054718693642256164
0.04292294213005031
0.05676209441230943
0.06288597652843843
0.05512534918729216
0.06390844465078165
0.06425434563774615
0.0667239817371592
0.06292269284060846
0.05245476483367383
0.039010966540469476
0.06536746188843003
0.061429235401252905
0.03986035534413532
0.040530480292315284
0.058267273892027634
0.06070499980046103
0.03887280362347762
0.06818369367159903
0.07228249034378678
0.0576798345381394
0.043152267210340746
0.0652598793936583
0.044912708713285
0.06305486545044307
0.06031059151981026
0.035635014733610054
0.06724632751041403
0.059247544354293497
0.05598394760784382
0.034485965434772274
0.033619416390235225
0.0593274179721872
0.05878864758725588
0.0560538191604428
0.05697054977916802
0.0326638503295059
0.05616383358292903
0.02947043571465959
0.053612526399083434
0.06181971070511887
0.02501895236278263
0.060175278363749383
0.02416004710753138
0.053399273654989275
0.055315042146248744
0.02443143060586105
0.057192810009000825
0.06977823813290646
0.023233335394179447
0.0634385031547087
0.05048747219416934
0.04823003349204858
0.04837133213994093
0.020309146566238875
0.02032149107544683
0.029200708605349065
0.029200708605349065
0.029200708605349065
0.029200708605349065
0.029200708605349065
0.029200708605349065
0.029200708605349065
0.029200708605349065
0.029200708605349065
0.029200708605349065
0.029200708605349065
0.029200708605349065
0.029200708605349065
0.029200708605349065
0.12821396586174766
0.07781210352356235
0.10781928802840411
0.10750689142538855
0.07315330878521005
0.08622924572788179
0.10329077150517453
0.10647359484185775
0.09770238531908641
0.10516931267765661
0.07882623869925737
0.10357628576612721
0.09876037234440446
0.09856897832049678
0.09856897832049678
0.06362376818200573
0.04200492295902222
0.08986156004791458
0.08540340585323672
0.0724339516988645
0.044596196666825565
0.046312101089861245
0.04882431039431443
0.0423854997040083
0.04747180096184214
0.039479029388943064
0.03780175468418747
0.041173723069950936
0.036648103346427284
0.03689210850279778
0.054778255700754626
0.03691919623563687
0.042191045717336235
0.032505285372026266
0.0283595811513563
0.035956569165767484
0.037411861635822184
0.037945700963803876
0.11033913546552261
0.038168593422354506
0.03733763323786358
0.03797839142770196
0.04618597349734046
0.036491282657564926
0.03520208358648233
0.036034195881026486
0.0389008417353034
0.04490531964964854
0.03524640933261253
0.03704497351854419
0.10482156933285296
0.04998141621433509
0.04314112000206175
0.03449036250434195
0.03470582159624125
0.037480892782720425
0.03772317336290144
0.053499608773272485
0.0393985752943748
0.033644998162053526
0.036447827585507186
0.03826378097447256
0.049895824182700985
0.034956446464251105
0.041259915280000614
0.048861959333298725
0.03371195688378066
0.03355321763781831
0.029847520141629502
0.04530057241907343
0.04164693374070339
0.03517530816684788
0.022343922584938506
0.049378456536214796
0.030867910208180548
0.04293995704734698
0.0332875905224743
0.04052727302924419
0.035584878634350996
0.03855456836676846
0.03327247373604526
0.04504418218508363
0.032342784407859045
0.027250795842070755
0.047682332212183
0.08649461162897448
0.0317194415962634
0.03288505846091236
0.03143889164707313
0.03796999576501548
0.04485782502257886
0.046962757417544104
0.05811009264551103
0.03819159078023707
0.03865447353416433
0.0781216767053896
0.038956221226835626
0.025728452121838927
0.03870474521419965
0.03184053910740962
0.03557187695987522
0.025691598897101358
0.04614994843374007
0.03418800317139054
0.039697287549885614
0.02681046928705958
0.02524291182635352
0.029926220066845418
0.032481926458810144
0.05000827661715448
0.02628321892116219
0.03136882869138693
0.029784231569307547
0.025276215763684984
0.034754458062816414
0.029279230462464813
0.02957711373300602
0.021560948281548916
0.02111371263046749
0.03156258725405981
0.024357351306049775
0.03612313571502455
0.026825274498745177
0.04764655527115489
0.03440660389062638
0.03435183161481594
0.04863939865802725
0.033721682507699975
0.033808078663035604
0.0444004171838363
0.035916993550878636
0.029200708605349065
0.029200708605349065
0.029200708605349065
0.029200708605349065
0.08799595348226527
0.08592724690174994
0.07431383212368625
0.07037627171725035
0.08147755480953492
0.0673242876799001
0.047707025032723324
0.06020661446498707
0.06259708566862779
0.04821407606010325
0.07484998350497335
0.04612334579966652
0.05029405564341383
0.04319844658641765
0.04969277297379449
0.05546882465908614
0.059478325894645724
0.037479228954374166
0.04866440222676222
0.05042783811960059
0.054223726588534193
0.041260399769914025
0.06557347680500243
0.032293888276520494
0.054986733152763916
0.044206841942699006
0.05007086421324251
0.05155822722862164
0.03594758321647532
0.047389954477548596
0.045505695944884794
0.04313854144692111
0.028855770288112884
0.038403091211027154
0.0440925590445598
0.04231775353313424
0.0397910935835292
0.028738593705153713
0.03414419751536722
0.041649669169370705
0.03265943661215715
0.03016707653334985
0.031778335832447435
0.03448667679428278
0.03478099652333185
0.031923772689964
0.03206765052920673
0.03276047073265848
0.03214904266293161
0.038201054387027394
0.032173564380112415
0.030924618497568494
0.03250709069776349
0.03901452639101383
0.03471319781810356
0.03350426242570393
0.02985748038510792
0.036294258322838384
0.0379942218233676
0.029020866298427185
0.04284439720407439
0.03417015725475115
0.02914419931010343
0.029627200656880934
0.04335576055299801
0.029021402003321175
0.04014619612484239
0.029401454548739516
0.03291109594788092
0.029136399870815996
0.027411459354140487
0.035248962401722865
0.028442849250277503
0.040566418557039775
0.043405946201722445
0.028117635922584063
0.02735181027596506
0.0270710964644483
0.031718797579330084
0.03462217045715079
0.030824361855629832
0.04061947241658345
0.02641829492407851
0.027731563465592142
0.027746368477043384
0.03985240115473668
0.04061877328398016
0.026914877959449465
0.037777756605452545
0.028452773589718466
0.025645361366914584
0.025645361366914584
0.03333133818542895
0.027702679786210258
0.028120102329412474
0.04063404785275149
0.028356904639319207
0.035661125684079406
0.0499851464596577
0.027667171533297126
0.035350682832843934
0.07246526505216025
0.027983402866326893
0.05851186881811979
0.05851186881811979
0.05851186881811979
0.04173042767021495
0.03655509363122595
0.03852496663147273
0.046649516174026455
0.03213311326495993
0.05478126150284273
0.040244080021123715
0.031044079387793317
0.03350966999462495
0.03383942545003568
0.038821359048209464
0.04332949171541259
0.05614214852335863
0.05614214852335863
0.05614214852335863
0.05614214852335863
0.05614214852335863
0.05614214852335863
0.03784430737413155
0.029839862101944163
0.030680815445181604
0.05151122634648345
0.03292403645658245
0.04457732697521957
0.04502364972257055
0.0320178418350406
0.04677691942546516
0.034877562838761755
0.03571032359070765
0.03545925266575068
0.03037811312591657
0.03372332614536087
0.0460781544932009
0.0460781544932009
0.0460781544932009
0.041636755514191465
0.042783355771486335
0.0317896724321569
0.033697735811195645
0.037738117441767825
0.04437549762466612
0.0410581305619174
0.03242651072796434
0.03608422227009821
0.03558509950720084
0.038035578387013325
0.025939903516167154
0.04320549397341286
0.027928947287922105
0.026152513111010193
0.033961906530506285
0.037882341319927945
0.032415024992078545
0.023764850991234803
0.02053707587455089
0.02210349941936632
0.02538728136414041
0.03223512549807007
0.03169829136381547
0.02147963813486664
0.022444818818670078
0.0298563829890918
0.03040907465425941
0.02983243066856327
0.030556208157213403
0.02881371312541887
0.030942254256030234
0.04232749235156613
0.03157286779334148
0.025937893067020924
0.0257579842764729
0.029200708605349065
0.029200708605349065
0.029200708605349065
0.029200708605349065
0.029200708605349065
0.029200708605349065
0.029200708605349065
0.07218025505232314
0.06519441727781668
0.06717982981276388
0.1226363844020913
0.06728268631889174
0.06273217169179891
0.06400765522926424
0.06075568548675316
0.0636071943010514
0.059502886720001695
0.05691534590286513
0.060280294967039176
0.05874483494631325
0.06142371412056188
0.05817871537990868
0.0797437172375309
0.043051274728495625
0.07635622013049821
0.07635622013049821
0.06211934124585241
0.06362047979608178
0.0620071283634752
0.061061545091991624
0.06667880178739627
0.06271652462969844
0.06271652462969844
0.06160922332899645
0.06160922332899645
0.05978642465624338
0.05862859723313401
0.05449893069996809
0.05390674750708664
0.05317171634873375
0.05540128678937132
0.05741042589380716
0.04787338827969506
0.04362412821268663
0.03575129286386072
0.045557285792504745
0.06128178614463347
0.05707142210487897
0.04553316791774705
0.044940706269505123
0.04657666878309101
0.038795503394988676
0.04787207411291699
0.047683515173072615
0.045197320842805006
0.040969449025578794
0.03628968694945797
0.033211461132547505
0.032959482003158576
0.029494862652694187
0.05148569542972837
0.02910076582338661
0.04427715450059622
0.03702971041124935
0.029200708605349065
0.029200708605349065
0.029200708605349065
0.029200708605349065
0.029200708605349065
0.029200708605349065
0.029200708605349065
0.029200708605349065
0.029200708605349065
0.029200708605349065
0.029200708605349065
0.029200708605349065
0.029200708605349065
0.029200708605349065
0.029200708605349065
0.029200708605349065
0.029200708605349065
0.029200708605349065
0.029200708605349065
0.029200708605349065
0.029200708605349065
0.029200708605349065
0.029200708605349065
