1.0424933433532715
0.9295225143432617
0.7098239660263062
0.5541676878929138
1.005750298500061
0.8150656819343567
0.9675335884094238
1.32234525680542
1.0294396877288818
0.4198888838291168
0.05988387018442154
0.4960100054740906
0.482494592666626
0.2076789140701294
0.5117907524108887
0.5762721300125122
0.44599810242652893
0.26414141058921814
0.0770094096660614
0.8819023370742798
0.5641157031059265
0.6114698648452759
0.08133777976036072
0.4895760118961334
0.4252592921257019
-0.009172949008643627
0.04452157020568848
0.22555233538150787
-0.18410171568393707
0.45656779408454895
0.481388658285141
0.8232269287109375
-0.024699920788407326
0.4315115809440613
0.48700928688049316
0.5842818021774292
0.44848793745040894
0.39927926659584045
0.38289961218833923
0.42673617601394653
0.18392105400562286
0.41208529472351074
-0.009644716046750546
0.5140267610549927
0.536869466304779
1.1442221403121948
0.7497431635856628
0.4661170244216919
0.38677123188972473
0.44335612654685974
0.44335612654685974
0.40000101923942566
0.4535660147666931
0.4535660147666931
0.4535660147666931
0.34430599212646484
0.6032480001449585
0.8205517530441284
0.5733798146247864
0.4350891411304474
0.6525424718856812
-0.07513757050037384
0.007530230097472668
0.4663591980934143
0.0980013757944107
0.40649735927581787
0.8714916110038757
0.15001624822616577
0.666510820388794
0.4993602931499481
0.007248377427458763
0.48292890191078186
0.6519417762756348
0.10442571341991425
0.5630115866661072
0.5884448289871216
0.13757340610027313
0.8274280428886414
0.23210494220256805
0.45261722803115845
0.39807644486427307
0.4088503122329712
0.1043882668018341
0.11377301812171936
1.0024269819259644
0.30356499552726746
0.5668952465057373
0.2512604594230652
0.832743227481842
0.5564766526222229
0.34483602643013
0.2608473598957062
0.15544357895851135
0.21211467683315277
0.6618996262550354
0.6680811643600464
0.22590544819831848
0.41494283080101013
0.11552175879478455
0.15483537316322327
0.14602945744991302
0.5608601570129395
0.175886332988739
0.7393173575401306
0.16910038888454437
0.5976942777633667
0.5494300723075867
0.5185878872871399
0.22296535968780518
0.7632725834846497
0.20980554819107056
0.3097195029258728
0.37675046920776367
0.2988440692424774
0.29441481828689575
0.6111071705818176
0.5723001956939697
0.25261178612709045
0.5767457485198975
0.31444883346557617
0.2754894196987152
0.5559971332550049
0.3756853938102722
0.19056691229343414
0.24758832156658173
0.27063924074172974
0.3546176254749298
-0.04717708006501198
-0.001133181620389223
0.2698463201522827
0.19408558309078217
0.03911874443292618
0.2203652560710907
0.0010003582574427128
0.019066810607910156
0.09562315791845322
-0.017296496778726578
-0.017296496778726578
0.0816177949309349
0.5851123332977295
0.44460803270339966
0.12792491912841797
0.13465134799480438
0.5138705968856812
0.03424181044101715
0.16747672855854034
0.16098769009113312
0.1129966601729393
0.31214332580566406
0.14368312060832977
0.5780786871910095
0.19160699844360352
0.11638390272855759
0.13626720011234283
0.11638390272855759
0.11923717707395554
0.10401608049869537
-0.08236026018857956
0.3048016130924225
0.36590301990509033
0.3252530097961426
0.5265995860099792
0.2104245126247406
0.2104245126247406
0.2104245126247406
0.2104245126247406
0.2104245126247406
0.2104245126247406
0.2104245126247406
0.2104245126247406
0.2104245126247406
0.2104245126247406
0.2104245126247406
0.2104245126247406
0.2104245126247406
0.2104245126247406
0.2104245126247406
0.2104245126247406
0.2104245126247406
0.2104245126247406
0.2104245126247406
0.2104245126247406
0.2104245126247406
0.2104245126247406
0.2104245126247406
0.2104245126247406
0.2104245126247406
0.2104245126247406
0.5891111493110657
1.3154157400131226
0.9441651105880737
1.13089919090271
0.39127156138420105
0.951053261756897
0.5812358260154724
1.0210490226745605
1.1776185035705566
0.6402565836906433
0.6947278380393982
1.7048147916793823
0.6363849639892578
0.7740898132324219
0.9378167390823364
0.36841654777526855
0.17788366973400116
0.5642017126083374
0.5849080681800842
0.4318367838859558
0.33794981241226196
0.14277318120002747
0.6986261606216431
0.4284580647945404
0.7293354272842407
0.3725237548351288
0.12558875977993011
0.502743661403656
0.46134546399116516
-0.10799630731344223
0.7685774564743042
0.777941882610321
0.0647122710943222
0.8637461066246033
0.33242088556289673
0.06752592325210571
0.23786097764968872
0.36347681283950806
0.015348153188824654
0.21768012642860413
0.5220340490341187
0.044507142156362534
0.21882423758506775
0.8006889224052429
0.8006889224052429
0.0556953139603138
0.1865989714860916
0.3723367154598236
0.8122397661209106
0.28500279784202576
0.09187138080596924
0.4541802704334259
0.41824236512184143
0.1806337982416153
0.37563446164131165
0.47424209117889404
0.15401591360569
0.5259802937507629
0.43551263213157654
1.1166226863861084
0.2712887227535248
0.17125248908996582
0.36878132820129395
0.29575315117836
0.9752376675605774
0.11083464324474335
0.2603149116039276
0.13146905601024628
0.1323397308588028
0.28895652294158936
0.2750123143196106
0.2493225634098053
0.031992606818675995
0.23683202266693115
0.5667747855186462
0.1346549689769745
0.2517887353897095
0.48528212308883667
0.19496068358421326
-0.22102196514606476
0.19895538687705994
0.3633843660354614
0.4301796555519104
0.23836380243301392
1.1025604009628296
0.3305445611476898
0.04216965660452843
0.23909533023834229
0.13829846680164337
0.1812693476676941
0.893537163734436
0.2976422905921936
0.14714142680168152
0.2267746925354004
0.24402840435504913
0.05286718159914017
0.25187021493911743
0.04859192296862602
-0.05647105351090431
0.12367625534534454
0.3520786464214325
0.9978633522987366
0.4885624647140503
0.26809531450271606
0.13075023889541626
0.04843266308307648
0.09863743931055069
0.3427869975566864
0.25404998660087585
0.11864250898361206
0.2639181911945343
0.11809442937374115
0.29824674129486084
0.04797477647662163
0.144149050116539
0.11503910273313522
0.12803523242473602
0.04183982312679291
0.20261119306087494
0.21941685676574707
0.2534220814704895
0.061860378831624985
0.09632410109043121
-6.767415325157344E-4
0.001154817407950759
-0.02739967405796051
0.10971253365278244
0.2104245126247406
0.2104245126247406
0.2104245126247406
0.2104245126247406
0.2104245126247406
0.2104245126247406
0.2104245126247406
0.2104245126247406
0.2104245126247406
0.2104245126247406
0.2104245126247406
1.057759165763855
0.5052920579910278
0.5307636260986328
0.22124703228473663
0.22562603652477264
0.6294904351234436
0.6537125110626221
0.09443153440952301
0.478712797164917
0.10061047226190567
-0.014345950447022915
0.4616181552410126
0.8786669373512268
0.3177688717842102
0.8946270942687988
0.059362102299928665
0.44563427567481995
0.7372546792030334
0.7372546792030334
0.5339332818984985
-0.1596391648054123
0.42886853218078613
0.01515649352222681
0.6130173206329346
0.6130173206329346
0.2942444682121277
0.06824714690446854
0.05606374144554138
0.1394542008638382
-0.03542435169219971
0.3518652617931366
0.21707797050476074
0.22332212328910828
0.37143516540527344
0.34391942620277405
0.12398803979158401
0.42476919293403625
0.6382348537445068
0.10468245297670364
0.19511184096336365
0.038587406277656555
0.5237880945205688
0.22380349040031433
0.17539025843143463
0.25861355662345886
0.2735583484172821
0.31353530287742615
0.7856103777885437
0.3552422523498535
0.14325889945030212
0.1182534396648407
0.3445201814174652
0.11738905310630798
0.11271508038043976
0.184408500790596
0.21916300058364868
0.20521382987499237
0.5198591351509094
-0.11996666342020035
0.28854095935821533
0.2294064313173294
0.2666351795196533
0.37454020977020264
0.39463695883750916
0.5016236305236816
0.2400709092617035
0.250143438577652
-0.1285811960697174
0.08834750205278397
0.3194236159324646
0.08962786197662354
-0.34953418374061584
0.158843994140625
0.14311088621616364
0.5414648652076721
-0.11569385230541229
0.19192925095558167
0.12956602871418
0.19192925095558167
0.18442083895206451
0.24021923542022705
0.17957769334316254
0.23141330480575562
0.1815340518951416
0.30803391337394714
0.321378618478775
0.0764840617775917
0.11920374631881714
0.10543961822986603
0.12904495000839233
0.08976488560438156
0.11956840008497238
0.059197328984737396
0.0858675092458725
0.010953802615404129
0.060558825731277466
0.2590688169002533
0.2541464567184448
0.042971521615982056
0.3234286904335022
0.19321885704994202
0.3775443136692047
0.012097972445189953
-0.009975094348192215
0.12560948729515076
-0.01624877192080021
0.11627374589443207
0.21612374484539032
-0.03767581656575203
0.5474362373352051
0.09249643236398697
0.18299071490764618
0.14462171494960785
0.05646727979183197
-0.009214441291987896
0.008083031512796879
-0.05624708905816078
0.08713271468877792
0.14541839063167572
0.056601542979478836
0.2104245126247406
0.2104245126247406
0.2104245126247406
0.2104245126247406
0.2104245126247406
0.2104245126247406
0.2104245126247406
0.2104245126247406
0.2104245126247406
0.2104245126247406
0.2104245126247406
0.2104245126247406
0.2104245126247406
0.2104245126247406
0.2104245126247406
0.2104245126247406
0.2104245126247406
0.2104245126247406
0.2104245126247406
0.2104245126247406
0.2104245126247406
0.2104245126247406
0.2104245126247406
0.2104245126247406
0.2104245126247406
0.2104245126247406
0.2104245126247406
0.2104245126247406
0.2104245126247406
0.2104245126247406
0.2104245126247406
0.2104245126247406
0.2104245126247406
0.2104245126247406
1.4128875732421875
0.4660283625125885
1.4618608951568604
0.44640663266181946
0.34791553020477295
1.2200804948806763
0.27111488580703735
0.8942276239395142
0.9602178931236267
0.6146742701530457
0.7486051321029663
-0.061191316694021225
0.4033006429672241
0.7071069478988647
0.4756605625152588
0.6103625297546387
0.5971083045005798
0.6747245788574219
0.1717657595872879
1.3866440057754517
0.6262797117233276
1.1341981887817383
1.1341981887817383
1.1341981887817383
1.1341981887817383
0.39556825160980225
1.4417989253997803
1.4417989253997803
0.2539975643157959
0.27581965923309326
1.2376435995101929
0.26656797528266907
0.6221144199371338
1.1595631837844849
0.43897178769111633
0.7175420522689819
0.23395375907421112
1.0842922925949097
0.6013557314872742
0.7526283860206604
0.8668603897094727
0.631193220615387
0.631193220615387
0.640129029750824
0.5180193185806274
1.5337800979614258
0.49245962500572205
-0.07700899988412857
0.6650096774101257
1.4034693241119385
0.6823188662528992
-0.06668953597545624
1.0651966333389282
0.7085157036781311
0.9715880155563354
0.0870509222149849
0.2711718678474426
0.7948121428489685
-0.012269888073205948
0.5386597514152527
0.410407155752182
-0.18915404379367828
0.567984402179718
0.8828887343406677
0.8084940910339355
0.3265678584575653
0.7666345238685608
-0.1083807498216629
0.6887780427932739
0.40391531586647034
0.39065009355545044
0.6558519601821899
0.4540928602218628
0.7287159562110901
0.4424498677253723
0.4623691141605377
0.3920290768146515
0.04852350801229477
1.0912281274795532
1.0638586282730103
0.9723390936851501
0.9924577474594116
0.36610767245292664
0.8990823030471802
0.9934610724449158
0.9416243433952332
0.8851734399795532
0.3724594712257385
0.09120123833417892
0.29709333181381226
0.2138206660747528
0.7245267033576965
0.45599934458732605
0.8130024671554565
0.30867820978164673
0.6736475825309753
0.26701968908309937
0.35845616459846497
0.8720749020576477
0.319475382566452
0.4647566080093384
0.9653993844985962
0.679206907749176
0.7984636425971985
0.5903370976448059
0.4750533103942871
0.9321500658988953
0.7154844999313354
1.0380789041519165
0.33279064297676086
0.48801174759864807
0.577347993850708
0.4633898138999939
0.6055926084518433
0.5408305525779724
0.7332611083984375
0.42934855818748474
0.287472128868103
0.936901867389679
0.7866552472114563
0.6018596291542053
1.0485568046569824
0.290203720331192
0.95577472448349
0.6908892393112183
0.9928262829780579
1.0394153594970703
0.5965140461921692
0.5848400592803955
0.09767195582389832
0.442762553691864
0.8529871106147766
0.24269726872444153
0.6836248636245728
-0.05966409668326378
0.07323384284973145
0.4224873483181
0.5228976011276245
0.5124298930168152
0.8083508014678955
0.37157973647117615
0.6266894936561584
0.8741886615753174
0.6675888299942017
0.48059743642807007
0.4874332845211029
0.4650699198246002
0.6136710047721863
0.5871840715408325
0.7961263656616211
0.488052636384964
0.5899382829666138
0.6496469974517822
0.3069966435432434
0.5768983960151672
0.5709378719329834
0.2551688253879547
0.5248885154724121
0.5493243932723999
0.834791362285614
0.8566851615905762
0.6444140076637268
0.6907430291175842
0.3620678186416626
0.20064720511436462
0.8202742338180542
0.7997196316719055
0.23104536533355713
0.6553781628608704
0.47267863154411316
0.5398263931274414
0.4516403377056122
-0.04389265179634094
0.4892691373825073
0.20052090287208557
0.29855331778526306
0.3436875641345978
0.6013355255126953
0.4463515281677246
0.6573528051376343
0.6226896047592163
0.6408399939537048
0.3023533225059509
0.6082955002784729
0.6637102961540222
0.24685144424438477
0.5874658823013306
0.36403512954711914
0.6044897437095642
0.9177865982055664
0.4361759126186371
0.24520884454250336
0.4006624221801758
0.29446446895599365
0.6067776679992676
0.1610468327999115
0.1610468327999115
0.40241315960884094
0.1727779358625412
0.4090258479118347
0.5480889678001404
0.3784245252609253
0.4189555048942566
0.4237261712551117
0.5069462656974792
0.5069462656974792
0.392428994178772
0.36209532618522644
0.36593061685562134
0.6121101379394531
0.36143216490745544
0.2997977137565613
0.4651834964752197
0.2951616644859314
0.31005263328552246
0.298539936542511
-0.07934164255857468
0.4614555239677429
-0.09403099864721298
0.36675897240638733
0.6539048552513123
0.3384636640548706
0.6333559155464172
0.6149071455001831
0.5692815780639648
0.6670457124710083
0.5573384761810303
0.5714857578277588
-0.06023849919438362
0.22987611591815948
0.1412995159626007
0.32490473985671997
0.6756429672241211
0.3233376741409302
0.3872986435890198
0.28497228026390076
0.8707722425460815
0.4337618947029114
0.9089794158935547
0.40686941146850586
0.2558017671108246
0.10916417837142944
0.96262526512146
0.157478466629982
-0.18095441162586212
0.49869248270988464
0.03856857493519783
0.03856857493519783
0.22642004489898682
0.7584855556488037
0.2330494523048401
0.23477500677108765
-0.0985245332121849
0.022938981652259827
0.09800862520933151
-0.22661267220973969
0.39284637570381165
-0.09286037087440491
0.05540613457560539
0.12209156155586243
-0.16012945771217346
-0.005351957865059376
-0.3216428756713867
-0.030573425814509392
-0.20388534665107727
-0.02311197854578495
-0.02311197854578495
-0.05878239870071411
0.09998554736375809
-0.08290883153676987
0.15036924183368683
0.2898186445236206
0.06837104260921478
0.5380918979644775
0.4154777228832245
-0.10760572552680969
0.23775185644626617
0.09257927536964417
0.27807852625846863
0.1795697808265686
0.20150946080684662
0.13316187262535095
0.4213882088661194
0.4334092140197754
-0.03359847143292427
0.05665192753076553
0.10284841805696487
0.330549031496048
0.27785685658454895
0.16785836219787598
0.01455162838101387
0.20639315247535706
0.0011132326908409595
0.0594150684773922
0.24291011691093445
0.03111809678375721
-0.00634412607178092
0.3331390917301178
0.2840326726436615
0.3049343228340149
0.17794175446033478
0.17794175446033478
0.1956150382757187
0.09612348675727844
0.16971825063228607
0.1378120481967926
-0.14301905035972595
0.13021934032440186
0.21410690248012543
0.17708230018615723
0.2794010043144226
0.12991976737976074
0.2723836600780487
0.20528802275657654
0.1895071268081665
0.1652226597070694
-0.03423325717449188
0.17523492872714996
0.10059962421655655
0.15526600182056427
0.024585550650954247
0.1866455227136612
0.018221361562609673
0.07245644927024841
0.0888083428144455
0.09791307151317596
0.06718961149454117
0.1416962891817093
0.02174190990626812
-0.001904449425637722
-0.12607218325138092
0.04499291628599167
-0.14299912750720978
0.047380369156599045
-0.03246135264635086
-0.029193563386797905
0.039925090968608856
-0.030636228621006012
-0.18203720450401306
-0.03019011579453945
0.2662369906902313
-0.02034737542271614
0.2104245126247406
0.2104245126247406
0.2104245126247406
0.2104245126247406
0.2104245126247406
0.2104245126247406
0.2104245126247406
0.2104245126247406
0.2104245126247406
0.2104245126247406
0.2104245126247406
0.2104245126247406
0.2104245126247406
0.2104245126247406
0.2104245126247406
0.2104245126247406
0.2104245126247406
0.2104245126247406
0.2104245126247406
0.2104245126247406
0.2104245126247406
0.2104245126247406
0.2104245126247406
0.2104245126247406
0.3207363784313202
0.8999379873275757
0.4573028087615967
0.9250254034996033
2.041761875152588
0.4299340546131134
0.13073569536209106
0.4444418251514435
1.0386937856674194
0.4037560522556305
0.4670593738555908
0.0655859038233757
0.9433394074440002
0.36570730805397034
0.23339296877384186
0.440285861492157
0.6615619659423828
0.5749348998069763
0.3874969780445099
0.3610510528087616
0.24681788682937622
0.6499704122543335
0.6066967248916626
0.36633777618408203
0.10953362286090851
0.4177999198436737
0.12973877787590027
0.3906932473182678
0.8363153338432312
0.31436002254486084
0.3655058443546295
0.38297244906425476
0.3144665062427521
-0.11093110591173172
0.30182167887687683
0.241856187582016
0.2619166374206543
0.4666951894760132
-0.09370002895593643
0.3331163227558136
0.2278577834367752
0.545596182346344
0.8122634291648865
0.051108602434396744
0.4000586271286011
-0.2577807605266571
0.45037341117858887
0.5036785006523132
0.0773451179265976
-0.014864428900182247
0.42405372858047485
0.2577567994594574
0.4026949107646942
0.3123628795146942
0.2628665566444397
0.07606643438339233
0.08606042712926865
0.12552103400230408
0.07578479498624802
0.18724074959754944
0.14135605096817017
0.2638458013534546
0.39196932315826416
0.4011579751968384
0.13720038533210754
0.06281843036413193
0.019802287220954895
-0.033374469727277756
-0.050944965332746506
-0.050944965332746506
-0.062146060168743134
-0.021370690315961838
0.15672308206558228
0.021229973062872887
0.3600310683250427
0.027530284598469734
0.40814006328582764
0.030550239607691765
0.20617994666099548
0.33058255910873413
0.04141860827803612
0.08413778990507126
0.08939032256603241
-0.00787410233169794
0.021666912361979485
0.2646051049232483
0.20600472390651703
0.2704279124736786
0.308428555727005
0.26728159189224243
0.14677171409130096
0.005735849495977163
0.24287891387939453
0.2827669680118561
0.20317617058753967
0.3099234998226166
0.23936788737773895
0.1937132626771927
0.2104245126247406
0.2104245126247406
0.2104245126247406
0.2104245126247406
0.2104245126247406
0.2104245126247406
0.2104245126247406
0.2104245126247406
0.2104245126247406
0.2104245126247406
0.2104245126247406
0.2104245126247406
0.2104245126247406
0.2104245126247406
0.2104245126247406
0.2104245126247406
0.2104245126247406
0.2104245126247406
0.2104245126247406
0.2104245126247406
0.2104245126247406
0.2104245126247406
0.2104245126247406
0.2104245126247406
0.2104245126247406
0.2104245126247406
0.2104245126247406
0.2104245126247406
0.46795880794525146
0.41876086592674255
0.027574827894568443
0.2677624523639679
0.5675805807113647
1.1852619647979736
0.45453545451164246
1.0584325790405273
0.30614396929740906
-0.4863037168979645
0.5642611384391785
1.2161003351211548
0.8881751298904419
0.5650131702423096
0.7684623003005981
0.6583090424537659
0.6763537526130676
0.7934203147888184
0.8337989449501038
0.49983546137809753
0.04532284289598465
0.5267454981803894
0.21895475685596466
0.4413653314113617
0.7442857623100281
0.5994134545326233
0.04267062619328499
0.12150685489177704
0.33342811465263367
0.518214225769043
0.6780568957328796
0.3752676248550415
0.6472426652908325
0.25130224227905273
0.5738092660903931
0.17492486536502838
0.30381640791893005
0.3522831201553345
0.11718043684959412
0.4593880772590637
-0.06264267861843109
0.3250316083431244
0.2587112486362457
1.0668954849243164
0.31556689739227295
0.679449737071991
0.19746923446655273
0.15158039331436157
0.7239187359809875
0.1715639978647232
0.22414733469486237
0.12984780967235565
0.4126901924610138
0.04806864634156227
0.8212313652038574
0.5639553070068359
0.014516249299049377
0.03854486346244812
0.16395433247089386
0.3227066397666931
0.6128818988800049
0.2452632039785385
0.2949960231781006
0.32818856835365295
0.06788912415504456
0.28225746750831604
0.7023546099662781
0.5303996801376343
0.6944499015808105
0.2618250250816345
0.27145034074783325
0.6250648498535156
0.17565201222896576
0.25476059317588806
0.20398566126823425
0.30487972497940063
0.7781338691711426
0.09110153466463089
0.2517099380493164
0.33609873056411743
0.2607719302177429
0.3162672817707062
-0.06321057677268982
0.554466724395752
0.7695437669754028
0.617251992225647
0.12496030330657959
0.07774589955806732
0.2379276305437088
0.29957401752471924
0.17175206542015076
0.05137949436903
0.2793559730052948
0.19102799892425537
0.666174590587616
0.7432899475097656
0.38758718967437744
0.46407753229141235
0.2769398093223572
0.846924901008606
0.22079138457775116
0.13304230570793152
0.23477478325366974
0.15784497559070587
0.15583015978336334
0.3753977119922638
0.016040662303566933
0.5056812167167664
0.44584882259368896
0.4445236027240753
0.031836144626140594
0.349599152803421
0.28216516971588135
0.18493399024009705
-0.08758233487606049
0.19130413234233856
0.21357305347919464
0.12355798482894897
0.1562613844871521
0.25283685326576233
0.14889653027057648
0.31857746839523315
0.4544820487499237
0.05138698220252991
0.2431410402059555
0.31929993629455566
0.36401093006134033
-0.039533887058496475
0.3085314631462097
0.38173404335975647
0.684482216835022
0.2400195300579071
0.22160984575748444
0.26711028814315796
-0.16668574512004852
-0.19957439601421356
-0.019977163523435593
0.1242198720574379
0.08583741635084152
-0.07071291655302048
0.3108266294002533
-0.055970363318920135
-0.12009390443563461
-0.21347805857658386
-0.05044388398528099
-0.05545917898416519
0.8846597075462341
0.06928514689207077
0.11222987622022629
0.09190180152654648
0.0762048289179802
0.1155427023768425
0.21291854977607727
0.5421146154403687
0.06666309386491776
0.24509766697883606
0.1900806576013565
0.21958094835281372
0.0694039911031723
0.12026683241128922
0.2609908878803253
0.10172956436872482
0.009844879619777203
0.41254308819770813
-0.011370399035513401
0.3350990116596222
0.3063041567802429
0.18804113566875458
0.7164175510406494
0.6624471545219421
0.1636797934770584
0.29354000091552734
0.32880857586860657
0.19632984697818756
0.14921608567237854
0.029167789965867996
1.2554994821548462
0.056693192571401596
-0.19621068239212036
0.2789333164691925
0.032231852412223816
0.12523286044597626
0.3856663405895233
-0.1251564621925354
0.39926719665527344
0.7165380716323853
0.1390136182308197
0.6498053073883057
0.5638389587402344
0.0873226672410965
-0.11914899200201035
0.5185002088546753
0.15080906450748444
0.050485070794820786
-0.08869612962007523
0.0613090954720974
0.15461833775043488
0.15461833775043488
-0.043436840176582336
0.29691988229751587
0.2003709375858307
0.26072224974632263
0.2636905014514923
0.33590251207351685
0.2895853817462921
0.26744428277015686
0.3171730637550354
0.3171730637550354
0.16366389393806458
0.22625359892845154
0.1839546263217926
0.1934002786874771
0.2775130271911621
0.19599714875221252
0.2104245126247406
0.2104245126247406
0.2104245126247406
0.2104245126247406
0.2104245126247406
0.2104245126247406
0.2104245126247406
0.2104245126247406
0.2104245126247406
0.2104245126247406
0.2104245126247406
0.2104245126247406
0.2104245126247406
0.2104245126247406
0.2104245126247406
0.2104245126247406
0.2104245126247406
0.2104245126247406
0.2104245126247406
0.2104245126247406
0.2104245126247406
0.2104245126247406
0.2104245126247406
0.2104245126247406
0.2104245126247406
0.2104245126247406
0.2104245126247406
0.2104245126247406
0.2104245126247406
0.2104245126247406
0.2104245126247406
0.2104245126247406
0.2104245126247406
0.2104245126247406
0.2104245126247406
0.2104245126247406
0.9677616953849792
1.1015124320983887
0.5585662126541138
0.5805482268333435
0.5895364284515381
0.3254588544368744
0.39277273416519165
0.38343143463134766
0.859814465045929
0.658443033695221
0.4585891664028168
0.48927387595176697
0.856119692325592
0.20508721470832825
1.0984714031219482
0.260576456785202
0.3873956501483917
0.5496863126754761
0.18541401624679565
0.7299566864967346
0.4260130226612091
0.20664739608764648
-0.007160354871302843
0.18074218928813934
0.3535095751285553
0.22531095147132874
0.2016066461801529
0.3584916591644287
0.6206031441688538
0.13526605069637299
0.2899412214756012
0.2899412214756012
0.2899412214756012
0.17203029990196228
0.22724832594394684
0.25259143114089966
0.0520230270922184
0.20869363844394684
0.421535849571228
0.24584069848060608
0.5783215761184692
0.7715184688568115
0.601543128490448
0.5088739991188049
0.4550507664680481
0.3825613260269165
0.18548572063446045
0.12519140541553497
0.3196968138217926
0.39178818464279175
0.13436447083950043
0.47238221764564514
1.3496137857437134
0.40740683674812317
0.34973663091659546
0.1820310354232788
0.24397054314613342
0.38663482666015625
0.2867090702056885
0.06664150208234787
0.4475809335708618
0.2438659965991974
0.24192845821380615
0.8166635632514954
0.24980469048023224
0.22161486744880676
0.43774130940437317
0.14032135903835297
0.7448609471321106
0.7448609471321106
0.1462540328502655
0.272317111492157
0.20274260640144348
0.3267418146133423
0.4056064486503601
0.4439115822315216
0.4439115822315216
-0.04357106611132622
0.012231621891260147
0.20661766827106476
0.21489493548870087
0.271088182926178
0.12823277711868286
0.05311020091176033
0.12182600051164627
0.5905747413635254
0.15604276955127716
0.35420772433280945
0.7975057363510132
0.6640908718109131
0.4553091824054718
0.5581936240196228
0.6658923625946045
0.19385796785354614
0.5297945141792297
0.2347220778465271
0.03214218467473984
0.7511163353919983
0.37369200587272644
0.5610315203666687
0.2988806962966919
0.7597067356109619
0.8404498100280762
0.41820842027664185
0.157911017537117
0.5912328958511353
0.5626175403594971
0.29584944248199463
0.7719919085502625
0.45927557349205017
0.2929791212081909
0.24225379526615143
0.5229511857032776
0.46461448073387146
0.7665143609046936
0.858035147190094
0.6016519069671631
0.664220929145813
0.13840265572071075
0.45092570781707764
0.23698359727859497
0.8321909308433533
0.6368034482002258
0.6159469485282898
0.09326408058404922
0.481326162815094
0.08886708319187164
0.574880063533783
0.46602365374565125
0.45988357067108154
0.1213904544711113
0.17525680363178253
0.30390623211860657
-0.033031489700078964
0.7906513214111328
0.22307075560092926
0.18672983348369598
0.451725035905838
0.2783147394657135
0.39312639832496643
0.15246227383613586
0.010125472210347652
0.27899664640426636
0.16598474979400635
0.14070665836334229
0.4321887791156769
0.2204189896583557
0.3060353100299835
-0.0708891823887825
0.43941164016723633
-0.08782022446393967
0.3785333037376404
0.029699543491005898
-0.11293641477823257
-0.12300815433263779
0.38020363450050354
0.40009263157844543
0.05291707068681717
0.07356762140989304
0.37761157751083374
0.2104245126247406
0.2104245126247406
0.2104245126247406
0.8634886145591736
0.1799924224615097
1.8058439493179321
1.024964451789856
0.7032023072242737
0.05103186517953873
0.44068777561187744
0.9737064242362976
1.0777100324630737
1.8601489067077637
0.42024341225624084
0.33687445521354675
1.7964928150177002
0.22743472456932068
0.5953108668327332
0.37861743569374084
0.310053288936615
0.5723511576652527
1.2251653671264648
0.49446797370910645
1.5493313074111938
0.847665548324585
0.6508293151855469
0.7961336374282837
0.46597200632095337
0.42355355620384216
0.5891945362091064
0.24037937819957733
0.24037937819957733
0.12757353484630585
0.12757353484630585
0.12757353484630585
0.12757353484630585
0.4172704815864563
0.3459012508392334
0.403867244720459
0.2106538712978363
0.2106538712978363
0.2106538712978363
0.2106538712978363
0.49792593717575073
0.5332151055335999
0.5418940782546997
0.5418940782546997
0.22775164246559143
0.376674085855484
1.1707165241241455
0.6715761423110962
0.23162482678890228
0.39165011048316956
0.509928286075592
0.5629132986068726
0.8642522692680359
0.5183954834938049
0.8152380585670471
0.888147234916687
0.7675838470458984
1.0186675786972046
0.9565771818161011
0.6482115983963013
0.14500975608825684
0.661741316318512
0.124835304915905
0.4094191789627075
0.8025972247123718
0.45154088735580444
0.5518090128898621
0.15698130428791046
1.3972193002700806
0.45293286442756653
0.5400834679603577
0.35689565539360046
0.3917626142501831
0.21709822118282318
0.3894863724708557
0.45820847153663635
1.9140807390213013
0.5237938761711121
0.7639966011047363
0.5160468816757202
0.4952014088630676
0.313711553812027
0.4638914167881012
0.2787665128707886
0.5012974143028259
0.7924398183822632
0.39894330501556396
0.25911474227905273
0.2516043186187744
0.29567623138427734
0.28600695729255676
0.29517731070518494
0.45957791805267334
0.2756030559539795
0.057070042937994
0.011090917512774467
0.5442026853561401
0.18097592890262604
0.2987739145755768
0.30213651061058044
0.4639955461025238
0.2426639199256897
0.26938596367836
0.25347110629081726
0.3201262652873993
0.34676694869995117
0.4314003884792328
0.0453980416059494
0.10070768743753433
0.5115230083465576
0.21506841480731964
0.39373156428337097
0.1673247516155243
0.1355196088552475
-0.01826396770775318
-0.01826396770775318
0.14998380839824677
0.125755175948143
0.4368445575237274
0.5394309163093567
0.5192532539367676
0.2104245126247406
0.2104245126247406
0.2104245126247406
0.2104245126247406
0.2104245126247406
0.2104245126247406
0.2104245126247406
0.2104245126247406
0.2104245126247406
0.2104245126247406
0.2104245126247406
0.2104245126247406
0.2104245126247406
0.2104245126247406
0.2104245126247406
0.2104245126247406
0.2104245126247406
0.2104245126247406
0.2104245126247406
0.2104245126247406
0.2104245126247406
0.2104245126247406
0.2104245126247406
0.2104245126247406
0.2104245126247406
0.2104245126247406
0.2104245126247406
0.2104245126247406
0.2104245126247406
0.2104245126247406
0.2104245126247406
0.2104245126247406
0.2104245126247406
0.2104245126247406
0.2104245126247406
0.2104245126247406
0.2104245126247406
0.2104245126247406
0.2104245126247406
0.2104245126247406
0.2104245126247406
0.2104245126247406
0.2104245126247406
0.2104245126247406
0.2104245126247406
0.2104245126247406
1.5658565759658813
1.5312772989273071
1.1445932388305664
1.187004804611206
1.2171145677566528
0.45454666018486023
0.9394125938415527
1.112663984298706
0.5835316181182861
0.6344706416130066
0.8136792182922363
1.1575608253479004
0.3262561559677124
0.30326908826828003
1.0564366579055786
0.4534446895122528
1.4795233011245728
0.1887022703886032
-0.08886783570051193
0.44060221314430237
0.5353946089744568
0.5694824457168579
0.2837575078010559
1.1318310499191284
1.0257370471954346
0.6127099990844727
0.4704158902168274
0.9988520741462708
0.26802337169647217
0.6998594403266907
0.09224401414394379
0.41604727506637573
0.6497302055358887
-0.14991432428359985
0.7554485201835632
-0.038279928267002106
0.54365473985672
0.3652760088443756
0.4254955053329468
0.3869338631629944
0.008416564203798771
0.38635024428367615
0.7172406315803528
0.6746443510055542
0.2731247842311859
0.7957018613815308
0.6635144352912903
0.002207900630310178
0.367750883102417
0.45626261830329895
0.3229907751083374
0.4911792576313019
0.3737601041793823
0.2620002329349518
0.5205510854721069
0.27153587341308594
0.28763991594314575
0.11764464527368546
0.47559958696365356
0.3513637185096741
0.24364909529685974
0.2673163414001465
0.19031724333763123
0.1249789446592331
0.1699923574924469
0.8350773453712463
0.6049450039863586
0.2714228630065918
0.3526880443096161
0.3449661433696747
0.09675981849431992
0.6509117484092712
0.2722506523132324
0.2384573370218277
-0.006537104025483131
0.1798182725906372
0.4327239990234375
0.17587623000144958
0.5539054274559021
0.11876711994409561
0.8673575520515442
0.4535018801689148
0.643581211566925
0.4386594593524933
0.7526472806930542
0.11550871282815933
0.7443670630455017
0.5851969122886658
0.5162185430526733
0.2824433147907257
-0.030825292691588402
0.3036641478538513
0.5743296146392822
0.6535149216651917
0.2661857008934021
0.6012186408042908
0.4207433760166168
0.21023882925510406
0.5473098754882812
0.2749893367290497
0.5851525068283081
0.29625022411346436
0.7586960196495056
0.709441602230072
0.3743938207626343
0.3871135413646698
0.6523650884628296
0.181217223405838
0.1701531708240509
0.6732659935951233
0.018928108736872673
-0.07499291747808456
-0.0019961362704634666
0.050545670092105865
0.3469986617565155
0.06658163666725159
0.9490428566932678
0.008701048791408539
0.01793850027024746
-0.005459104664623737
0.09388729184865952
0.18592244386672974
0.3138491213321686
-0.07987425476312637
0.0017361692152917385
0.04166334867477417
0.16712945699691772
0.09729842841625214
0.10590149462223053
0.48724448680877686
0.34983527660369873
1.0644521713256836
0.8975600600242615
0.44789639115333557
0.4184187650680542
0.5482824444770813
0.5328465700149536
1.4245771169662476
0.7294108271598816
1.208487868309021
0.8695691823959351
1.1936339139938354
0.7219579815864563
0.9054303765296936
0.13672992587089539
0.805304229259491
0.6464678049087524
0.17225544154644012
0.772649884223938
1.1745389699935913
0.8031375408172607
0.44361740350723267
0.9746306538581848
1.0411717891693115
1.1626219749450684
0.38672304153442383
0.7076389789581299
0.6564598083496094
0.5915762782096863
1.3428081274032593
0.8778864145278931
0.966121256351471
0.6196731328964233
1.0124685764312744
0.808027982711792
0.04784614220261574
0.5329698324203491
0.5767863392829895
0.7794186472892761
0.7227455973625183
0.6087244153022766
0.5997257232666016
0.8515422940254211
0.9107493758201599
0.9089597463607788
0.6223683953285217
0.8516467213630676
0.1259891390800476
1.0513355731964111
0.5688166618347168
0.9487504363059998
0.4471723437309265
0.4471723437309265
0.7560087442398071
0.7462844848632812
0.7462844848632812
0.4399318993091583
0.27853354811668396
0.7904916405677795
0.7904916405677795
0.7904916405677795
0.7904916405677795
0.7904916405677795
0.7904916405677795
0.7904916405677795
0.33046138286590576
0.8991707563400269
0.6848640441894531
0.6848640441894531
0.6848640441894531
0.6848640441894531
0.6848640441894531
0.6848640441894531
0.6848640441894531
0.6848640441894531
0.6848640441894531
0.6848640441894531
0.6848640441894531
0.5572057366371155
0.5572057366371155
0.5572057366371155
0.5572057366371155
0.5572057366371155
0.5572057366371155
0.5572057366371155
0.5572057366371155
0.5572057366371155
0.5572057366371155
0.5572057366371155
0.5572057366371155
0.6837859153747559
0.43908220529556274
0.44676244258880615
0.44676244258880615
0.44676244258880615
0.44676244258880615
0.44676244258880615
0.44676244258880615
0.5707089304924011
0.4782770574092865
0.4782770574092865
0.4398900866508484
0.4398900866508484
0.4398900866508484
0.27088281512260437
0.4978242516517639
0.4289350211620331
0.4271027743816376
0.8692927360534668
0.40361711382865906
0.6149590611457825
0.8133770823478699
0.3561238944530487
0.09745461493730545
0.2576971650123596
0.2819458246231079
0.2771739363670349
0.3804280459880829
0.3519078195095062
0.4298025965690613
0.28123024106025696
0.35391199588775635
0.29581573605537415
-0.11701391637325287
0.23033969104290009
0.16993467509746552
0.2660360336303711
0.343763530254364
0.4787401556968689
0.28111696243286133
0.11717391014099121
0.10046446323394775
0.2127419114112854
0.25365495681762695
-0.0791531652212143
0.2874366343021393
0.4083070158958435
0.11907648295164108
0.4322654902935028
0.43395355343818665
0.40697380900382996
0.1173774003982544
0.19329343736171722
0.8354741334915161
0.2104245126247406
0.2104245126247406
0.2104245126247406
1.0235810279846191
0.05289306491613388
0.5330082774162292
1.1929243803024292
0.9693034887313843
0.7631512880325317
1.5669208765029907
0.8692633509635925
-0.0807008221745491
0.8149033784866333
0.597864031791687
0.4386003613471985
1.1287415027618408
1.0980299711227417
1.4602644443511963
0.661582350730896
0.7257243394851685
0.7189486622810364
0.41954877972602844
0.4099169671535492
0.5356520414352417
0.09917508810758591
0.7018198370933533
0.29478219151496887
1.4001944065093994
0.4143725037574768
0.4714221656322479
0.8939075469970703
0.47437745332717896
0.7743417024612427
0.4713912308216095
0.29770880937576294
0.9574427008628845
0.46161022782325745
0.41058191657066345
1.1205012798309326
0.5435375571250916
0.3328845500946045
0.28433504700660706
0.5365424156188965
0.7398858666419983
0.3724266588687897
0.09749747067689896
0.7561542391777039
0.733471691608429
0.49659597873687744
0.8371450304985046
0.0558728389441967
0.6752692461013794
0.5337328314781189
0.10236378759145737
0.14412982761859894
0.07762687653303146
0.22081056237220764
0.20062370598316193
0.019318735226988792
0.10831958055496216
0.009809470735490322
-0.28675293922424316
0.21655260026454926
-0.03157150745391846
0.2056272178888321
0.14675217866897583
0.07245349138975143
0.13553190231323242
0.19937491416931152
0.24967601895332336
0.32328251004219055
0.40375787019729614
0.10974656045436859
0.05378970876336098
0.8359901905059814
0.16485290229320526
0.28861531615257263
0.22546769678592682
0.24702224135398865
0.6309666633605957
0.464009553194046
0.01168636605143547
0.059856023639440536
0.8354749083518982
0.004313135985285044
0.139677494764328
0.15527954697608948
0.4304882287979126
0.42518794536590576
0.04579444229602814
0.18092381954193115
0.3758210837841034
0.5478295087814331
0.8273499608039856
0.15646108984947205
0.07126311212778091
-0.20952416956424713
0.47025570273399353
0.43313372135162354
0.29153889417648315
0.36040055751800537
0.16669976711273193
0.30216312408447266
0.4240837097167969
0.3816617429256439
0.2329907864332199
0.5829012989997864
-0.007411730010062456
0.4311850368976593
0.29301175475120544
0.3954519033432007
0.17597977817058563
-0.009773286990821362
0.4951631426811218
0.43858060240745544
0.4924611449241638
0.3260636031627655
0.16371552646160126
0.30164408683776855
-0.09288904070854187
0.09965679049491882
0.7705550193786621
0.0481339693069458
0.3354698717594147
-0.047509193420410156
-0.07072952389717102
-0.054619383066892624
0.17835746705532074
-0.2659665644168854
0.1780615895986557
0.2258179634809494
0.1204720288515091
0.16622529923915863
0.2631092369556427
-0.007285052910447121
0.23610085248947144
0.12592525780200958
0.4698612093925476
0.4026648700237274
0.5566766262054443
0.9009881615638733
1.4035353660583496
0.2104245126247406
0.2104245126247406
0.7848841547966003
1.4092057943344116
0.71851646900177
1.3328843116760254
1.1069624423980713
1.4306752681732178
0.08651937544345856
0.16736513376235962
0.7629496455192566
0.37883415818214417
0.06876447796821594
0.6585270166397095
1.3864023685455322
0.09205489605665207
0.6044824719429016
0.22400929033756256
0.1521143615245819
1.1761125326156616
0.2959806025028229
0.1395135074853897
0.7475178837776184
-0.2904607057571411
0.44946157932281494
0.8522681593894958
0.7125741839408875
0.6212407350540161
0.3314301371574402
0.5408140420913696
0.620941698551178
0.41468003392219543
0.26651111245155334
0.4975021481513977
0.6960631608963013
0.44077521562576294
0.6266902089118958
0.3634694218635559
0.6809284687042236
0.12036394327878952
0.1440126895904541
0.13094167411327362
0.0015412832144647837
0.6292527914047241
0.7739475965499878
0.1421860158443451
0.5269907116889954
0.5434710383415222
0.19404852390289307
1.015381097793579
0.6804283261299133
0.38691624999046326
0.8992573618888855
0.38179492950439453
0.38088369369506836
0.4500770568847656
0.7544959187507629
0.12627959251403809
0.659755289554596
0.6942737102508545
0.7719468474388123
0.6496721506118774
0.46048155426979065
0.5182427763938904
0.4988797605037689
0.6673603653907776
0.5910059809684753
0.6237507462501526
0.02659599669277668
0.5474464297294617
0.804907500743866
0.6522960066795349
0.28371238708496094
0.6952675580978394
0.07727465778589249
0.3731778860092163
0.3321567177772522
0.8517730236053467
0.4566899538040161
0.2805073857307434
0.798915445804596
0.3293265700340271
0.7904763221740723
0.5993520617485046
0.6110385656356812
0.6924514174461365
0.46217381954193115
0.031101146712899208
0.48716074228286743
0.3543544411659241
0.4799547791481018
0.6232519745826721
0.3245648741722107
0.36708375811576843
0.5958968997001648
0.45146170258522034
0.2552109360694885
0.4944107234477997
0.6150567531585693
0.12609592080116272
0.5396255850791931
0.2555067837238312
0.17206953465938568
0.6583359241485596
0.539337694644928
0.2863134443759918
0.5109103918075562
0.4560379683971405
0.5176256895065308
0.19947515428066254
0.2308914214372635
0.5363602042198181
0.33264198899269104
0.17325523495674133
0.2552831172943115
0.6411560773849487
0.6353201866149902
0.2651553750038147
0.313388854265213
0.23088158667087555
0.4011431932449341
1.0543392896652222
0.22194550931453705
0.47977182269096375
0.8256938457489014
0.8256938457489014
0.3213024139404297
0.27863559126853943
0.3447675406932831
0.18577222526073456
0.3827838897705078
0.4442376494407654
0.3378286361694336
0.5510261654853821
-0.008683047257363796
0.22873419523239136
0.5182339549064636
0.47953516244888306
0.5942941308021545
0.665765643119812
0.44748803973197937
0.3966660499572754
0.43056997656822205
0.4391402304172516
0.1325267255306244
0.5363353490829468
0.5471795797348022
0.6848916411399841
0.4263680875301361
0.30022984743118286
0.18692545592784882
0.3367990255355835
0.176889106631279
-0.03617987409234047
0.4275180697441101
0.6022067666053772
0.40046319365501404
0.6558158993721008
0.47856464982032776
0.6998476386070251
0.047036416828632355
0.3188929855823517
0.5158334374427795
-0.04741295427083969
0.002684056991711259
0.5960525274276733
-0.042043138295412064
0.6313645243644714
0.5460154414176941
0.14791935682296753
0.5050286650657654
0.4378022849559784
0.33101266622543335
0.8365036249160767
0.5515238046646118
0.1979351043701172
0.5542673468589783
0.6698113679885864
0.4924658238887787
0.5677067637443542
0.5656952261924744
1.0584959983825684
1.0584959983825684
0.6527837514877319
0.6660197973251343
0.6660197973251343
0.6660197973251343
0.5507700443267822
0.700037956237793
0.2528567314147949
0.7931691408157349
0.6149995923042297
1.0951241254806519
0.7573574185371399
0.1738501787185669
0.4425468444824219
0.6775728464126587
0.46874311566352844
0.5266268253326416
0.9824233055114746
0.9824233055114746
0.33093947172164917
0.38846635818481445
0.9467559456825256
0.9467559456825256
0.13414070010185242
0.053078554570674896
0.8985365629196167
0.5201974511146545
0.9742102026939392
0.6847164630889893
0.7540289759635925
0.6467971801757812
0.5868915915489197
0.7597953677177429
0.8927450180053711
0.19716763496398926
0.08442952483892441
0.18725289404392242
0.06598391383886337
0.16985410451889038
0.6213290691375732
0.3119019567966461
0.21409672498703003
0.24753184616565704
0.07268989831209183
0.07268989831209183
0.38933828473091125
0.14668796956539154
0.4299653172492981
0.3888785243034363
0.29449862241744995
0.27952709794044495
0.3867267370223999
0.41189301013946533
0.28267261385917664
0.3321399986743927
0.2104245126247406
0.2104245126247406
0.2104245126247406
0.2104245126247406
0.2104245126247406
0.2104245126247406
0.2104245126247406
0.2104245126247406
0.2104245126247406
0.2104245126247406
0.1525251418352127
0.46942561864852905
0.5987014770507812
-0.05642785504460335
0.18361306190490723
0.9095636606216431
0.23913785815238953
0.016743144020438194
0.480327844619751
0.12814857065677643
0.035967160016298294
0.1940651834011078
0.44189944863319397
0.1932247281074524
0.41621020436286926
0.25346648693084717
0.2301134318113327
0.12234167754650116
-0.08586661517620087
0.24766401946544647
0.23998169600963593
0.007429453078657389
-0.18136553466320038
0.24295929074287415
-0.06649203598499298
-0.0143264876678586
0.11350850760936737
-0.1593974381685257
-0.011275933124125004
0.41792061924934387
0.6828338503837585
0.08565538376569748
0.4194681644439697
-0.230092391371727
0.06979099661111832
1.270395040512085
1.270395040512085
1.270395040512085
0.6183550357818604
0.6183550357818604
0.3805157542228699
0.3805157542228699
0.3805157542228699
0.3805157542228699
0.3805157542228699
0.3805157542228699
0.3805157542228699
0.24655696749687195
0.24655696749687195
0.21856552362442017
0.3704688549041748
0.3704688549041748
0.3704688549041748
0.006511850282549858
0.41924139857292175
-0.06437379121780396
0.4417562484741211
0.5787036418914795
0.5853106379508972
0.054504431784152985
0.3103371560573578
0.006095177493989468
0.2899835705757141
0.2952490746974945
0.2622562050819397
0.3889291286468506
0.3450362980365753
0.1097627580165863
-0.16380569338798523
0.22027499973773956
0.3090660870075226
0.18134835362434387
-0.09242818504571915
0.4543023109436035
0.19391386210918427
0.18123207986354828
0.11759544163942337
0.3440421521663666
0.14633886516094208
-0.004145040642470121
0.19694460928440094
0.3454124331474304
0.2145615667104721
0.18467119336128235
0.17043693363666534
0.0419464185833931
0.19431348145008087
0.04672427847981453
0.08300498872995377
0.11915992200374603
0.2512989938259125
0.2104245126247406
0.2104245126247406
0.2104245126247406
0.2104245126247406
0.2104245126247406
0.2104245126247406
0.2104245126247406
0.2104245126247406
0.2104245126247406
0.2104245126247406
0.2104245126247406
0.2104245126247406
0.2104245126247406
0.2104245126247406
0.2104245126247406
0.2104245126247406
0.2104245126247406
0.2104245126247406
0.2104245126247406
0.2104245126247406
0.2104245126247406
0.2104245126247406
0.2104245126247406
0.2104245126247406
0.2104245126247406
0.2104245126247406
0.2104245126247406
0.9644103050231934
0.9403635263442993
0.8334162831306458
2.159278392791748
0.5004643797874451
0.8133848309516907
0.972265899181366
0.4907003939151764
0.019244177266955376
0.5867491960525513
0.784521222114563
0.6146130561828613
0.8609899878501892
0.2931520938873291
0.1551784723997116
0.7604988813400269
1.1912286281585693
0.4203197956085205
0.7655402421951294
0.7365511655807495
0.8436506390571594
0.6612933874130249
0.5621705055236816
0.06361784785985947
0.15170246362686157
0.1596899777650833
0.6568253636360168
0.22530138492584229
0.5532983541488647
0.44759225845336914
1.0991127490997314
0.3107476234436035
0.5211970806121826
0.4622352421283722
0.46230706572532654
0.41847166419029236
0.745308518409729
0.5432991981506348
0.37121379375457764
0.28031256794929504
0.23622384667396545
0.20923781394958496
0.3353389501571655
0.37528103590011597
0.3372947871685028
0.31413277983665466
0.3096057176589966
0.8487040400505066
0.36348557472229004
0.16571487486362457
0.19496914744377136
0.32297608256340027
0.40834200382232666
0.407693088054657
0.9932081699371338
0.4976273775100708
1.3445380926132202
0.28925368189811707
0.38129445910453796
0.5323530435562134
0.279296338558197
0.9691835045814514
0.28975751996040344
0.2171364426612854
0.775603175163269
0.5417563915252686
0.1759253442287445
-0.09701056033372879
0.4995930790901184
0.40729451179504395
0.12983126938343048
0.0048652151599526405
0.2010372281074524
0.11805552244186401
0.22229434549808502
0.38148656487464905
0.28083792328834534
0.40900954604148865
0.1661079227924347
0.3615705370903015
0.06728548556566238
0.16935129463672638
0.40319347381591797
0.2369508296251297
0.11437952518463135
0.22653278708457947
0.5307808518409729
0.13835860788822174
0.16705556213855743
0.028755901381373405
0.34202900528907776
0.14487187564373016
0.2781914472579956
0.2574421763420105
0.06907813251018524
0.2855241000652313
-0.09751038253307343
0.7529727816581726
0.3142704367637634
0.5883481502532959
0.08144017308950424
-0.09180313348770142
-0.1897619217634201
0.21773965656757355
-0.01272241584956646
0.2986166477203369
0.2914472222328186
-0.13071689009666443
-0.07964419573545456
-0.033959437161684036
0.005900842137634754
0.06747768819332123
0.3620394468307495
0.504504382610321
0.20861667394638062
-0.05117274448275566
0.07651865482330322
0.11136052012443542
0.17962457239627838
0.060319699347019196
-0.06878039240837097
0.4167886972427368
0.48268336057662964
0.09089474380016327
0.33850613236427307
0.4600037634372711
0.3118187189102173
-0.028064684942364693
-0.03360629826784134
-0.03145267441868782
0.10366414487361908
0.09461942315101624
0.019483176991343498
0.13215352594852448
-0.15722762048244476
0.17643047869205475
0.19541728496551514
0.10576064139604568
0.28202325105667114
0.12666746973991394
0.08669938892126083
0.20615004003047943
-0.05046853423118591
0.15983709692955017
0.1160774752497673
0.1325763612985611
-0.21571673452854156
0.24838393926620483
-0.028281208127737045
0.09414114058017731
0.18950189650058746
0.17293724417686462
0.20754249393939972
0.4663669764995575
0.32398197054862976
0.3174196779727936
1.2868469953536987
1.6436353921890259
0.8539643883705139
1.2191718816757202
0.48682501912117004
0.9071633219718933
0.37942928075790405
0.3690624237060547
0.012591837905347347
0.5175060629844666
0.06701380759477615
0.33679869771003723
0.9428888559341431
0.2694270610809326
0.2694270610809326
0.2816256284713745
0.17422182857990265
0.7647735476493835
0.11735613644123077
0.08252473920583725
0.11317615956068039
0.23118120431900024
0.4064585566520691
0.1908435970544815
0.37282538414001465
0.054004717618227005
0.49037912487983704
0.7322994470596313
-0.23045705258846283
-0.012331221252679825
0.09686924517154694
0.1613861322402954
0.3661485016345978
0.4080232083797455
0.25380170345306396
0.09198871999979019
0.08546814322471619
0.10276053100824356
0.42020976543426514
0.44963833689689636
0.575262188911438
0.9005220532417297
0.17022612690925598
0.7484126687049866
0.29977789521217346
0.0550047792494297
0.40882012248039246
1.0999045372009277
0.6569211483001709
0.030866384506225586
0.09230327606201172
0.4350801408290863
0.12755738198757172
0.13087208569049835
0.208073690533638
0.24273814260959625
-0.08872419595718384
0.15044119954109192
0.2163197547197342
0.25683698058128357
0.3844629228115082
0.2177419513463974
0.4167444705963135
0.3208262622356415
0.4418475925922394
0.13183194398880005
0.3330163061618805
0.4441892206668854
0.5116596221923828
0.261703222990036
0.39845627546310425
0.049450360238552094
0.40536263585090637
0.005232624709606171
0.13133502006530762
0.1691887378692627
0.42926788330078125
0.14265240728855133
1.0551528930664062
1.0551528930664062
0.24106505513191223
0.6958032846450806
0.6958032846450806
0.053912241011857986
0.31480464339256287
0.31480464339256287
0.31480464339256287
0.2239110916852951
0.07210702449083328
0.36511844396591187
-0.025338243693113327
0.5989184975624084
0.5989184975624084
0.49045035243034363
-0.01042161788791418
0.33389008045196533
0.334084153175354
0.3381460905075073
0.3945249319076538
0.17360594868659973
-0.018831074237823486
0.15333402156829834
0.12140638381242752
0.2936747074127197
0.16581222414970398
0.31374281644821167
0.23754046857357025
0.33020758628845215
0.5851004719734192
0.43911856412887573
0.3905622363090515
0.22205789387226105
0.22797651588916779
1.4926502704620361
1.4926502704620361
0.28439846634864807
0.6200498342514038
0.6200498342514038
0.6200498342514038
0.6200498342514038
0.6273800134658813
0.8104184865951538
0.8104184865951538
0.8104184865951538
0.8104184865951538
0.8104184865951538
0.27748286724090576
0.4124041497707367
0.4124041497707367
0.3872424364089966
0.3872424364089966
0.3872424364089966
0.3872424364089966
0.24650824069976807
0.2016783505678177
0.3446769714355469
0.3446769714355469
0.13433031737804413
0.2942149043083191
0.30379560589790344
0.47729113698005676
0.5167778134346008
0.4939199984073639
0.28441575169563293
0.3525960445404053
0.1764410138130188
0.5698739886283875
0.459625780582428
0.305433988571167
0.31736359000205994
0.3092803359031677
0.30992600321769714
0.423575758934021
0.423575758934021
0.27749761939048767
0.06548166275024414
0.36299753189086914
0.43786922097206116
0.2852732837200165
0.0513906255364418
0.12557391822338104
0.41578009724617004
0.2782568335533142
0.3377666175365448
0.23925241827964783
0.421685129404068
0.37565720081329346
0.13539819419384003
0.19277745485305786
0.2541050314903259
0.15559540688991547
0.076038658618927
0.17215971648693085
0.3182099163532257
0.14170019328594208
0.008936799131333828
0.34641334414482117
0.2104245126247406
0.2104245126247406
0.2104245126247406
0.2104245126247406
0.2104245126247406
0.2104245126247406
0.2104245126247406
0.2104245126247406
0.2104245126247406
0.2104245126247406
0.2104245126247406
0.2104245126247406
0.2104245126247406
0.2104245126247406
0.2104245126247406
0.2104245126247406
0.2104245126247406
0.2104245126247406
0.2104245126247406
0.2104245126247406
0.2104245126247406
0.2104245126247406
0.2104245126247406
0.2104245126247406
0.7601250410079956
1.031571626663208
0.9803839325904846
1.449201226234436
0.9048773646354675
1.09157395362854
0.761006236076355
0.5544754862785339
0.6024384498596191
0.1357724666595459
0.758956789970398
0.5537303686141968
0.945730984210968
0.3111826777458191
0.6544451117515564
0.6969467401504517
0.17459219694137573
0.3702462911605835
0.7117161154747009
0.41116032004356384
0.6689170002937317
0.879581093788147
0.7220575213432312
0.5503270030021667
0.8213031888008118
0.8213031888008118
0.4100761413574219
0.43960362672805786
1.0060944557189941
0.865409791469574
1.0112732648849487
1.0112732648849487
0.41648679971694946
0.8166788816452026
0.47780662775039673
0.26264315843582153
0.4306052327156067
0.5599365830421448
0.6168954968452454
0.7481476068496704
0.5945730805397034
0.45449426770210266
0.12920643389225006
0.2744015157222748
0.2744015157222748
0.194173663854599
0.1494714319705963
0.22155660390853882
0.22155660390853882
0.3416597843170166
0.2949685752391815
0.23095761239528656
0.22934068739414215
0.5246222615242004
0.022647181525826454
-0.03235587105154991
0.40009722113609314
0.3878410756587982
-0.08019868284463882
0.05201038718223572
0.49557191133499146
0.07710488140583038
0.11961361765861511
0.10981747508049011
0.2922426164150238
0.404311865568161
0.06708675622940063
0.2445734739303589
0.39468106627464294
0.4769139885902405
0.4998723864555359
0.5520159006118774
0.4222073256969452
0.5385103225708008
0.36293384432792664
0.48928433656692505
0.30877622961997986
0.29384538531303406
0.5202307105064392
0.196973517537117
0.45676398277282715
0.24090810120105743
0.3836321234703064
0.36335599422454834
0.28833478689193726
0.35814791917800903
0.5875438451766968
0.259292334318161
0.43415310978889465
0.45239436626434326
0.6274911165237427
0.28772976994514465
0.2881200313568115
0.14891327917575836
0.3597536087036133
0.373777836561203
0.25407880544662476
0.32539457082748413
0.5401643514633179
0.26637598872184753
0.40120649337768555
0.4100574254989624
0.2050253450870514
0.514362633228302
0.07067642360925674
0.2553017735481262
0.3559328019618988
0.2712863087654114
0.26197168231010437
0.2968575656414032
0.41539791226387024
0.3957502543926239
0.33216336369514465
-0.015618315897881985
0.24206583201885223
0.4093002378940582
0.6786187291145325
0.9063864946365356
0.15151529014110565
0.43460819125175476
0.48828017711639404
0.1760772317647934
0.3405514657497406
0.46266645193099976
0.17338168621063232
0.22360825538635254
0.350694477558136
0.13398708403110504
0.31905460357666016
0.11930224299430847
0.13027594983577728
0.15900589525699615
0.3017709255218506
0.7035558819770813
0.28767460584640503
0.14742785692214966
0.43848079442977905
0.04801782965660095
0.06564315408468246
-0.08807837218046188
0.016079796478152275
0.23256300389766693
0.1691661924123764
0.27729567885398865
0.2807071805000305
0.2654360830783844
0.2528386116027832
0.33814409375190735
0.33159440755844116
0.2104245126247406
0.2104245126247406
0.2104245126247406
0.2104245126247406
0.2104245126247406
0.2104245126247406
0.2104245126247406
0.2104245126247406
0.2104245126247406
0.2104245126247406
0.2104245126247406
0.998695433139801
-0.05991802364587784
0.868147611618042
0.33075323700904846
0.5391907095909119
1.029359221458435
0.9571705460548401
0.5868034362792969
0.43105369806289673
0.6286826133728027
0.14388804137706757
0.32879704236984253
0.931503176689148
0.23639599978923798
0.9520551562309265
0.1774047315120697
0.11873961985111237
0.6912630200386047
0.37570667266845703
0.7536699175834656
0.27962446212768555
0.11738725006580353
0.3512251377105713
0.31828513741493225
0.6221028566360474
0.7411928176879883
0.2799574136734009
0.457112580537796
0.23393216729164124
0.4565654695034027
0.5924102067947388
0.7108869552612305
0.43946895003318787
0.2449510544538498
0.35594266653060913
0.3605368137359619
0.22156064212322235
0.36197489500045776
0.34691762924194336
0.4314006567001343
0.3529552221298218
0.7160912752151489
0.4618946313858032
0.3060084879398346
0.6259468197822571
0.5145132541656494
0.6824740767478943
0.33169400691986084
0.7640460133552551
0.15172970294952393
0.22854213416576385
0.12163687497377396
0.14644552767276764
0.1868101805448532
0.23249778151512146
0.16443805396556854
0.34380531311035156
0.7260102033615112
0.1421605497598648
0.15122480690479279
0.2878008782863617
0.13143539428710938
0.004456580150872469
0.12658080458641052
0.05868076905608177
0.29288965463638306
0.1716374009847641
0.2355400174856186
0.6551211476325989
0.43057507276535034
-0.11300618201494217
-0.019765838980674744
0.02991076000034809
0.480135977268219
0.3293696939945221
0.3279949128627777
0.20936602354049683
0.5178589224815369
-0.033938441425561905
0.1349153369665146
0.12762634456157684
0.06390773504972458
0.33833327889442444
0.30530259013175964
0.07507362216711044
0.01883615367114544
0.15560786426067352
0.26062577962875366
0.9768670797348022
0.3828490674495697
0.3828490674495697
0.2757463753223419
0.4428170621395111
0.9342433214187622
1.0113050937652588
0.947044312953949
0.8743929862976074
0.15573756396770477
0.05644548684358597
0.3798682689666748
0.16198499500751495
1.3323273658752441
0.5062046647071838
0.963157057762146
0.7354753017425537
0.7354753017425537
0.7354753017425537
0.7354753017425537
0.7354753017425537
0.4814365804195404
0.6510893702507019
0.09535614401102066
0.29510921239852905
1.393591046333313
0.7187537550926208
0.3693001866340637
0.6735591292381287
0.4022648334503174
0.4060766100883484
0.27561837434768677
0.27561837434768677
0.47061726450920105
0.4150623679161072
0.13105370104312897
0.13605597615242004
0.6607352495193481
0.4071146547794342
0.761454164981842
0.513434112071991
0.19817215204238892
0.6048402190208435
0.19969697296619415
0.10481692105531693
0.16371983289718628
0.24851852655410767
0.14411485195159912
0.015803039073944092
0.2125786691904068
0.22816486656665802
0.3587362468242645
-0.08348759263753891
0.1922065019607544
0.06221828609704971
0.007757524028420448
-0.022345416247844696
0.36516669392585754
-0.0970764011144638
0.5882906913757324
0.09722381830215454
0.5540594458580017
0.2902807593345642
-0.030512407422065735
0.023984679952263832
0.05273372679948807
0.5259236097335815
-0.02245676890015602
0.24524720013141632
0.558626651763916
0.15074355900287628
0.09718083590269089
0.06375258415937424
0.059925518929958344
0.19634543359279633
0.09077185392379761
0.18565501272678375
0.09125830233097076
0.3684048056602478
0.04743718355894089
0.10735101252794266
0.18807269632816315
0.6573768854141235
0.18863603472709656
0.8817887306213379
0.2722896337509155
-0.020398303866386414
0.21518738567829132
0.5276167988777161
0.2022334337234497
0.05894280970096588
0.37987107038497925
0.11763259023427963
0.2880912125110626
0.22757694125175476
0.16817283630371094
0.2841129004955292
0.2903018295764923
0.7373904585838318
0.2359875589609146
0.2616199254989624
0.48202526569366455
0.2504366934299469
0.49116072058677673
0.49116072058677673
0.5080010890960693
0.23273541033267975
0.23273541033267975
0.08612231910228729
0.3834134042263031
0.24803714454174042
0.14124180376529694
0.14124180376529694
0.14124180376529694
0.22912952303886414
0.22912952303886414
0.5065867304801941
0.2641752362251282
0.2614257335662842
0.24883556365966797
0.24657611548900604
0.138278990983963
0.38949137926101685
0.20661737024784088
0.1868268847465515
0.27436697483062744
0.11299130320549011
0.6571831107139587
0.21704153716564178
0.12908974289894104
0.6003504395484924
0.1111566424369812
0.15245398879051208
0.25968992710113525
0.033126961439847946
0.3779911696910858
0.045747824013233185
0.40540581941604614
0.003901077201589942
0.14175455272197723
0.2104245126247406
0.2104245126247406
0.2104245126247406
0.2104245126247406
0.2104245126247406
0.2104245126247406
0.2104245126247406
0.2104245126247406
0.2104245126247406
0.2104245126247406
0.2104245126247406
0.2104245126247406
0.2104245126247406
0.5425053834915161
0.562321126461029
0.3006679117679596
0.7650212645530701
0.6022483110427856
1.2209302186965942
0.22424760460853577
1.1176562309265137
0.43776556849479675
0.3956647217273712
0.38793301582336426
0.888675332069397
-0.003338094102218747
0.13232752680778503
0.7503361701965332
1.450527310371399
0.7853729128837585
0.0034972273278981447
0.722878098487854
0.7026618123054504
0.5719562768936157
0.34046491980552673
-0.10297807306051254
0.16130219399929047
0.14540280401706696
0.6803587675094604
0.2659465968608856
0.22457624971866608
0.0629161074757576
0.30798789858818054
0.9544194340705872
0.6484032869338989
0.6340489387512207
0.6909515857696533
0.6909515857696533
0.6909515857696533
0.6156966090202332
0.8329667448997498
0.23952507972717285
0.8012253642082214
-0.24980100989341736
0.38840654492378235
0.7443934679031372
-0.2612648606300354
-0.3922806978225708
0.6845030188560486
0.6845030188560486
0.419967919588089
0.30869999527931213
0.32239535450935364
0.4188590347766876
0.8745434880256653
1.1817059516906738
0.08562322705984116
0.6647260189056396
0.5946462750434875
-0.03160746768116951
-0.19148555397987366
0.483055979013443
0.8339479565620422
0.23573176562786102
0.5722553133964539
0.372678279876709
0.4722331166267395
0.608562171459198
0.22921928763389587
0.7231691479682922
0.6312004923820496
0.15514831244945526
0.813108503818512
0.4947761595249176
0.9364697337150574
-0.09494870156049728
0.11803191900253296
0.03858056664466858
0.35975414514541626
0.014779098331928253
0.2716926634311676
0.25309205055236816
0.2083587944507599
0.7003929018974304
0.4251449406147003
0.23329664766788483
0.07427898794412613
-0.2394438236951828
0.22307370603084564
-0.03812424838542938
0.7126944065093994
0.2686861455440521
0.11231149733066559
0.6477769017219543
0.2675801217556
0.2602710425853729
1.2675504684448242
0.4226362407207489
0.7254388332366943
-0.024097658693790436
0.03858209773898125
0.42552581429481506
-0.22649270296096802
0.32649868726730347
0.6617819666862488
0.6617819666862488
0.6617819666862488
0.5478514432907104
0.33150213956832886
0.5321846008300781
0.4935474097728729
0.25933772325515747
-0.23246006667613983
-0.16575564444065094
0.19581083953380585
0.34321972727775574
0.4979526400566101
2.7347003924660385E-4
0.17061857879161835
0.30984196066856384
0.03614306449890137
0.13919100165367126
0.2867544889450073
0.07442479580640793
0.15918798744678497
0.4350581467151642
0.33204516768455505
0.3245377242565155
0.31193724274635315
0.16355109214782715
0.38800278306007385
0.38800278306007385
0.42899855971336365
0.561235249042511
0.36454886198043823
0.6136939525604248
0.5809766054153442
0.32910823822021484
0.32910823822021484
0.32910823822021484
0.5464609861373901
0.12277240306138992
0.6623343229293823
0.4052375853061676
0.551466703414917
-0.1137847825884819
0.44309481978416443
0.4676749110221863
0.1515912264585495
0.26299047470092773
0.5386212468147278
0.34564468264579773
0.4015309512615204
0.196509450674057
0.22755269706249237
0.013859560713171959
0.32965603470802307
0.8018589019775391
0.5371443629264832
0.3843599259853363
0.1270224153995514
0.41677770018577576
0.11022144556045532
0.24392643570899963
0.05182919651269913
0.742388129234314
0.3202436864376068
0.4555070400238037
0.4716147780418396
0.2589012384414673
0.16505871713161469
0.3369594216346741
0.27590492367744446
0.2694967985153198
-0.039513278752565384
0.21265287697315216
0.2566779851913452
0.3439902663230896
0.22553344070911407
0.24332480132579803
0.26258307695388794
0.0887199193239212
0.10575227439403534
0.17346493899822235
0.30447396636009216
0.1660655289888382
0.05328119546175003
0.18205390870571136
0.12645946443080902
0.15672971308231354
0.07709969580173492
0.6750816702842712
0.07474058121442795
0.33927613496780396
0.14313137531280518
0.19130028784275055
0.38246726989746094
0.26551538705825806
0.36362889409065247
-0.12389858812093735
-0.04006911441683769
0.06533181667327881
-0.05979827046394348
0.11156894266605377
0.1482844352722168
-0.07430494576692581
4.137319338042289E-4
0.19404879212379456
0.586230456829071
0.02659793384373188
0.03961324319243431
-0.16346298158168793
-0.2576945424079895
0.6212155222892761
0.14210987091064453
-0.09518403559923172
0.3476160764694214
0.07569030672311783
0.20443715155124664
0.053725916892290115
0.15669509768486023
-0.08518574386835098
0.06155642122030258
-0.04601315036416054
0.5681511163711548
0.08051978051662445
0.01055731251835823
0.13081209361553192
-0.04154146462678909
0.00434133829548955
0.13915133476257324
0.032923005521297455
0.16361601650714874
0.2592000663280487
0.2976546883583069
-0.010289674624800682
0.17927266657352448
0.12302028387784958
0.09249657392501831
0.06749441474676132
-0.034544363617897034
0.1129290759563446
0.3032059967517853
0.2707308232784271
0.22612254321575165
0.10062354058027267
0.21450448036193848
0.2555268704891205
0.015030810609459877
0.12858611345291138
0.5379726886749268
0.09336167573928833
0.1371699422597885
0.14183945953845978
0.3342897593975067
0.2929753065109253
-0.10662613064050674
0.21998043358325958
-0.02877720072865486
-0.02877720072865486
0.18852727115154266
0.32194554805755615
0.07637161761522293
0.2184847593307495
0.30472972989082336
0.045485980808734894
0.2939344644546509
0.28113916516304016
-0.1288985311985016
0.09647783637046814
0.4233991801738739
0.09989015012979507
0.08608628064393997
0.2973950505256653
0.2973950505256653
0.038873326033353806
0.05241064354777336
0.22564740478992462
0.18827471137046814
0.1640111804008484
0.13144035637378693
0.34792590141296387
0.11776306480169296
0.2683255672454834
-0.02827085368335247
0.11387137323617935
0.1827971339225769
-0.0018670656718313694
0.3050137758255005
0.17932021617889404
0.17932021617889404
0.17932021617889404
0.7360212206840515
0.47773152589797974
0.518794059753418
1.1689698696136475
0.6948622465133667
1.3346370458602905
0.879120945930481
0.4130760133266449
0.9728497862815857
1.0184881687164307
0.6969348192214966
0.5866767764091492
1.0205782651901245
-0.08305899053812027
0.4441871643066406
0.6099838614463806
0.5242475271224976
1.1641563177108765
0.21458007395267487
0.6555079221725464
0.08328256011009216
0.21907548606395721
0.5712037086486816
0.7983943819999695
0.9533073306083679
1.392537236213684
0.4343426823616028
0.18467727303504944
0.4975801408290863
0.07039433717727661
0.37841737270355225
0.3277161419391632
0.25749149918556213
0.7848802804946899
0.8957448601722717
0.31491437554359436
0.31491437554359436
0.31491437554359436
0.31491437554359436
-0.07078719884157181
0.5957558751106262
1.1133595705032349
0.858339786529541
0.04382733255624771
0.30644598603248596
0.5538492202758789
0.29517292976379395
0.8192483186721802
0.1773785799741745
0.6534804701805115
0.9815106391906738
1.5034451484680176
0.3467918038368225
0.5549395680427551
0.3337525725364685
0.011429719626903534
0.3953954577445984
0.5162753462791443
0.4465502202510834
0.50621497631073
0.07837748527526855
0.39357584714889526
0.2837594449520111
0.6069191694259644
0.10828502476215363
0.20788082480430603
0.7791688442230225
0.5252916812896729
0.3376155197620392
0.9712799191474915
0.2502605617046356
1.0162620544433594
0.36046692728996277
0.6350618600845337
0.5201307535171509
0.6081629395484924
0.3242873549461365
0.5203827023506165
0.10379213839769363
0.4240562617778778
0.5951411724090576
0.45705580711364746
0.47793662548065186
0.6268516182899475
0.3774922490119934
0.8102107644081116
0.4228828549385071
0.26051539182662964
0.506377100944519
0.09948912262916565
0.2351803332567215
0.6750404834747314
0.7575220465660095
0.42891815304756165
0.2840811014175415
0.25521180033683777
0.6986218094825745
0.6968622803688049
0.28078076243400574
0.6373339891433716
0.55934077501297
0.4644869863986969
0.3843161165714264
-0.10226423293352127
0.18544435501098633
-0.16863487660884857
-0.00955683458596468
0.2823151648044586
0.43409454822540283
0.19431822001934052
0.6160597205162048
0.20220337808132172
0.08392215520143509
0.07097185403108597
0.22190700471401215
0.05551853030920029
0.10204984992742538
0.3117905855178833
0.6311284303665161
0.4640991687774658
0.16730721294879913
-0.11346485465765
0.15597833693027496
0.38786613941192627
-0.1401752382516861
0.26502615213394165
0.2963918447494507
0.24785374104976654
0.29086750745773315
0.13808731734752655
0.2187245786190033
0.27183863520622253
0.0992102101445198
0.41565456986427307
0.27120402455329895
0.18746115267276764
0.18746115267276764
0.4716929495334625
0.28229907155036926
0.1943383365869522
0.1943383365869522
0.1943383365869522
0.1943383365869522
0.1943383365869522
0.6133418083190918
0.25280171632766724
0.11700170487165451
0.4230020344257355
-0.05157911404967308
0.2619328498840332
-0.2090989202260971
0.23476813733577728
0.3748376667499542
0.2104245126247406
0.2104245126247406
0.2104245126247406
0.2104245126247406
0.2104245126247406
