0.9998238119645152
0.9998238119645338
0.9998238119645338
0.9998238119645185
0.9998238119645332
0.9998238119644084
0.9998238119645323
0.9998238119645103
0.9998238119645338
0.9998238119643591
0.9998231897538858
0.9998238119643613
0.9998238119644601
0.9998230373879807
0.9998238119643041
0.9998238119645338
0.9998238119644066
0.9998238119514044
0.9998238119645336
0.999823811964533
0.9998238119552492
0.9998238119643321
0.9998221642491507
0.9998238119645334
0.9998238119645336
0.9998238119644786
0.9998238119645325
0.999819123611481
0.9998238119644783
0.9998238119638051
0.9998238119644746
0.9998238119645205
0.9998238087503081
0.99982381195934
0.9998238119637162
0.9998238119645336
0.999823811961389
0.999823811961834
0.9998238119620569
0.9998238119637469
0.9998162672886959
0.9998158216673857
0.9998166223403002
0.9998238119636194
0.9998238119630234
0.9998238119645338
0.999823811954192
0.999823811963973
0.9998238119644568
0.9998238119642655
0.9998238119642655
0.9998084595147089
0.9998238119638082
0.9998238119638082
0.9998238119638082
0.9998238119628806
0.9998238119628413
0.9998238119629743
0.9998085212141977
0.9998238119496621
0.9998238119612858
0.9998157567630663
0.999813250207599
0.9998238119475945
0.9998089450613424
0.9998238119383747
0.9998238119623986
0.9997995707252095
0.9998238119634444
0.9998238119616825
0.9997954395539675
0.9998238119474506
0.9998238119633188
0.9998137431816705
0.999823811961521
0.9998238119577871
0.9998082100591966
0.9998238119528935
0.9998238119570005
0.9998238119502265
0.999802043849843
0.9997947652800815
0.999800109997756
0.9998238119419772
0.9998238119621164
0.9997924302945549
0.999823811928754
0.9997839401766241
0.9998238119645199
0.9998238119551425
0.9997794769126481
0.9997871482242732
0.9997920672275079
0.9997787567328071
0.9998238119643361
0.9998238118109581
0.999781523006902
0.9998238119491498
0.9997963756995477
0.999738967227939
0.999736460560853
0.999823811895698
0.9997260101087233
0.9998238119273254
0.999753687763794
0.9997179768072354
0.9998238119111084
0.9996993099989909
0.9997037220228299
0.9998238113927556
0.9997861528719098
0.9998238117500122
0.9997406191446058
0.9997385948079832
0.9997141440231068
0.9997241971506581
0.9998238119527911
0.9996591899398118
0.9998238119521514
0.9997363166362886
0.9997237515651402
0.999706208846355
0.9997206176499877
0.9996601688196518
0.9998238117171849
0.999674521947725
0.9996827358921643
0.9995723432164232
0.9996013942787306
0.9998238119305
0.9996414018938616
0.9995343352180069
0.9994978788986412
0.9994892320248089
0.9993957719225135
0.9992452694990899
0.999385074052151
0.9993825531698827
0.9993978601767037
0.9998238104428809
0.9998238115102377
0.9993880672105809
0.9993811717232399
0.99982378312478
0.9992621041645662
0.999250751565793
0.999823778853639
0.9998230074256709
0.9998238117698569
0.998966962876941
0.9998238116254982
0.9992410810313567
0.9986992700881226
0.9985806535741513
0.998740608097027
0.9985449208992427
0.9866386497949933
0.9960993601575007
0.973557821822329
0.9998234564038777
0.9442459734315117
0.8448095621402478
0.27092111466524654
0.27092111466524654
0.27092111466524654
0.27092111466524654
0.27092111466524654
0.27092111466524654
0.27092111466524654
0.27092111466524654
0.27092111466524654
0.27092111466524654
0.27092111466524654
0.27092111466524654
0.27092111466524654
0.27092111466524654
0.27092111466524654
0.27092111466524654
0.27092111466524654
0.27092111466524654
0.27092111466524654
0.27092111466524654
0.27092111466524654
0.27092111466524654
0.27092111466524654
0.27092111466524654
0.27092111466524654
0.27092111466524654
0.9998238119645338
0.9998238119645338
0.9998238119645338
0.9998238119645338
0.9998237975703345
0.9998238119645338
0.9998238119645338
0.9998238119645338
0.9998238119645338
0.9998238119645338
0.9998238119645338
0.9998238119645338
0.9998238119645338
0.9998238119645338
0.9998238119645338
0.9998237132938683
0.9998237524986987
0.9998238119645338
0.9998238119645338
0.9998236734590858
0.9998238119645214
0.9998238119644985
0.9998238119645338
0.9998238119645338
0.9998238119645338
0.9998235527186821
0.9998238119645338
0.9998238119524842
0.999823811925521
0.9998235781959984
0.9998238119645338
0.9998238119643008
0.9998234496409361
0.9998238119645321
0.9998238119645338
0.9998238119644819
0.9998224543286176
0.9998223032927521
0.999822209692141
0.9998216058793835
0.9998228965615137
0.9998238119631299
0.9998238118425471
0.9998238119645334
0.9998238119645334
0.9998225385562903
0.9998217795569064
0.9998238119645336
0.9998238119645338
0.9998238119639243
0.9998238119645156
0.999823811964529
0.9998238119645321
0.9998238119645168
0.9998238115556409
0.9998207438851668
0.9998238119645083
0.9998238116664334
0.9998238117056927
0.999823811964533
0.9998238119643718
0.999820291489324
0.9998238098434681
0.9998238119644206
0.9998238119645274
0.9998238108981814
0.9998143339201346
0.9998175334106685
0.9998154880238309
0.9998238119644024
0.99982381196263
0.9998238092611402
0.999823811964216
0.9998154900745123
0.9998238119621011
0.99981122234805
0.9998238119379156
0.9998238119615783
0.9998238119181129
0.9998238118760765
0.9998238040533954
0.999823766154729
0.9998238119644135
0.9997966514051895
0.9998238119644379
0.9998229084664256
0.9997874796724391
0.9998042468442478
0.9997980813821026
0.9998237981598265
0.9998238119535197
0.9998237966446246
0.9997949241542168
0.9997782702067515
0.9998238031161336
0.9997399222600092
0.9998237807438115
0.9996969506748657
0.9997637808111223
0.9997391508339598
0.9998235326057897
0.9998238088408642
0.9996835266701494
0.9998238104480747
0.9998238118232348
0.9998232902769592
0.9996898468927586
0.9995642492304815
0.9998237843498221
0.999539615899027
0.9996998285910889
0.9998205314239905
0.9994885961723846
0.9994493600804027
0.9998237091758027
0.9992987515309808
0.9993077671203155
0.9998237439318891
0.9987955823737851
0.998824119338105
0.9993046566425551
0.9979700865892355
0.9980141316835612
0.994390374049422
0.991701124048767
0.9858883222538104
0.8560789939844797
0.27092111466524654
0.27092111466524654
0.27092111466524654
0.27092111466524654
0.27092111466524654
0.27092111466524654
0.27092111466524654
0.27092111466524654
0.27092111466524654
0.27092111466524654
0.27092111466524654
0.9998238119645336
0.9998238119645323
0.9998238119645338
0.9998238119645114
0.9998237718135071
0.999823811964533
0.9998238119645272
0.9998233605528996
0.9998236381381063
0.9998238119645314
0.9998233846561071
0.9998238119645319
0.9998232682955835
0.9998238119645185
0.9998238119645037
0.9998238119643766
0.9998227776375598
0.9998238119645338
0.9998238119645338
0.9998238119645305
0.9998238119566545
0.9998238119643735
0.9998238119578382
0.9998238119645003
0.9998238119645003
0.9998238119643428
0.9998238119619444
0.9998194937741776
0.9998238119639037
0.9998182709902157
0.9998238119641936
0.9998238119631445
0.9998206677047885
0.9998238119640879
0.9998238119630221
0.9998201861671511
0.9998211584059521
0.9998238119645316
0.9998149572573547
0.9998129750798167
0.9998151264908374
0.9998238119607478
0.9998092479197228
0.9998110187113554
0.9998109138190716
0.9998092864793333
0.9998150996425286
0.9998238119645114
0.9998031578509811
0.999798660588549
0.9998095075444536
0.9998238119636784
0.9998175891661392
0.9998049123100835
0.9998001476268888
0.9997981943314931
0.9998238118948761
0.9998238119568789
0.9998106364279074
0.999775916326487
0.9997902778759373
0.9997844978513397
0.9997719023067233
0.9998238119561719
0.9998238119617064
0.9997825471160101
0.9997767109234575
0.9998238119643795
0.9997997590154868
0.9997645803954257
0.9998238119537785
0.9998238107383994
0.9997321134697514
0.999725570796752
0.9998238119543318
0.9997862465201787
0.9997100120791733
0.9997779100876614
0.999712142232794
0.9996987357065454
0.9997033054002636
0.9998238118832542
0.9996835469388673
0.9996896731239447
0.9998238117043722
0.9996788049706654
0.9997449606682167
0.9996765623602861
0.9997401352388459
0.9996783409950668
0.9996423916133258
0.9997626618664742
0.9996466140749919
0.9996356589547778
0.9997094259471233
0.9995889531482939
0.9998238109124366
0.9998238119629452
0.999823806970648
0.999465551419134
0.9998238115412538
0.9994192124456597
0.9994110346511708
0.9993349298495514
0.9995333201350803
0.9998238103179373
0.9994978832070596
0.9991747355820387
0.9985511685650539
0.9998238077896683
0.9981944708357345
0.9983867502930299
0.9981513635171436
0.9938202321295814
0.9941467166952271
0.9940876850663509
0.992322193672007
0.9722423997868048
0.9382013390041938
0.9367763882793403
0.27092111466524654
0.27092111466524654
0.27092111466524654
0.27092111466524654
0.27092111466524654
0.27092111466524654
0.27092111466524654
0.27092111466524654
0.27092111466524654
0.27092111466524654
0.27092111466524654
0.27092111466524654
0.27092111466524654
0.27092111466524654
0.27092111466524654
0.27092111466524654
0.27092111466524654
0.27092111466524654
0.27092111466524654
0.27092111466524654
0.27092111466524654
0.27092111466524654
0.27092111466524654
0.27092111466524654
0.27092111466524654
0.27092111466524654
0.27092111466524654
0.27092111466524654
0.27092111466524654
0.27092111466524654
0.27092111466524654
0.27092111466524654
0.27092111466524654
0.27092111466524654
0.9998238119645338
0.9998238119640112
0.9998238119645338
0.9998238119645338
0.9998238119644934
0.9998238119640663
0.9998238119645338
0.9998238119645338
0.999823811964218
0.9998238119645338
0.9998238119645338
0.9998238119645281
0.9998238119645338
0.9998238119645338
0.9998238119645336
0.9998238119645338
0.999823811964503
0.9998238119645338
0.9998233291792508
0.9998238119645338
0.9998238119645338
0.9998238119645338
0.9998238119645338
0.9998238119645338
0.9998238119645338
0.9998238119645205
0.9998238119645338
0.9998238119645338
0.9998230039281314
0.9998238119637647
0.9998238119645338
0.9998238119645338
0.9998238119645303
0.999823811964533
0.9998238119645338
0.9998238119645338
0.9998238119645338
0.9998238119645338
0.9998238119645338
0.999823811737526
0.9998238118924319
0.9998238119645338
0.9998238119645338
0.9998238119645332
0.9998238119645325
0.9998238119645327
0.999823811453441
0.999822328279369
0.9998238119645338
0.9998238119642247
0.9998238119645319
0.9998238119633572
0.9998238119645338
0.9998238116702111
0.9998238119645334
0.9998238119645338
0.9998238119645336
0.9998238115859942
0.9998238119645338
0.9998238118531764
0.999823811614565
0.9998238119628791
0.9998238119645338
0.9998238119645338
0.9998238118872469
0.9998238119645338
0.9998238118864547
0.9998238119645136
0.9998238118349343
0.9998238119645338
0.9998238119645303
0.9998238119645338
0.9998238119645299
0.9998238119645338
0.9998238119645334
0.9998238046584152
0.9998238117141389
0.9998238119638457
0.999823811954944
0.9998238114820225
0.9998238107162072
0.999823811953487
0.9998238119441937
0.9998238119645338
0.9998205662224775
0.9998238119645307
0.9998238119565519
0.9998238119642615
0.9998238022398523
0.9998238068411581
0.9998238119645256
0.9998238119633592
0.9998238119644468
0.9998238119645334
0.9998238119645336
0.9998238089004573
0.9998238119645327
0.9998238119645143
0.9998238119645245
0.9998238118913537
0.9998238116730607
0.999823811503921
0.999823811964317
0.9998238119645312
0.9998238119621781
0.9998238109300576
0.9998238119645334
0.9998238119603717
0.9998190073916892
0.9998238119645045
0.9998237813995068
0.9998238117784115
0.9998238119645254
0.9998238118079454
0.9998238119447849
0.9998238119645247
0.9998238119574937
0.9998238119519368
0.9998238014889894
0.9998238119643297
0.9998238095564052
0.9998238119645232
0.9998238111167845
0.9998238119645336
0.9998238119645321
0.9998238119645296
0.9998238119645338
0.9998238071437915
0.9998238108527197
0.9998238119621854
0.9998238110937466
0.9998238119645023
0.9998238109978597
0.9998238119645116
0.9998238119401062
0.9998238119590588
0.9998236772330348
0.9998238119644017
0.9998166336157887
0.9998238119644655
0.9998238118657022
0.9998116703308676
0.9998238119634459
0.999823802313499
0.999823811964433
0.9998238098097296
0.9998238119642218
0.9998238065471945
0.9998238046148954
0.999823803731137
0.9998079070550484
0.9998238092723861
0.9998238056885294
0.9997769446959102
0.9998238115293707
0.9998238039882494
0.999812477114465
0.9998237929527156
0.9998238040043596
0.9998238119645028
0.9998238119645332
0.999823794458622
0.9998238055046063
0.9998011907065589
0.9998238118633291
0.9998238060442172
0.9998237439095082
0.9997667206148013
0.9998237884595026
0.9998238062072039
0.9998237878189137
0.9998237633780499
0.9998238119476323
0.9998238116370928
0.9997423160112504
0.9998237791480707
0.9998238118698308
0.9998237985520384
0.9998237722887964
0.9998237882124502
0.9998238113628054
0.9998237947693245
0.9997745367923581
0.9998238057157796
0.9998238098344128
0.9998236986608943
0.999823808154397
0.9998238053601444
0.9998237833680831
0.9998238119642251
0.9998237139212865
0.9998238021066832
0.9998237325497562
0.999823800524815
0.999823785405696
0.9998238119614425
0.9998238119614425
0.9998238047976286
0.9998238119538657
0.9998237560412337
0.9998237150585226
0.9998238112887847
0.9998236562662741
0.9998237710881205
0.9998238110241966
0.9998238110241966
0.9998237072195764
0.9998238058194435
0.9998237433809718
0.9998234626468397
0.9998238108041769
0.9998235919429416
0.9998234975164165
0.9998236768065598
0.999823745076851
0.9998236355121184
0.9993244310923892
0.9998230641108984
0.9997373600755656
0.9998237321785324
0.9998237415884658
0.9998235776150594
0.9998237691210984
0.99982380364342
0.9998234460159355
0.9998238034327602
0.9998235643545192
0.9998234903934642
0.9957633272564788
0.999823738885343
0.999823397205076
0.9998238119313618
0.9998229757246722
0.1951458924275231
0.9998238119645338
0.9998238119645338
0.9998238119645012
0.9998238119645307
0.9998238119645336
0.9998238119645338
0.9998238119645332
0.9998238119645336
0.9998226239319631
0.9998238119645338
0.9998238119645068
0.9998238119645338
0.9998238119645338
0.9998238119645338
0.9998238119645338
0.9998214327055372
0.9998238119645236
0.9998238119645338
0.9998238119645334
0.9998238119645292
0.9998238119645338
0.9998238119645338
0.9998205896697958
0.9998238119645327
0.9998238119642144
0.9998238119645338
0.9998238119644781
0.9998238119645334
0.9998238119645325
0.9998238119645338
0.9998238119643964
0.9998238119645172
0.9998238119645172
0.9998238119645338
0.9998149835839509
0.9998238119645338
0.9998129362090965
0.9998238119645143
0.9998238119640089
0.9998075267483169
0.9998238119645338
0.9998238119632515
0.9998238119645325
0.9997999131324687
0.999789705255382
0.9997969426068982
0.9997972830570511
0.9997951324917781
0.999777571561199
0.9998238119645338
0.9998238119645092
0.9998238119597702
0.9997818073521633
0.999763263119929
0.999760550153585
0.9997514968759504
0.9997481778866087
0.9997325038864706
0.9997469714964765
0.999746728887761
0.9997250910996772
0.9997359472953677
0.9997313830676243
0.9997232319187016
0.9997064128030243
0.9997072747393198
0.999693855129229
0.9996931873446865
0.9996848514471726
0.9996666382643339
0.9996781787986031
0.9996718043047205
0.9998238119602069
0.9996099639125484
0.9995927266732832
0.9994651430897915
0.9995392865984967
0.9994105901064112
0.9995232462951076
0.9993079348209871
0.9992175582600299
0.9994577801393677
0.9994218540349146
0.9994596481617858
0.9991707340198119
0.9993318391353222
0.9993666329843073
0.9993530377228339
0.9998238119645008
0.9992094240403975
0.9991778564195433
0.9991455308972146
0.998998384607359
0.9989042590922633
0.9988544324357786
0.9987973507324504
0.9998238119538533
0.9985643610466892
0.9965433061307796
0.9981954553849166
0.9980436172039837
0.9977966337785157
0.9980350071094846
0.9976733319514787
0.9977441562993649
0.9998238119465555
0.9939336609249613
0.996007592691919
0.27092111466524654
0.27092111466524654
0.27092111466524654
0.27092111466524654
0.27092111466524654
0.27092111466524654
0.27092111466524654
0.27092111466524654
0.27092111466524654
0.27092111466524654
0.27092111466524654
0.27092111466524654
0.27092111466524654
0.27092111466524654
0.27092111466524654
0.27092111466524654
0.27092111466524654
0.27092111466524654
0.27092111466524654
0.27092111466524654
0.27092111466524654
0.27092111466524654
0.27092111466524654
0.27092111466524654
0.9998238109642493
0.9998238119645338
0.9998238119645338
0.9998238119645338
0.9998238119645338
0.9998237951838562
0.9998238119645338
0.9998238119645338
0.9998238119645338
0.9998238119645334
0.9998238119645338
0.9998238119645334
0.9998238119645338
0.9998237440730771
0.9998238119645338
0.9998238119645338
0.9998238119645338
0.9998238119645338
0.9998238119645261
0.9998238119645334
0.9998236695472259
0.9998237787405245
0.9998238119645338
0.9998238119645338
0.9998238119645336
0.9998238119645307
0.9998238119645259
0.9998232907697202
0.9998238119215767
0.9998238119645334
0.9998238119645334
0.9998238119645336
0.9998220325803359
0.9998238119645338
0.9998216997324777
0.9998238119645252
0.9998238119645303
0.9998238119283309
0.9998238119645041
0.9998220804033974
0.9998238119634095
0.9998225693565158
0.9998238119624651
0.9998192065734659
0.9998218049604356
0.9998238119644575
0.9998238111932772
0.999820825760419
0.999821526080388
0.999823811962943
0.9998197181487882
0.9998110740216312
0.9998165953516196
0.9998164513308461
0.9998238119645256
0.9998088846672959
0.9998072861321978
0.999815374629122
0.9998139229602147
0.9998006568982187
0.9998124393316454
0.999810415269492
0.999809019301097
0.9998238119645336
0.9998238119645274
0.999791473651588
0.9998092383802034
0.9997896152758228
0.9997816079384023
0.9997831449426773
0.9997760440293533
0.9997632574965963
0.9998238043523593
0.9997573583043997
0.9997664091998689
0.9997484363800964
0.9997007036811845
0.9996611219117186
0.9994890601341387
0.99982380046925
0.999106496522609
0.9991147942716837
0.999164088571666
0.997748157181524
0.9942866468697326
0.9964004669866743
0.9967266644930157
0.9998237222684551
0.9877996764174767
0.9848962909949706
0.9641563057880151
0.9998235806277833
0.9576807468554815
0.9539242744935879
0.940492385420231
0.9349515474557304
0.8663205924537228
0.8869138323483218
0.27092111466524654
0.27092111466524654
0.27092111466524654
0.27092111466524654
0.27092111466524654
0.27092111466524654
0.27092111466524654
0.27092111466524654
0.27092111466524654
0.27092111466524654
0.27092111466524654
0.27092111466524654
0.27092111466524654
0.27092111466524654
0.27092111466524654
0.27092111466524654
0.27092111466524654
0.27092111466524654
0.27092111466524654
0.27092111466524654
0.27092111466524654
0.27092111466524654
0.27092111466524654
0.27092111466524654
0.27092111466524654
0.27092111466524654
0.27092111466524654
0.27092111466524654
0.9998238119645338
0.9998238119645338
0.9998238080712637
0.9998238100810817
0.9998238119645338
0.9998238119645338
0.9998238119645134
0.9998238119645338
0.9998238102528675
0.9998237949406727
0.9998238119594557
0.9998238035111643
0.9998238119645338
0.9998238119645338
0.9998238119645338
0.9998238119645338
0.9998238119645338
0.9998238119645338
0.9998237760878961
0.9998238119645338
0.9998237813608847
0.9998238119645338
0.9998238119008337
0.9998238119645338
0.9998238119645338
0.9998238119645338
0.9998237887957332
0.9998237441994662
0.9998238119645332
0.9998238119645338
0.9998238119518145
0.9998237298068245
0.9998238119645338
0.9998236683495438
0.9998237299281212
0.9998235860827523
0.9998238119645338
0.9998238119619173
0.9998238119645338
0.9998238119645338
0.9998236272278719
0.9998238119645336
0.9998236005441808
0.9998238119645338
0.9998235386360402
0.9998238119645321
0.9998235632775347
0.9998237127250978
0.9998238119645338
0.9998237401444415
0.9998238119645332
0.9998238119645338
0.9998238119645239
0.9998238119645338
0.9998238118829552
0.9998234982938431
0.9998236276451652
0.9998238119645338
0.9998234623330201
0.9998238119645336
0.9998238119645338
0.9998238119645332
0.9998238119645338
0.9998238118934372
0.9998233916895641
0.9998235773170642
0.9998238119645338
0.9998238119645334
0.9998238119645338
0.9998238119645301
0.999823294515319
0.9998238092839217
0.9998238109750186
0.9998238119645312
0.9998238119645338
0.9998238119645316
0.9998238119645316
0.999823811964531
0.9998230601418914
0.9998231183755529
0.9998238119645321
0.9998238119645338
0.9998238119645279
0.9998238111573017
0.9998238119645338
0.9998238119645023
0.9998238119645338
0.999823811964515
0.9998238119645336
0.9998238119645285
0.9998232480674775
0.9998238119645245
0.9998238119606305
0.9998225549676858
0.9998238119645338
0.9998238119645279
0.999823811959824
0.999823811964521
0.9998238119645336
0.9998238119645338
0.9998238119645299
0.9998238119645334
0.9998230400327208
0.9998238119645292
0.999823811964529
0.9998238117513645
0.9998238119645338
0.9998238119644877
0.9998238118751016
0.9998220133093016
0.9998238119645201
0.9998238119645305
0.9998223214175904
0.9998215458215818
0.9998238119645338
0.9998211699149923
0.9998238119645334
0.9998224458102288
0.9998213364732763
0.9998222513316477
0.9998213257499153
0.9998238119645294
0.9998224673303061
0.9998212912355465
0.999823811964491
0.9998238119645321
0.9998220588163117
0.9998201223062217
0.9998238119644777
0.9998220761116096
0.9998238119645334
0.9998191505386893
0.9998238119645319
0.9998206288724842
0.999817211817786
0.9998238119645338
0.9998210752785077
0.9998196469034029
0.9998226234981629
0.999823811964477
0.9998205238899386
0.9998175581726105
0.9998122583667961
0.9998238119644457
0.9998194449878269
0.9998130241401165
0.9998168694384166
0.9998238119645163
0.9998090600263215
0.9998105043428872
0.9998091610365399
0.999823811964523
0.9998111297244668
0.9998190643943125
0.999799209142082
0.9997969434598116
0.9998103395060095
0.9998110297791329
0.999807778175355
0.9998237761440125
0.9997982565886425
0.9998045751702223
0.9997942304392097
0.9997764410490172
0.9997828493231021
0.9997641177667563
0.9997307218863843
0.9996898244464657
0.9997421314817807
0.9997704906757716
0.9997438071818776
0.9996951477641645
0.9997344991684012
0.9996507255257682
0.9996366504096759
0.9995416536857231
0.9995383319517829
0.9994509429948023
0.9995306072579503
0.9995430986644153
0.9992008091788385
0.9998237576158889
0.9992941005636561
0.9991173700353163
0.9989217156392596
0.9987855044421798
0.9998237432271582
0.998335886840792
0.999823542425273
0.9998226642245165
0.9989637392976188
0.9928884329427826
0.9962393538739653
0.9944769927869831
0.9926882278383151
0.9963482181040568
0.9911926473052287
0.9915131621201667
0.9989216539468393
0.9998235062774841
0.9874542500127608
0.9754501565504272
0.9821862998102984
0.944179282920107
0.9771829165147748
0.959934732084765
0.9610029708840794
0.9415988604449151
0.9869334109706502
0.9492081372246793
0.9525832093551626
0.8573979503947796
0.8522011942187818
0.8064709840996018
0.27092111466524654
0.27092111466524654
0.27092111466524654
0.27092111466524654
0.27092111466524654
0.27092111466524654
0.27092111466524654
0.27092111466524654
0.27092111466524654
0.27092111466524654
0.27092111466524654
0.27092111466524654
0.27092111466524654
0.27092111466524654
0.27092111466524654
0.27092111466524654
0.27092111466524654
0.27092111466524654
0.27092111466524654
0.27092111466524654
0.27092111466524654
0.27092111466524654
0.27092111466524654
0.27092111466524654
0.27092111466524654
0.27092111466524654
0.27092111466524654
0.27092111466524654
0.27092111466524654
0.27092111466524654
0.27092111466524654
0.27092111466524654
0.27092111466524654
0.27092111466524654
0.27092111466524654
0.27092111466524654
0.9998238119645338
0.9998238119645338
0.9998238119645338
0.9998238119645338
0.9998238119645334
0.9998238119643804
0.9998238119644934
0.9998238119599739
0.9998238119645338
0.9998238119645338
0.9998238119645336
0.9998238119643684
0.9998238119645338
0.9998238119645334
0.9998238119645338
0.9998238119645338
0.999823811964463
0.9998238119645338
0.9998238119644774
0.9998238119632453
0.9998238119642022
0.9998238119644544
0.9998232288655368
0.9998238119542673
0.9998238119644388
0.9998225063673821
0.999823811964531
0.9998238119643463
0.9998238119645336
0.9998238095775723
0.9998238119645338
0.9998238119645338
0.9998238119645338
0.9998238119636547
0.9998238119644883
0.9998238119638637
0.9998238119644541
0.9998238119644584
0.9998238119645327
0.9998238119644808
0.9998238119645187
0.9998238119641112
0.9998238119645194
0.9998238119645312
0.9998238119642324
0.9998238119645338
0.9998238119645336
0.9998238119631194
0.9998238119645292
0.9998238119645312
0.9998238072809775
0.9998238119642437
0.9998238102000033
0.9998238119644857
0.999823811964519
0.9998238117212052
0.9998238119283807
0.9998238119642471
0.9998238119641114
0.9998238119640852
0.9998238119644337
0.9998238119639377
0.9998238119634979
0.9998238119645334
0.9998238119645032
0.9998161001243075
0.9998238119634404
0.9998238119629164
0.9998238119645334
0.9998238119645334
0.9998238119623022
0.999823811964443
0.9998238119641805
0.9998238119644901
0.9998238119645181
0.9998238119644826
0.9998238119644826
0.9998238119629119
0.9998163924004073
0.9998238119641596
0.9998238119642293
0.9998238119629694
0.9998238119639181
0.9998238119621707
0.9998238119645088
0.9998238119645332
0.999823811954198
0.9998238119640216
0.9998238119645112
0.9998238119635832
0.9998238119625792
0.9998238119639783
0.9998238119639332
0.9998238119609124
0.9998238119512067
0.9998238119109527
0.9998238119551014
0.9998238118931035
0.999823811964493
0.9998238119645128
0.9997958841348886
0.9998238119631359
0.9998238119624181
0.9998238119578737
0.9998022105504624
0.9998238119626227
0.999823811964384
0.9998238115728877
0.9998238119607333
0.9998238117130215
0.9998238119627918
0.9998238119627384
0.9998238119391974
0.9998237008499338
0.9998238119619701
0.9998238119644801
0.9998238119389715
0.9998238119643602
0.9997989035235397
0.9998238119642431
0.9998238119034085
0.9998238118902739
0.9998238119628178
0.999823811960744
0.9998238111428526
0.9998238119632138
0.9998238085216283
0.9998238119624498
0.9998238119578582
0.9998238119593231
0.9997819084094588
0.9998238119294667
0.9998237968524746
0.9997735551902879
0.9998238119637026
0.9997400828099446
0.9998238110969554
0.9998238119645221
0.9998238115717903
0.9998236996025737
0.9998238118883246
0.9997612526545904
0.999622388153937
0.999823811154054
0.9998238103368682
0.9998238119636325
0.9998235969827906
0.9998234489095416
0.9995882709561047
0.9998238119636362
0.9995471186762193
0.9998237818252211
0.9996593265067049
0.9995141735043079
0.9994695733636696
0.9998159753555148
0.9998237626403575
0.9981086628163829
0.995441414010503
0.9998143464779519
0.27092111466524654
0.27092111466524654
0.27092111466524654
0.9998238119645338
0.9998238119645321
0.9998238119645338
0.9998238119645338
0.9998238119645325
0.9998238119645321
0.9998238119645336
0.9998238119645336
0.9998238119645338
0.9998237018004622
0.9998238119645336
0.999823811964527
0.9998238119645338
0.9998238119645045
0.9998238119645319
0.9998237261017974
0.9998238119645319
0.9998238119645054
0.9998238115863121
0.9998238119644881
0.9998238118524244
0.9998238119643184
0.9998238119645076
0.9998236084346331
0.9998238119640392
0.9998238119645145
0.9998227742004001
0.9998238119645338
0.9998238119645338
0.9998238119645327
0.9998238119645327
0.9998238119645327
0.9998238119645327
0.9998230861169713
0.9998238119645287
0.9998230617894427
0.9998238119645179
0.9998238119645179
0.9998238119645179
0.9998238119645179
0.9998238119645063
0.999821921800342
0.9998238119644954
0.9998238119644954
0.9998238119644552
0.9998238119643897
0.9998238119645074
0.9998238116279472
0.9998238119642904
0.9998238119641472
0.9998208979868813
0.9998228503530264
0.9998238119644592
0.9998238119626527
0.9998238119606419
0.9998238119608248
0.999819246399224
0.9998238119642506
0.9998238119644768
0.9998238119644675
0.9998186909763178
0.9998238119644992
0.9998216867596852
0.9998181512161796
0.9998213727180888
0.999823811964043
0.9998238119644122
0.9998181752867785
0.9998226547392605
0.999823811963977
0.999823811964081
0.9998135790797132
0.9998238119631041
0.9998129242077773
0.9998238119628864
0.9998214394711963
0.9998238112963396
0.9998238119048194
0.9998238119618079
0.9998042492972757
0.9998238092012051
0.9997987568801144
0.9998238119618117
0.9998012557364012
0.9998238026352517
0.9998238119644606
0.9997944388268512
0.9997922773310953
0.9997893101547429
0.9997849065905161
0.9998088039147083
0.999777934871259
0.9998238119549326
0.99980816654273
0.9997708840821445
0.999767124071777
0.9998238117332799
0.9997691082410517
0.9997061738905952
0.9996944562774281
0.9998237913564934
0.9997120519758045
0.9998237832610127
0.9996831629285015
0.9994161371267072
0.9998237801480552
0.9994420718377804
0.9990656854147075
0.9986968905336036
0.9998237900514229
0.9978651297240755
0.9998235920187999
0.996946479831154
0.9970246915735547
0.9958175488238807
0.9953739176717457
0.9952962105879757
0.994039980235663
0.9998230790052856
0.9109339525632003
0.8134137002281185
0.27092111466524654
0.27092111466524654
0.27092111466524654
0.27092111466524654
0.27092111466524654
0.27092111466524654
0.27092111466524654
0.27092111466524654
0.27092111466524654
0.27092111466524654
0.27092111466524654
0.27092111466524654
0.27092111466524654
0.27092111466524654
0.27092111466524654
0.27092111466524654
0.27092111466524654
0.27092111466524654
0.27092111466524654
0.27092111466524654
0.27092111466524654
0.27092111466524654
0.27092111466524654
0.27092111466524654
0.27092111466524654
0.27092111466524654
0.27092111466524654
0.27092111466524654
0.27092111466524654
0.27092111466524654
0.27092111466524654
0.27092111466524654
0.27092111466524654
0.27092111466524654
0.27092111466524654
0.27092111466524654
0.27092111466524654
0.27092111466524654
0.27092111466524654
0.27092111466524654
0.27092111466524654
0.27092111466524654
0.27092111466524654
0.27092111466524654
0.27092111466524654
0.27092111466524654
0.9998238119645338
0.9998238119645338
0.9998238119645338
0.9998238119645338
0.9998238119645338
0.9998238119645023
0.9998238119645338
0.9998238119645338
0.9998238119645338
0.9998238119645338
0.9998238119644233
0.999823811964313
0.9998238119645338
0.9998238119645338
0.9998237816214611
0.9998238119639508
0.9998238119645338
0.9998238119641287
0.9998238119636125
0.9998238119631203
0.9998238119645223
0.9998238119645305
0.9998238119645338
0.9998238119645336
0.9998238119645338
0.9998238119645312
0.9998238119595407
0.9998238119645338
0.9998238119595665
0.9998235894751604
0.9998238119524415
0.9998238119615304
0.9998237327826053
0.9998238119645174
0.9998238119645338
0.999823811952501
0.9998238119645301
0.9998238119611964
0.9998238119645263
0.9998234018965888
0.9998238119645338
0.9998235510037458
0.9998238119638198
0.9998238119645338
0.9998231980110169
0.9998238119645338
0.9998238119645161
0.9998238119455837
0.9998231592613408
0.9998227453773088
0.9998238119645338
0.9998238119644475
0.9998238119284342
0.9998238119352811
0.999823811964497
0.9998238118447248
0.9998238119645336
0.9998216871687781
0.9998238119645336
0.9998238113127007
0.9998228198054816
0.9998238118208939
0.9998238117870437
0.9998238119640976
0.9998238119221365
0.9998238119645319
0.999823807853972
0.9998238119645214
0.9998182608504669
0.9998206032368508
0.9998238119645105
0.9998238119645336
0.9998238119644921
0.9998238115350668
0.9998156939942444
0.9998190122745408
0.999823811964441
0.999821133057613
0.9998238119645112
0.9998238119644406
0.9998238119645321
0.9998238119641931
0.9998238119645114
0.9998238119642537
0.9998238119645123
0.999818607825683
0.9998238119645225
0.9998238119642853
0.9998238119644641
0.9998238119644968
0.9998238117889424
0.9998238119643653
0.999823811808541
0.99982381196385
0.9998238119644046
0.9998238119645338
0.9998238119600654
0.9998238119637696
0.9998137119668427
0.9998238119591916
0.9998238116584158
0.9998238119621734
0.9998238119019963
0.9998238119643751
0.9998238119644697
0.9998238110720519
0.9998238119643766
0.9998238119610847
0.99980523988805
0.9998238119645285
0.9997937945182086
0.9997956143513985
0.9998023530662292
0.9997642768566658
0.9997964572535762
0.9998237517337745
0.9997714630210138
0.9996796968959994
0.9998231648180089
0.9998238060279936
0.9998235172493375
0.9998236509227991
0.9998238114227299
0.999641527477394
0.9994083955489085
0.9994037831478276
0.9973076393255209
0.9982246218159171
0.9698295307983823
0.9868591943498366
0.995926649744388
0.9998238089442104
0.9895892476361673
0.9827992368581243
0.9998214619016487
0.9998238065897161
0.9998238119645338
0.9998238119645338
0.9998238119645338
0.9998238119645338
0.9998238119645338
0.9998238119645338
0.9998238119645338
0.9998238119645338
0.9998238119645338
0.9998238119645338
0.9998238119645338
0.9998238119645338
0.9998238119645338
0.9998238119645338
0.9998238119645338
0.9998238119645338
0.9998238119645338
0.9998238119645338
0.9998238119645338
0.9998238119645338
0.9998238119645338
0.9998238119645338
0.9998238119645338
0.9998238119645338
0.9998238119645338
0.9998238119645338
0.9998238119645338
0.9998238119645338
0.9998238119645338
0.9998238119645338
0.9998238119645338
0.9998238119645338
0.9998238119645338
0.9998238119645338
0.9998238119645338
0.9998238119645338
0.9998238119645338
0.9998238119645338
0.9998238119377312
0.9998238119645338
0.9998238119645338
0.9998238119645338
0.9998238119645338
0.9998238119645338
0.9998238119645338
0.9998238119645338
0.9998238119645338
0.9998238119645338
0.9998238119645338
0.9998238119645338
0.9998238119645338
0.9998238119645338
0.9998238119645338
0.9998238119645338
0.9998238119645338
0.9998238119645338
0.9998238119645338
0.9998238119645338
0.9998238119645338
0.9998238119645338
0.9998238119645338
0.9998238119645338
0.9998238119645338
0.9998238119645338
0.9998238119645338
0.9998238119645338
0.9998238119645338
0.9998238119645338
0.9998238119645338
0.9998238119645338
0.9998238119645338
0.9998238119645338
0.9998238119645338
0.9998238119645338
0.9998238119645338
0.9998238119645338
0.9998238119645338
0.9998238119645338
0.9998238119645338
0.9998238119645338
0.9998238119645338
0.9998238119645338
0.9998238119645338
0.9998238119645338
0.9998238119645338
0.9998238113724774
0.9998238119645338
0.9998238119645338
0.9998238119645338
0.9998238119645338
0.9998238119645338
0.9998238119645338
0.9998238119645338
0.9998238119645338
0.9998238119645338
0.9998238119645338
0.9998238119645338
0.9998238119645338
0.9998238119645338
0.9998238119645296
0.9998238119438854
0.9998227539115256
0.9998238119489502
0.9998238119645323
0.9998238119262369
0.9998238119389733
0.9998238117369794
0.999823811917189
0.9998238119645338
0.9998238118672025
0.999818478659838
0.9998238117279792
0.9998238119645219
0.9998238111303507
0.9998121311109031
0.9998072794628877
0.9998238117490229
0.9998238119599973
0.9998238119615948
0.9998238114015692
0.9998237621064573
0.9998230515171501
0.9998238103357129
0.9998238119633992
0.9998238119622034
0.9998235144226536
0.9998238105135911
0.9997611701055238
0.9998238109871376
0.9996880928660198
0.9998238118082617
0.9998238105345135
0.9998238108616251
0.9998238119616685
0.9998238102125675
0.9998237888661241
0.9998236685700531
0.9661056022312509
0.27092111466524654
0.27092111466524654
0.27092111466524654
0.9998238119645338
0.9998238119642839
0.9998238119645338
0.9998238119645338
0.9998238119645338
0.9998238119645338
0.9998238119645338
0.9998238119645338
0.9998238119645338
0.9998238119607316
0.9998238119645338
0.9998238119645336
0.9998238119645338
0.9998238119645338
0.9998238119645338
0.9998238119645338
0.9998238119645334
0.9998238119645338
0.9998238119645338
0.9998238119454931
0.9998238119644168
0.9998238119645334
0.9998238119645338
0.9998236250981418
0.9998238119645338
0.9998238119645332
0.9998238119645338
0.9998238119645338
0.9998238119643531
0.9998238119645316
0.9998238119645336
0.9998238119586649
0.9998238119645338
0.9998238119645338
0.9998238119645338
0.9998238119645336
0.9998238119645338
0.9998238119645338
0.9998238119424961
0.9998238119645338
0.999823811964533
0.9998238119634184
0.9998238119645338
0.9998238119645334
0.9998238119639727
0.9998238119645338
0.9998238119642517
0.9998238119604876
0.9998238119623992
0.999823811964533
0.9998238119645334
0.9998238119645338
0.9998238119645307
0.999823811964533
0.9998238119633348
0.9998238119640595
0.9998238119645316
0.9998238119645338
0.9998238119644393
0.999823811964529
0.9998238119645321
0.9998238119645338
0.9998238119645338
0.9998238119645323
0.9998238119642824
0.9998238119645323
0.9998238119645305
0.9998238119645338
0.9998230759665523
0.9998238119645325
0.9998238119546545
0.9998238119645338
0.999823811963015
0.9998238119645338
0.9998238119634799
0.9998238119645254
0.9998238119645336
0.9998238119644917
0.9998238119645332
0.9998238119639887
0.9998238119645338
0.9998238119645332
0.9998238119563713
0.9998238119481432
0.9998238119645092
0.9998238119507034
0.9998238119643862
0.9998238119645305
0.999823810928845
0.9998238119645338
0.9998238119643551
0.9998238119645338
0.9998238119645314
0.9998238119645338
0.9998238119645334
0.9998238060238508
0.9998238119645332
0.9998238118247286
0.9998238119429066
0.9998238119359399
0.9998238118546516
0.9998238119645336
0.9998238118918688
0.999823811540909
0.9998238119622742
0.9998238119165342
0.99982381188844
0.9998238114789498
0.9998238119645141
0.999823811963019
0.999823811964471
0.9998238119344294
0.9998161387083617
0.999823811914456
0.9998238118158275
0.9998158119182167
0.9998238119579943
0.9998238119520799
0.9998238119641227
0.9998238110708657
0.9998238095435782
0.9998238119114053
0.9998238119313421
0.9998238115992734
0.9998238111744499
0.9998238119564888
0.999823799673266
0.9998238113733864
0.9998238119472393
0.999823811948796
0.9998238118710392
0.9998238119058681
0.9997193704447024
0.9997495146280534
0.9998237716602183
0.9998233789966011
0.9996428656244946
0.9998232224938085
0.9998238106580696
0.27092111466524654
0.27092111466524654
0.9998238119645338
0.9998238119645338
0.9998238119638397
0.9998238119645338
0.9998238119644783
0.99982381196439
0.9998238119645338
0.9998238119645338
0.9998238119645338
0.9998238119645338
0.9998238119645338
0.9998238119480142
0.9998238119634826
0.9998238119645338
0.9998235401637611
0.9998238119645334
0.9998238119645336
0.9998238119645338
0.9998238119645012
0.9998238119645338
0.9998238119621322
0.9998238119645338
0.9998238119645096
0.9998238119612536
0.9998238119645043
0.9998238119645267
0.9998238119645263
0.9998238119645338
0.9998238119468726
0.9998238118450906
0.9998238119645336
0.9998238119645054
0.9998238119113843
0.9998238119625732
0.9998238119645305
0.9998238119645334
0.999823811953543
0.9998224901282812
0.9998238119645219
0.9998224781770954
0.9998224987120526
0.9998238118409858
0.999823811958709
0.999821539823733
0.9998238119645327
0.9998238119644772
0.9998209498437828
0.9998238119645332
0.9998238119645323
0.9998238119645185
0.9998238119626713
0.9998238119642195
0.9998238115821384
0.999823811964529
0.9998238119422815
0.9998212794473813
0.9998238119325757
0.9998238119405348
0.9998238118507952
0.9998238119645336
0.9998238119644901
0.9998238119619213
0.9998238119645272
0.9998238119300019
0.9998238117481415
0.9998238119609211
0.9998238119645136
0.9998238119580559
0.9998238119645334
0.9998238118425096
0.9998238119644837
0.9998238119611444
0.999823811216404
0.9998238119621703
0.9998238119645276
0.9998238119640298
0.9998238118455686
0.9998238119593813
0.9998238119093457
0.9998238119644488
0.9998238117984208
0.9998238116584491
0.9998238118005819
0.9998238117781034
0.9998238109689956
0.9998238101916671
0.9998160587230733
0.9998238119406485
0.9998238116788467
0.9998238118172689
0.9998238119632689
0.9998191648650088
0.9998238118969023
0.9998238119645334
0.9998238119645068
0.9998238115469965
0.9998238119643544
0.9998238119644952
0.9998238027385487
0.9998238119645179
0.9998238119644446
0.999823811471768
0.9998238119417399
0.9998238119645059
0.9998238119645239
0.9998238118687529
0.9998238118885643
0.9998238093108633
0.999823811964417
0.999823810805021
0.9998238119640979
0.999808044840709
0.9998238119644515
0.9998238119200338
0.9998238067212278
0.999823811964439
0.9998238119596009
0.9998238119645281
0.9998238119640834
0.9998238119645338
0.9998238119640417
0.9998238119645254
0.9998238119645334
0.9998238119645334
0.9998237889754789
0.9998238119602373
0.9998238119644761
0.9998027163589293
0.9998238119645236
0.9998238119643762
0.9998238119633885
0.999823811369349
0.9998238119631923
0.9998238114928881
0.9998238115084991
0.9998238116860582
0.999823811906998
0.9998238119644985
0.999823811964455
0.999823808723046
0.9998238119644348
0.9998238119603455
0.9998238119629659
0.9998238119459255
0.9998238102419172
0.9998238111141239
0.9998238116219706
0.9998238119615566
0.9997919890967509
0.9998238119635308
0.9998133024522222
0.9997977558595335
0.999823811959218
0.9998238076998137
0.9998238119575732
0.999823810073688
0.9998238044829433
0.9998238088923334
0.9997848608059225
0.9998238119516076
0.999823807252864
0.9997894149034844
0.9997708698701078
0.9998238115476932
0.9998238078645704
0.999823811961821
0.9998238117775312
0.9998234017799489
0.9998238109303041
0.9998238104112671
0.999823795907576
0.9998238101839292
0.9998238119490723
0.9997565770942274
0.9998238119612682
0.9998238119634468
0.9998238071489107
0.9998238119626758
0.9998238119603857
0.9998238119386297
0.9998238119386297
0.9998238029605021
0.9998238117150974
0.9998238117150974
0.9998238117150974
0.999823803815256
0.9998238070169198
0.9996953085901421
0.9998238109080128
0.9998238119616245
0.9998238119642988
0.9998238089334679
0.9997563387401663
0.9998236571654541
0.9998238050130402
0.9998238119619342
0.9998238119629634
0.9998238119483067
0.9998238119483067
0.9998237788062405
0.9996085468909891
0.9998238118081403
0.9998238118081403
0.9996929678884783
0.9996686482259626
0.9998238116206309
0.9998237762437775
0.9998238113009523
0.999823792446169
0.9998238090091438
0.9998238000635916
0.9998237913101492
0.9998235949953058
0.9998238119593602
0.9995038666486802
0.9987951789046058
0.9990235311600268
0.9953762320813654
0.999823742304227
0.9998234306924794
0.9998231207220416
0.9998232234730903
0.9998231239869746
0.9998237797567844
0.9998237797567844
0.9998218268569498
0.9998235033377302
0.9998237614961
0.999822065060798
0.9495831419653523
0.9998216969089143
0.9998217901760248
0.9998231186696971
0.9179124702383639
0.9998209857261998
0.27092111466524654
0.27092111466524654
0.27092111466524654
0.27092111466524654
0.27092111466524654
0.27092111466524654
0.27092111466524654
0.27092111466524654
0.27092111466524654
0.27092111466524654
0.9998238119645325
0.9998238119645338
0.9998238119620385
0.9998238119644912
0.999823607660037
0.9998238119645338
0.9998238119637356
0.9998238119642573
0.999823811964423
0.9998238119644561
0.9998238119645261
0.9998232553645805
0.9998234424402854
0.9998238119641181
0.9998227965734856
0.9998238119635796
0.9998238119575774
0.9998238119637685
0.9998208305789991
0.9998238119645159
0.999820211178375
0.9998238119641742
0.9998192638341469
0.9998238119570447
0.9998238119615643
0.9998190674352423
0.999823811960782
0.9998238119590437
0.9998178204095002
0.9998238119583375
0.9998238119644124
0.9998238119625545
0.9998238119565721
0.9998238116950433
0.9998238119213192
0.9998238119645314
0.9998238119645314
0.9998238119645314
0.9998238119644846
0.9998238119644846
0.9998238119641636
0.9998238119641636
0.9998238119641636
0.9998238119641636
0.9998238119641636
0.9998238119641636
0.9998238119641636
0.9998238119628895
0.9998238119628895
0.9998238119092839
0.9998238119592591
0.9998238119592591
0.9998238119592591
0.9998238118514635
0.9998238119509204
0.9998238118946997
0.9998238119640748
0.9997893614637101
0.9997825068419492
0.9998238118726109
0.9998238119166213
0.9998238117769871
0.999823811953891
0.9998238118731778
0.9997556926674304
0.9997443626605266
0.9997473780392337
0.9998238119327845
0.9998238115651358
0.9997702841547693
0.999823811813034
0.9997128312602238
0.9998238113246438
0.9996930737646681
0.9998238119601955
0.9996583002405262
0.9998238119047488
0.9998238119398465
0.9995907470782187
0.9998238119565135
0.9998238117735508
0.9994203165633758
0.9994110336331194
0.9998238110700254
0.9993188942399571
0.9995533342500594
0.9922537790358624
0.9998238108062869
0.9944594682261843
0.9932726845742175
0.8665778588221817
0.27092111466524654
0.27092111466524654
0.27092111466524654
0.27092111466524654
0.27092111466524654
0.27092111466524654
0.27092111466524654
0.27092111466524654
0.27092111466524654
0.27092111466524654
0.27092111466524654
0.27092111466524654
0.27092111466524654
0.27092111466524654
0.27092111466524654
0.27092111466524654
0.27092111466524654
0.27092111466524654
0.27092111466524654
0.27092111466524654
0.27092111466524654
0.27092111466524654
0.27092111466524654
0.27092111466524654
0.27092111466524654
0.27092111466524654
0.27092111466524654
0.9998238119645338
0.9998238119645338
0.9998238115629448
0.9998238119645338
0.9998238119645338
0.9998238119645338
0.9998238119645338
0.9998238119645338
0.9998237957907542
0.9998238119517887
0.9998238119645338
0.9998238119582418
0.9998238119637689
0.9998237710165179
0.9998238119645338
0.9998238119645338
0.9998238119636218
0.9998238119644903
0.999823811964533
0.9998238119645338
0.9998238119645338
0.9998238119635854
0.9998238119252272
0.9998238119645221
0.9998238119645232
0.9998236177448707
0.9998238118952457
0.9998238119645338
0.9998238119645327
0.9998238119645325
0.9998238119645312
0.9998238119047288
0.9998238119645287
0.9998237272885215
0.9998238118818012
0.9998238115516955
0.9998238119645336
0.9998238119231724
0.9998238119362123
0.999823811964525
0.999823811695434
0.9998238119645332
0.999823811930613
0.9998238119645307
0.9998238119645338
0.9998238119363718
0.9998238119644717
0.9998238119635248
0.9998238119645338
0.9998232038838735
0.9998238114783358
0.9998238119645338
0.9998238119645338
0.9998238110025152
0.9998238118675818
0.9998238119195555
0.9998238118924205
0.999823811964461
0.9998238119645121
0.9998238119645221
0.9998238115868248
0.9998237229707934
0.9998238119643357
0.9998238111770278
0.999823811960599
0.9998238119645136
0.9998238091649444
0.9998238119645267
0.9998238110219998
0.9998238119645332
0.9998238119642919
0.9998238119645327
0.999823811964527
0.9998238119637536
0.999823811964465
0.9998238089054444
0.9998238091957433
0.9998238119645325
0.9998238116705891
0.9998219248956698
0.9998238119645327
0.9998238104824366
0.9998238100816151
0.9998238119602357
0.9998238119644928
0.9998223692991395
0.9998238119645252
0.9998237976587099
0.9998238119645245
0.9998238119644464
0.9998238109277657
0.9998238119645205
0.999823811964479
0.9998238119644803
0.9998238119644914
0.9998238005323723
0.9998238119491809
0.999823811895744
0.9998238102702732
0.99982381196441
0.9998238072158524
0.9998238119580167
0.9998238119645319
0.9998237988091625
0.9998238119591061
0.9998238069139356
0.9998238109816987
0.9998238119607362
0.9998238119622422
0.9998238119631789
0.9998238119629403
0.9998238105063115
0.9998237634141687
0.9998238105773848
0.9998237071432732
0.9998090156631939
0.9998237946058105
0.9998237611323237
0.9998237952986958
0.9998236002637202
0.9998238119624946
0.9998237914713815
0.9998238085505162
0.9997916320591027
0.9998237929081617
0.9997735942171431
0.9998238005634565
0.9997790906573962
0.9998237104988407
0.9997746773380466
0.9998238079168211
0.9998234009896443
0.9998238108023666
0.9998236623461391
0.9998238065605946
0.9998238048222461
0.9992619728306352
0.9998234888786
0.9997950023905882
0.9998237369834057
0.9981955675267413
0.9998237753368974
0.9998234973902743
0.9981336169955952
0.9984458373867445
0.9984672331248947
0.9998237843376488
0.9998223461736356
0.9998230858405184
0.9998234157489928
0.9998225837215616
0.9940027101990243
0.9998228913558943
0.9998226746961127
0.999819120057611
0.16554286429375947
0.9998238119645338
0.9998238119645338
0.9998238119645187
0.9998238119645338
0.9998238119645338
0.9998238119645338
0.9998238119645338
0.9998238119463728
0.9998238119645338
0.9998238119645338
0.9998238119645338
0.9998238119645338
0.9998238119645338
0.9998238119645338
0.9998238119645338
0.9998238119645338
0.9998238119645338
0.9998238119641809
0.9998238119645338
0.9998238119645338
0.9998238119645338
0.9998238119645338
0.9998238119637911
0.9998235952523938
0.9998238119645336
0.9998234925623215
0.9998238119645338
0.9998235036539143
0.9998238119605085
0.9998234027707591
0.9998238119645338
0.9998238119567737
0.9998238119645338
0.9998238119645334
0.9998238119645338
0.9998232092202735
0.9998238119645336
0.9998238119603813
0.9998238113610224
0.9998238119645336
0.9998238119582875
0.9998230139081107
0.9998238119645336
0.999823811960497
0.9998238119365008
0.999822358611698
0.999823810781594
0.9998238119645334
0.9998238119645283
0.9998221528884355
0.9998238119598459
0.9998215210832937
0.9998217374328638
0.999820902069762
0.9998238119641694
0.999820610424422
0.9998238119645334
0.9998238119643166
0.9998238118861613
0.9998238119103572
0.9998238119347167
0.9998238113822718
0.9998238119644972
0.9998238118742209
0.999823811962854
0.9998238116690864
0.9998238119592551
0.9998193161796862
0.9998238119044784
0.9998238119551931
0.9998238119059569
0.9998174498507723
0.9998238119224627
0.9998238119390825
0.9998168301916817
0.9998238119372229
0.9998207277291227
0.9998159734794877
0.9998238119645019
0.9998238119645019
0.9998238117376886
0.9998238119639821
0.9998238119639821
0.9998238119363678
0.999823811961441
0.999823811961441
0.999823811961441
0.9998238029333364
0.9998151133109504
0.9998238118437206
0.9998143693690125
0.9998238119387489
0.9998238119387489
0.9998238119561518
0.9998238111504382
0.9998238118659939
0.9998238112175559
0.999790177995157
0.9998238117046614
0.9998238117515778
0.9998124679805486
0.9998238118062507
0.9998238088050351
0.9998238118735796
0.9998238115508351
0.9998238117908977
0.9998238118547939
0.9998238117542635
0.999823811747528
0.9998238117864382
0.9998238113767809
0.999823811449466
0.9997772741823733
0.9998238119631081
0.9998238119631081
0.9998238115761859
0.9998238119566216
0.9998238119566216
0.9998238119566216
0.9998238119566216
0.9998238117987938
0.9998238119383531
0.9998238119383531
0.9998238119383531
0.9998238119383531
0.9998238119383531
0.9998238116677095
0.9998238118996682
0.9998238118996682
0.9998238118305514
0.9998238118305514
0.9998238118305514
0.9998238118305514
0.9998238093356396
0.999823810316854
0.9998238117199963
0.9998238117199963
0.9998238058253919
0.9998238115562245
0.999823805702329
0.9998238116094984
0.9998238113268074
0.9998238118512768
0.9998238110589703
0.9998238106186581
0.9998238105956695
0.9998238118416031
0.999823810917538
0.9997825924499315
0.9997837341678601
0.9998238108877883
0.9997733914688599
0.999823811762348
0.9998238117532288
0.9997793334316464
0.9997363549792907
0.9998238110120955
0.9998238115463426
0.9998238098899525
0.9997874632987271
0.9997442052637752
0.9998238112394776
0.9998238095954957
0.9998238112345552
0.9997455130298468
0.9998238101899525
0.9998238079187287
0.9996391065052229
0.9995900173341004
0.999142511509788
0.9998238080011159
0.9989692854025207
0.9990358382001263
0.9998231875571806
0.9975821389081019
0.9807692159413461
0.925979832562484
0.27092111466524654
0.27092111466524654
0.27092111466524654
0.27092111466524654
0.27092111466524654
0.27092111466524654
0.27092111466524654
0.27092111466524654
0.27092111466524654
0.27092111466524654
0.27092111466524654
0.27092111466524654
0.27092111466524654
0.27092111466524654
0.27092111466524654
0.27092111466524654
0.27092111466524654
0.27092111466524654
0.27092111466524654
0.27092111466524654
0.27092111466524654
0.27092111466524654
0.27092111466524654
0.27092111466524654
0.9998238119645338
0.9998238119645332
0.9998238119645338
0.9998238119645338
0.9998238119645338
0.9998238119644619
0.9998238119645338
0.9998238119645338
0.9998238119645338
0.9998238119645338
0.9998238119645338
0.9998238119644532
0.9998238119645338
0.9998238119645338
0.9998238119645338
0.9998238119645243
0.9998238119644699
0.9998238119645338
0.9998238119645234
0.9998238119645338
0.9998238119645334
0.9998238119645338
0.9998238119645336
0.9998238119643953
0.9998238119645338
0.9998238119645338
0.9998238119645338
0.9998238119645338
0.9998238119645338
0.9998238119645305
0.9998238119645338
0.9998238119645338
0.9998238119624935
0.9998238119645338
0.9998238119643924
0.9998238119558148
0.9998238119623595
0.9998238119645338
0.9998238119641245
0.9998238119645338
0.9998238119641185
0.9998238119645241
0.9998236247832673
0.9998238119645336
0.9998238119645336
0.9998238119645334
0.9998236719125487
0.9998238119645332
0.9998238119645332
0.9998234683855955
0.9998238119638344
0.9998238119640936
0.9998238119640679
0.9998238119645338
0.9998238119609202
0.9998238119604712
0.9998233674032175
0.9998238119639197
0.9998234571590752
0.9998238119453102
0.9998238119569761
0.9998231941322697
0.9998230398086878
0.9998238119479175
0.9998230485175367
0.9998231070867868
0.9998233512102105
0.9998238119336847
0.9998234111467547
0.9998228109680084
0.9998238119384715
0.9998222976658293
0.9998222387665663
0.9998223029998887
0.9998223345944238
0.999822319076606
0.9998223342616104
0.9998238119645319
0.9998238119614883
0.9998215840423109
0.9998238117877563
0.9998238119645338
0.9998238119645338
0.9998202189025354
0.9998238114250713
0.9998238117512586
0.9998238119373822
0.9998238119157494
0.9998238118878331
0.9998238119641583
0.9998238118652327
0.999823811521402
0.9998238119399488
0.9998238115453209
0.9998179630407645
0.999823810355076
0.9998238111642437
0.9998238118304096
0.9998146255523008
0.9998238118703042
0.9998140080560416
0.9998140896614549
0.9998144236313521
0.9998238119498658
0.9998053405189401
0.9998238113723831
0.9998238118241011
0.9998238115580697
0.9998238116941717
0.9998118179525561
0.9998238115272561
0.9998238119645254
0.9998008699849381
0.9997942441131962
0.9998238115808312
0.999823811936892
0.99982381193892
0.9998238119640375
0.9997962573030807
0.9998238063144004
0.9998238116188064
0.9997894999535233
0.9997878343014946
0.9998238118807846
0.9997528183975811
0.9998238094889162
0.9998238102978043
0.9998238052166235
0.9998238114204854
0.999766174829033
0.9996350135476307
0.9996402530415321
0.9998237559714847
0.9998238118578016
0.9998238026481531
0.9997305873219359
0.9996567635482405
0.9990763822101323
0.9987130684782111
0.9982611446035591
0.9975988567065661
0.9958424584070049
0.9966903182022534
0.9941228054050463
0.9811208917803537
0.9862464160259571
0.981942060345258
0.9766883742367694
0.8607044088312404
0.27092111466524654
0.27092111466524654
0.27092111466524654
0.27092111466524654
0.27092111466524654
0.27092111466524654
0.27092111466524654
0.27092111466524654
0.27092111466524654
0.27092111466524654
0.27092111466524654
0.9998238119643615
0.9998238119645338
0.9998238119645338
0.9998238119645336
0.9998238119573821
0.9998238119645338
0.9998237953176418
0.9998237840302933
0.9998238119636027
0.9998238119644737
0.9998238119607487
0.9998238119642151
0.999823811964499
0.9998238119645338
0.9998237410730417
0.9998238119645265
0.9998238119645332
0.9998238119621111
0.9998238119645316
0.9998238119635943
0.9998238119544446
0.9998238119645259
0.9998238119492374
0.9998238119640069
0.9998238119318467
0.9998238119558873
0.9998238119644794
0.9998238119644286
0.9998238119645076
0.9998238118409132
0.9998238118927473
0.9998238119449482
0.9998238117885279
0.9998238118938015
0.9998238117837533
0.9998238119289649
0.9998238119214635
0.9998238102983218
0.9998238118919792
0.999823811964533
0.9998217381800644
0.9998238119228738
0.9998238116904073
0.999823811964517
0.9998238118502836
0.9998238119644641
0.9998238119645239
0.9998212748417139
0.9998238119645034
0.9998193591494358
0.9998238119346079
0.9998238119640094
0.9998238114979185
0.9998238116707975
0.9998238110830963
0.9998238119624558
0.9998162121943845
0.999823811963721
0.9998238116817465
0.999823811180464
0.9998238036693204
0.9998238119610261
0.9998238119331702
0.9998100811058869
0.999823811962716
0.9998238096074443
0.9998238103611222
0.9998238119568431
0.9998238001896441
0.9998238114510866
0.9997979001898691
0.9998094920976376
0.9998238119623815
0.9998238010993636
0.9998238118647005
0.9998238108430038
0.9998236023931666
0.9998238086693887
0.9997658971380156
0.9998236994308597
0.9997189288116995
0.9998236583556287
0.9998238094434381
0.9995569855292211
0.9995619100327287
0.9954957922351101
0.7170193256296605
0.13706596170194021
0.9998238119645338
0.9998238119645338
0.9998238119645338
0.9998238119645327
0.9998238119645338
0.9998238119645338
0.9998237610189666
0.999823726375631
0.9998238119645338
0.9998238119585943
0.9998238119645338
0.9998238119591158
0.9998238119645338
0.9998238119645338
0.9998238119645338
0.9998238119645134
0.9998238119645338
0.9998238119645338
0.9998238119645338
0.9998238119645338
0.9998238119645338
0.9998238119645338
0.9998238119645336
0.999823811960352
0.9998238119645336
0.9998238119644266
0.9998238119645332
0.9998234250376603
0.9998238119645338
0.9998238116756528
0.9998225403974251
0.9998238119644988
0.9998238119644988
0.9998238119644599
0.999823811962616
0.9998238119583887
0.9998238119644535
0.9998231395071479
0.9998217081812423
0.9998238119645338
0.9998238119645183
0.9998238106040653
0.9998238119645338
0.9998205325350228
0.9998214377280763
0.99982381195528
0.999823811949904
0.9998198549947145
0.9998209924654903
0.9998238065450952
0.999819891305664
0.9998181128993007
0.9998168882503404
0.9998172490368513
0.9998167923634264
0.9998238111081985
0.9998238115429293
0.9998191576870497
0.9998238113619222
0.9998238119643738
0.9998238020260644
0.999823811773416
0.9998238118669255
0.9998238112167407
0.9998238082031387
0.99981521881217
0.9998238119644832
0.9998238109854004
0.9998158821142089
0.9998238119645325
0.9998144312093221
0.9998085650165057
0.9998238102556851
0.9998237873961736
0.999823811674205
0.9998029609556323
0.9998055939073236
0.9998237948669049
0.9998238119627053
0.9998032685293248
0.9998237848181738
0.9998001395130725
0.9998238119644941
0.9997938252047669
0.999823811964481
0.9997616469258537
0.999749912887832
0.9998238117273677
0.9998238117874955
0.9997170797964562
0.999823760158026
0.9998238078372943
0.9998224996018001
0.9996286750820028
0.9998238035382522
0.9998238024158238
0.999593242672057
0.9998238062007305
0.9998238114691074
0.9998237715182626
0.999548793437748
0.9998238090248144
0.9992651164000514
0.9998238116504135
0.9998238116504135
0.9993709176202524
0.9998238108299821
0.9998238108299821
0.999823527671404
0.9992698737490608
0.9998237879962442
0.9998238089762439
0.9998238089762439
0.9998238089762439
0.9998238055055589
0.9998238055055589
0.9998238084881357
0.9998237997531869
0.9998237909893697
0.9998237943741909
0.9990494019693121
0.9998237784282963
0.9998238094490145
0.9991610163553062
0.999135361687735
0.9993211071445991
0.9998236728626103
0.9998238106670789
0.9990237583381446
0.9998227544840612
0.9998237004753263
0.9974347114154735
0.9946902160827693
0.996072726266186
0.9959041582405689
0.9951393699519546
0.9935780308873797
0.9998236123143083
0.9963917867673676
0.9329328991242883
0.27092111466524654
0.27092111466524654
0.27092111466524654
0.27092111466524654
0.27092111466524654
0.27092111466524654
0.27092111466524654
0.27092111466524654
0.27092111466524654
0.27092111466524654
0.27092111466524654
0.27092111466524654
0.27092111466524654
0.9998238119645338
0.9998238119645338
0.9998238119645336
0.9998238119645338
0.9998238119645338
0.9998238119645338
0.9998238119645296
0.9998238119645338
0.9998238119645336
0.999823811964246
0.999823811960794
0.9998238119645338
0.9998238119645316
0.9998238119645332
0.9998238119645338
0.9998238119645338
0.9998238119645338
0.9998238119645325
0.999823811964465
0.9998238119645338
0.9998238119645338
0.9998238119645338
0.9998238119645325
0.9998238119644963
0.9998238119537232
0.9998238119645332
0.9998238119645334
0.9998238119645338
0.999823811964531
0.9998238119645336
0.9998238119645338
0.9998238119645336
0.9998238119645338
0.9998238119645338
0.9998238119645338
0.9998238119645338
0.9998238119645101
0.9998238119645338
0.9998238119645336
0.9998238119645336
0.9998238119340099
0.9998238119645338
0.999823811964533
0.9998238119557322
0.9998238119487804
0.9998238119645338
0.9998238119645338
0.9998238119645338
0.9998238119645232
0.9998238119645338
0.9998238119645334
0.9998238119645338
0.9998238119645338
0.9998238119645338
0.9998238119645338
0.9998238119644599
0.9998238119645239
0.9998238119465561
0.999823811964533
0.9998238119645338
0.9998238119645259
0.999823811964531
0.9998238119645338
0.9998238119645334
0.9998238110960316
0.9998238119645005
0.9998238119645338
0.9998238118410602
0.9998238119645338
0.9998238119645338
0.9998238119644912
0.9998238119645338
0.9998238119218174
0.9998238119643283
0.9998238119645294
0.9998238119645336
0.9998238119643886
0.9998238119645319
0.9998230609418249
0.9998238119645338
0.9998238119645338
0.9998238119644786
0.9998238119645338
0.9998238119446123
0.9998238117695137
0.9998238119643562
0.9998229587971338
0.9998238119645294
0.999823811964501
0.9998238119435192
0.9998238119645334
0.9998238119645338
0.9998238119644308
0.9998238119645338
0.9998238119645196
0.9998238119645281
0.9998238118177828
0.9998238119194949
0.9998238119642919
0.9998235224134167
0.9998238094318064
0.9998238119645338
0.9998238119645338
0.9998238119645338
0.9998238119644997
0.9998226732933946
0.9998238119645336
0.9998238119644972
0.9998238119645287
0.9998238119262977
0.9998222438904492
0.9998238119417412
0.9998238119645116
0.9998238119642098
0.9998238116499456
0.9998238117913648
0.999823811964503
0.9998238119087086
0.9998238119643753
0.9998238117517054
0.9998238119643544
0.9998238119644692
0.9998238119645338
0.9998238119644448
0.9998238119645114
0.9998238119645232
0.9998238119645112
0.9998238119645336
0.9998238119645336
0.9998238119644879
0.9998238119645338
0.9998238119643383
0.9998238119638524
0.9998219710899182
0.9998238119645261
0.9998238119645261
0.9998238119645261
0.9998238119639046
0.9998238110388298
0.9998238119645099
0.9998238119643286
0.9998238119641674
0.9998238100911158
0.9998238119582133
0.9998238047163198
0.9998198163271932
0.9998238119644759
0.9998238119641598
0.9998238117045133
0.9998238119643638
0.9998238116413948
0.9998238119645338
0.9998238117956014
0.9998238119638941
0.9998238119645338
0.9998238119645187
0.9998238112891048
0.9998238118730224
0.9998238119644961
0.9998238119644264
0.9998238117090288
0.9998238118066916
0.9998238119645327
0.9998238119602965
0.9998238119645165
0.999821555019649
0.999823811925555
0.9998227684321568
0.9998238119645234
0.9998223947713867
0.99982381196423
0.9998203595425572
0.9998238119494892
0.9998238118173879
0.9998238119644948
0.9998211302427775
0.999823811964069
0.9998238119644683
0.999823811963541
0.9998238119623046
0.9998238119579756
0.9998238119634617
0.9998188567466321
0.9998238115536323
0.9998238117538243
0.9998238115973187
0.9998238119638282
0.9998238108336047
0.9998238119629115
0.9998238119636631
0.999823811964523
0.9998238119557695
0.9998163093560642
0.9998238119625372
0.9998238119644672
0.9998238119644093
0.9998207094524706
0.9998238084441308
0.9998238084676415
0.9998187777863035
0.9998141129668077
0.9998238119643095
0.9998238119355242
0.9998238119497496
0.9998209983250703
0.9998238119619033
0.9998238118923879
0.9998238115500854
0.9998238071911943
0.9998238091210925
0.9998238119599245
0.9998195720420936
0.9998238117494622
0.9998238119645168
0.9998238099790688
0.9998238102591762
0.999823811964115
0.9998237151813824
0.9998238119541056
0.9998237986475697
0.9998238005352832
0.9998102152642356
0.9998071115179735
0.9998238119616809
0.9998238099576078
0.9998237873767898
0.9998238119488482
0.999823805806023
0.9998237821256544
0.9998238097466976
0.9998238114244649
0.9998115574280432
0.9998237075365953
0.9998238088060046
0.9998034945984056
0.9998238085876459
0.9998015654796497
0.9998237848738392
0.9998237908996587
0.999823811962788
0.9998003772389732
0.9998238119642735
0.9997941584215806
0.9998238092748579
0.9998238098456123
0.9997916864626304
0.9998238117079086
0.9998238119165427
0.9997851021693562
0.9998237806836844
0.9998238079984436
0.999823808495621
0.9998238119459384
0.9997988803542242
0.9997791863755975
0.9998238115684107
0.9998238115684107
0.9998238118296238
0.999823804195048
0.9998237056802339
0.9998238095337684
0.9998237997665604
0.999823800596536
0.9998237931870999
0.999823798650965
0.9998238107687224
0.9998237627127156
0.9998238080262927
0.9998238093898021
0.9998237425119727
0.9998237803819839
0.9998237803819839
0.9998236496686347
0.999570355272993
0.9998237609785089
0.9996475008481672
0.9995137807834211
0.9998204785615523
0.9998233557747889
0.9998236615043774
0.9998238082863555
0.9998237214305218
0.9970075519399875
0.9864173089188872
0.9770373241796234
0.7642884707801223
0.3025242282725478
0.3025242282725478
0.3025242282725478
0.9998238119645338
0.999823811964533
0.9998238119633273
0.9998238119645338
0.9998238119645338
0.9998238119645338
0.9998238119645338
0.999823811964529
0.9998238119589732
0.9998238119645338
0.9998238119645159
0.9998238119643144
0.9998237401081091
0.9998238119645338
0.9998238119620518
0.9998238119645338
0.9998236316001998
0.9998238119645338
0.9998238119524975
0.9998238119645281
0.9998238119638555
0.9998238119379189
0.9998238119645334
0.9998238119628202
0.999823811964531
0.9998238119645338
0.9998238119645327
0.9998238119529042
0.9998238119645321
0.9998238118961627
0.9998238119645338
0.9998238119644739
0.9998238119645338
0.9998238119644886
0.9998238119644453
0.9998238119645332
0.9998238119645332
0.9998238119645332
0.9998238119645332
0.9998238119212457
0.9998238119550725
0.99982381196438
0.9998238119644726
0.999823811949692
0.9998238110406032
0.9998238119645263
0.9998238119325622
0.9998238112605975
0.999823811964525
0.9998238119638067
0.9998238119644792
0.9998238119641478
0.9998238119644557
0.9998238119644928
0.9998238119638364
0.9998238119078932
0.9998238119645001
0.9998238119645132
0.9998238119645234
0.9998238119644117
0.9998238119645332
0.9998238097222047
0.9998238119640038
0.9998238119644954
0.999823811670771
0.9998238119235446
0.9998238119638244
0.9998238119645243
0.9998238117108349
0.9998238118663922
0.9998238119613249
0.999823811961896
0.9998238119556758
0.9998238119641285
0.999823811813345
0.9998238118753366
0.999823810601944
0.9998238119645321
0.9998198210287851
0.9998238043066531
0.9998238119638295
0.9998238119305295
0.9998238099206762
0.9998238119626676
0.9998237787756696
0.9998238119641953
0.9998238113658318
0.9998238117412745
0.9998238118391273
0.9998238113061847
0.9998238119644763
0.999823811964073
0.9998238119612793
0.9998237985885126
0.9998237725837914
0.9998238116195097
0.9998238119641143
0.9998238119644792
0.9998175557522399
0.9998238114247583
0.999823811964289
0.9998238119164943
0.9998238118283361
0.9998238111559468
0.9998238101957141
0.9998238118526881
0.9998238111254792
0.9998235860638344
0.9998238119628184
0.9998238114886826
0.999823807021739
0.9998018289878338
0.9998238116473619
0.9998238119163372
0.999823808263171
0.9998238052426902
0.9998238108228297
0.999823796099577
0.9998238119638271
0.9998238105071666
0.9997825666526222
0.9998238103067607
0.9998238094604416
0.999823811954091
0.999823811611639
0.9997686641005039
0.999823811872234
0.9998238117517424
0.9998237862353284
0.9998237753772098
0.9998237961695706
0.9998238055757909
0.999823801674958
0.9996680345010329
0.999666511377809
0.9998238119505666
0.9998238119505666
0.9998235698470408
0.9998238118126234
0.9998238112996254
0.9998238112996254
0.9998238112996254
0.9998238112996254
0.9998238112996254
0.9998238117277073
0.9998238076938148
0.9994245120117555
0.9998238037336913
0.9998237332963335
0.9998237954934325
0.9998237958372752
0.9998237405704495
0.9998234341994757
0.27092111466524654
0.27092111466524654
0.27092111466524654
0.27092111466524654
0.27092111466524654
