0.7589700868452172
1.216721763219831
1.0973658418286698
0.6393177781704368
0.7528926825086759
0.5349812632698618
0.6322368989634704
0.5436275216777874
0.8571679341214294
0.27511040910350376
0.11092669879595554
0.5186619946252312
0.4608224916413336
0.23158248234116105
0.6393177781704368
0.6322368989634704
0.4425072926377157
0.18908909320654665
0.4898502166331371
0.4898502166331371
0.3512651110910191
0.4608224916413336
0.05308719581205798
0.8448469369269461
0.5743973959795727
0.5186619946252312
0.4898502166331371
0.05308719581205798
0.5186619946252312
0.3894200968256577
0.4898502166331371
0.5743973959795727
0.0626049229139609
0.18908909320654665
0.4608224916413336
0.7664810293736674
0.3564859767407587
0.3564859767407587
0.3564859767407587
0.4608224916413336
0.05308719581205798
0.05308719581205798
0.05308719581205798
0.4608224916413336
0.3564859767407587
0.9487867879619206
0.18908909320654665
0.4608224916413336
0.4608224916413336
0.4608224916413336
0.4608224916413336
0.05308719581205798
0.3564859767407587
0.3564859767407587
0.3564859767407587
0.3564859767407587
0.4608224916413336
0.4608224916413336
0.05308719581205798
0.13600189739448867
0.3564859767407587
0.05308719581205798
0.05308719581205798
0.18908909320654665
0.05308719581205798
0.18908909320654665
0.4608224916413336
0.0
0.4608224916413336
0.4077352958292756
0.0
0.13600189739448867
0.4077352958292756
0.05308719581205798
0.4077352958292756
0.3033987809287007
0.05308719581205798
0.3564859767407587
0.3033987809287007
0.3033987809287007
0.05308719581205798
0.05308719581205798
0.05308719581205798
0.18908909320654665
0.4077352958292756
0.05308719581205798
0.13600189739448867
0.05308719581205798
0.638394303971788
0.3564859767407587
0.05308719581205798
0.05308719581205798
0.05308719581205798
0.05308719581205798
0.5213102001675146
0.29342560810712154
0.05308719581205798
0.3033987809287007
0.05308719581205798
0.0
0.0
0.13600189739448867
0.0
0.18908909320654665
0.05308719581205798
0.0
0.13600189739448867
0.0
0.0
0.24033841229506353
0.05308719581205798
0.24033841229506353
0.05308719581205798
0.05308719581205798
0.05308719581205798
0.05308719581205798
0.4077352958292756
0.0
0.4077352958292756
0.05308719581205798
0.05308719581205798
0.05308719581205798
0.0
0.0
0.13600189739448867
0.0
0.0
0.0
0.0
0.3033987809287007
0.0
0.0
0.0
0.0
0.0
0.0
0.0
0.0
0.0
0.18908909320654665
0.24033841229506353
0.0
0.0
0.13600189739448867
0.0
0.0
0.09237660125163388
0.0
0.24033841229506353
0.0
0.13600189739448867
0.0
0.0
0.0
0.0
0.0
0.0
0.0
0.0
0.00951772710190291
0.0
0.0
0.0
0.0
0.0
0.0
0.0
0.0
0.0
0.0
0.0
0.0
0.0
0.0
0.0
0.0
0.0
0.0
0.0
0.0
0.0
0.0
0.0
0.0
0.0
0.0
0.0
0.0
1.0807823698798
1.1060563180930618
0.6933110302147965
1.1086670681105188
0.34256932529067435
0.8721915593850817
0.7940415988315124
1.0837015410579625
0.8979814498664869
0.7528926825086759
0.7528926825086759
0.7173234476944133
0.7528926825086759
0.7238649575168724
0.9012192843768853
0.23158248234116105
0.30690941231757374
0.9012192843768853
0.9012192843768853
0.23158248234116105
0.6393177781704368
0.6393177781704368
0.6683455031622403
0.8190071258840685
0.6683455031622403
0.23158248234116105
0.8459173154926947
0.47192089463622455
0.3675843797356497
0.23158248234116105
0.7940415988315124
0.6393177781704368
0.23158248234116105
0.6683455031622403
0.6155463123024092
0.4608224916413336
0.11092669879595554
0.23158248234116105
0.11092669879595554
0.05308719581205798
0.05308719581205798
0.4143254797246563
0.18908909320654665
0.61168662760925
0.61168662760925
0.23158248234116105
0.11092669879595554
0.5453696709877692
0.7482979413294778
0.3564859767407587
0.5186619946252312
0.4608224916413336
0.61168662760925
0.5453696709877692
0.18908909320654665
0.05308719581205798
0.5186619946252312
0.18908909320654665
0.18908909320654665
0.5453696709877692
0.4608224916413336
0.05308719581205798
0.18908909320654665
0.4608224916413336
0.5453696709877692
0.18908909320654665
0.05308719581205798
0.05308719581205798
0.05308719581205798
0.4608224916413336
0.4077352958292756
0.24980031196426672
0.4608224916413336
0.05308719581205798
0.4608224916413336
0.05308719581205798
0.3033987809287007
0.4608224916413336
0.3564859767407587
0.4077352958292756
0.18908909320654665
0.0626049229139609
0.4077352958292756
0.05308719581205798
0.5538471246253525
0.05308719581205798
0.0
0.05308719581205798
0.05308719581205798
0.13600189739448867
0.4077352958292756
0.13600189739448867
0.05308719581205798
0.05308719581205798
0.13600189739448867
0.0
0.13600189739448867
0.0
0.05308719581205798
0.0
0.0
0.13600189739448867
0.0
0.13600189739448867
0.24033841229506353
0.00951772710190291
0.0
0.0
0.13600189739448867
0.0
0.0
0.0
0.0
0.0
0.13600189739448867
0.0
0.0
0.13600189739448867
0.0
0.0
0.0
0.0
0.0
0.0
0.0
0.0
0.0
0.0
0.0
0.0
0.0
0.0
0.0
0.0
0.0
0.0
0.0
0.0
0.9513324974319856
0.6909624326950493
1.3055100968047917
0.5799755897455364
0.339637177450473
0.7473724732797487
0.6393177781704368
0.23158248234116105
0.13910851170901511
0.5468438075382901
0.23158248234116105
0.5453696709877692
0.23158248234116105
0.4608224916413336
0.6393177781704368
0.4608224916413336
0.11092669879595554
1.0982543494992205
1.0982543494992205
0.5186619946252312
0.3675843797356497
0.4608224916413336
0.18908909320654665
0.5186619946252312
0.5186619946252312
0.4608224916413336
0.47192089463622455
0.05308719581205798
0.4608224916413336
0.05308719581205798
0.4608224916413336
0.29342560810712154
0.23158248234116105
0.4608224916413336
0.29342560810712154
0.23158248234116105
0.23158248234116105
0.8158192119351426
0.05308719581205798
0.05308719581205798
0.05308719581205798
0.29342560810712154
0.05308719581205798
0.05308719581205798
0.05308719581205798
0.05308719581205798
0.05308719581205798
0.5865185873106057
0.05308719581205798
0.05308719581205798
0.05308719581205798
0.4608224916413336
0.23158248234116105
0.05308719581205798
0.05308719581205798
0.05308719581205798
0.18908909320654665
0.24033841229506353
0.05308719581205798
0.0
0.05308719581205798
0.05308719581205798
0.0
0.24033841229506353
0.4077352958292756
0.05308719581205798
0.05308719581205798
0.44700853072066327
0.05308719581205798
0.05308719581205798
0.24980031196426672
0.00951772710190291
0.0
0.05308719581205798
0.4608224916413336
0.05308719581205798
0.05308719581205798
0.0
0.0
0.0
0.0
0.19671311615220874
0.0
0.0
0.24980031196426672
0.0
0.0
0.0
0.0
0.0
0.0
0.05308719581205798
0.0
0.0
0.0
0.0
0.19671311615220874
0.4922824751757111
0.19671311615220874
0.0
0.19671311615220874
0.0
0.0
0.0
0.0
0.19671311615220874
0.0
0.0
0.0
0.19671311615220874
0.0
0.0
0.0
0.0
0.0
0.0
0.0
0.0
0.0
0.0
0.0
0.0
0.0
0.0
0.0
0.0
0.0
0.0
0.0
0.0
0.0
0.0
0.0
0.0
0.0
0.0
0.0
0.0
0.0
0.0
0.0
0.0
0.0
0.0
0.0
0.0
0.0
0.0
0.0
0.0
0.0
0.0
0.0
0.0
1.1691826533829786
0.6436596137334125
1.13608433876399
0.7776827652963261
0.7473724732797487
0.6939026044656575
0.7764001982715522
0.9643456196668023
0.5799755897455364
0.7764001982715522
1.0723201679882226
0.7173234476944133
0.6683455031622403
0.7528926825086759
0.7173234476944133
0.6933110302147965
0.6393177781704368
0.6683455031622403
0.28056042687333405
1.2201331867306642
0.6683455031622403
0.9799173440551701
0.9799173440551701
0.9799173440551701
0.9799173440551701
0.6882957227026097
0.9387684277323336
0.9387684277323336
0.23158248234116105
0.3675843797356497
0.7274222537393792
0.6933110302147965
0.5640089882616655
0.6683455031622403
0.6933110302147965
0.7274222537393792
0.6683455031622403
0.6683455031622403
0.6683455031622403
0.3675843797356497
0.3675843797356497
0.7274222537393792
0.7274222537393792
0.6683455031622403
0.6683455031622403
0.6129869327938383
0.32395908359279496
0.23158248234116105
0.7528926825086759
0.5349812632698618
0.5640089882616655
0.6393177781704368
0.6683455031622403
0.3675843797356497
0.6683455031622403
0.7528926825086759
0.5640089882616655
0.32395908359279496
0.6683455031622403
0.3675843797356497
0.3675843797356497
0.3675843797356497
0.7778582095612321
0.7528926825086759
0.3675843797356497
0.7528926825086759
0.24692859619044422
0.6393177781704368
0.3675843797356497
0.7528926825086759
0.6683455031622403
0.7528926825086759
0.6683455031622403
0.7528926825086759
0.6683455031622403
0.32395908359279496
0.3675843797356497
0.6393177781704368
0.47192089463622455
0.3675843797356497
0.24692859619044422
0.3675843797356497
0.3675843797356497
0.7528926825086759
0.23158248234116105
0.6683455031622403
0.47192089463622455
0.5349812632698618
0.14546379706369184
0.20330330004758942
0.6683455031622403
0.5468438075382901
0.6393177781704368
0.6683455031622403
0.7528926825086759
0.32395908359279496
0.6683455031622403
0.5640089882616655
0.6683455031622403
0.3675843797356497
0.18908909320654665
0.3675843797356497
0.5186619946252312
0.6683455031622403
0.4143254797246563
0.18908909320654665
0.6683455031622403
0.4143254797246563
0.23158248234116105
0.6683455031622403
0.12044442589785845
0.18908909320654665
0.5476897196170347
0.18908909320654665
0.18908909320654665
0.5476897196170347
0.47192089463622455
0.18908909320654665
0.24110020944306396
0.4433532047164598
0.18908909320654665
0.5476897196170347
0.18908909320654665
0.6322368989634704
0.5476897196170347
0.5476897196170347
0.6733858152863068
0.20330330004758942
0.23148511296064897
0.47192089463622455
0.18908909320654665
0.5476897196170347
0.18908909320654665
0.5476897196170347
0.24692859619044422
0.47192089463622455
0.14546379706369184
0.4433532047164598
0.23158248234116105
0.3855137017325622
0.18908909320654665
0.23158248234116105
0.3855137017325622
0.18908909320654665
0.5476897196170347
0.18908909320654665
0.3855137017325622
0.18908909320654665
0.18908909320654665
0.18908909320654665
0.05308719581205798
0.18908909320654665
0.18908909320654665
0.05308719581205798
0.29342560810712154
0.14546379706369184
0.11092669879595554
0.14546379706369184
0.14546379706369184
0.4898502166331371
0.5743973959795727
0.14546379706369184
0.18908909320654665
0.05308719581205798
0.18908909320654665
0.17839791714859107
0.0626049229139609
0.05308719581205798
0.14546379706369184
0.18908909320654665
0.14546379706369184
0.14546379706369184
0.24692859619044422
0.29342560810712154
0.05308719581205798
0.14546379706369184
0.18908909320654665
0.18908909320654665
0.09237660125163388
0.14546379706369184
0.29342560810712154
0.13600189739448867
0.05308719581205798
0.09237660125163388
0.18908909320654665
0.14546379706369184
0.13600189739448867
0.13600189739448867
0.09237660125163388
0.3855137017325622
0.14546379706369184
0.18908909320654665
0.09237660125163388
0.13600189739448867
0.13600189739448867
0.5186619946252312
0.5186619946252312
0.18908909320654665
0.3512651110910191
0.09237660125163388
0.09237660125163388
0.24033841229506353
0.09237660125163388
0.13600189739448867
0.18908909320654665
0.18908909320654665
0.09237660125163388
0.13600189739448867
0.09237660125163388
0.09237660125163388
0.13600189739448867
0.09237660125163388
0.09237660125163388
0.09237660125163388
0.13600189739448867
0.09237660125163388
0.0
0.00951772710190291
0.05308719581205798
0.13600189739448867
0.13600189739448867
0.09237660125163388
0.13600189739448867
0.13600189739448867
0.09237660125163388
0.13600189739448867
0.09237660125163388
0.09237660125163388
0.0
0.14546379706369184
0.14546379706369184
0.3033987809287007
0.09237660125163388
0.0
0.980360222423789
0.6129869327938383
0.2564506400132052
0.3564859767407587
0.4674728196902719
0.4367630208210791
0.3564859767407587
0.3855137017325622
0.0
0.4898502166331371
0.3564859767407587
0.5743973959795727
0.5937900676681116
0.5937900676681116
0.5213102001675146
0.0
0.3564859767407587
0.4495106097247775
0.3855137017325622
0.3033987809287007
0.4898502166331371
0.5937900676681116
0.0
0.3324265059205042
0.31286068059790395
0.478538334716581
0.31286068059790395
0.3324265059205042
0.3324265059205042
0.4367630208210791
0.3033987809287007
0.3033987809287007
0.3033987809287007
0.7299961196376368
0.0
0.5213102001675146
0.0
0.3033987809287007
0.25977348478584594
0.0
0.8548860764048051
0.25977348478584594
0.3324265059205042
0.0
0.0
0.0
0.0
0.0
0.0
0.8548860764048051
0.3033987809287007
0.25977348478584594
0.0
0.0
0.0
0.0
0.0
0.0
0.0
0.0
0.0
0.0
0.0
0.0
0.0
0.0
0.0
0.0
0.0
0.0
0.0
0.0
0.25977348478584594
0.0
0.0
0.0
0.0
0.0
0.0
0.0
0.0
0.0
0.0
0.0
0.0
0.0
0.0
0.0
0.3324265059205042
0.0
0.0
0.0
0.0
0.0
0.0
0.0
0.25977348478584594
0.0
0.0
0.0
0.0
0.0
0.0
0.0
0.0
0.25977348478584594
0.0
0.0
0.0
0.0
0.0
0.0
0.0
0.0
0.0
0.0
0.0
0.0
0.0
0.0
0.0
0.0
0.0
0.0
0.0
0.0
0.0
0.0
0.0
0.0
0.0
0.0
0.5186316745501542
1.1023099771014897
0.8143436470375497
0.9775653429895164
1.2244329161806549
0.3709302981675326
0.7033568040880368
0.8076933189886117
0.9242388430601016
0.6749958312111783
1.0691624802657151
0.6129869327938383
1.0753324626163148
0.28056042687333405
0.7528926825086759
0.8571679341214294
0.7528926825086759
0.6683455031622403
0.5640089882616655
0.6683455031622403
0.23158248234116105
0.3659861628947127
0.9643456196668023
0.6080490372189475
0.5743973959795727
0.6683455031622403
0.5061694852777677
0.23158248234116105
0.4282955984933698
0.7528926825086759
0.6322368989634704
0.6155463123024092
0.05308719581205798
0.8568325335436504
0.05308719581205798
0.4898502166331371
0.4898502166331371
0.4282955984933698
0.3855137017325622
0.23158248234116105
0.4282955984933698
0.23158248234116105
0.4282955984933698
0.05308719581205798
0.23158248234116105
0.3855137017325622
0.24110020944306396
0.23158248234116105
0.23158248234116105
0.21811681819835016
0.11092669879595554
0.05308719581205798
0.05308719581205798
0.05308719581205798
0.5743973959795727
0.05308719581205798
0.05308719581205798
0.05308719581205798
0.05308719581205798
0.05308719581205798
0.05308719581205798
0.05308719581205798
0.05308719581205798
0.7086415263897697
0.4608224916413336
0.05308719581205798
0.05308719581205798
0.05308719581205798
0.05308719581205798
0.05308719581205798
0.05308719581205798
0.05308719581205798
0.14546379706369184
0.05308719581205798
0.05308719581205798
0.05308719581205798
0.05308719581205798
0.0
0.0
0.09237660125163388
0.0
0.0
0.0
0.0
0.0
0.0
0.0
0.09237660125163388
0.0
0.0
0.0
0.00951772710190291
0.0
0.0
0.0
0.0
0.0
0.0
0.0
0.0
0.0
0.0
0.0
0.0
0.0
0.0
0.0
0.0
0.0
0.0
0.0
0.0
0.0
0.0
0.0
0.0
0.0
0.0
0.0
0.0
0.0
0.0
0.0
0.0
0.0
0.0
1.0484193283552519
0.9804116742050838
0.5186316745501542
0.6116563075341724
1.2493870786019374
1.1991993094226328
0.6024380694914804
1.038558416325985
0.5803631868171132
0.4873385538330947
0.4320137787021069
0.5186316745501542
1.1655900779123298
0.9652226292307413
0.8544009164334252
1.1164470032279596
0.7764001982715522
0.9012192843768853
0.5186316745501542
0.7528926825086759
0.23158248234116105
0.7528926825086759
0.24110020944306396
0.6683455031622403
0.7528926825086759
0.7528926825086759
0.339637177450473
0.23158248234116105
0.6683455031622403
0.6683455031622403
0.4165623242678227
0.23158248234116105
0.6683455031622403
0.23158248234116105
0.339637177450473
0.23158248234116105
0.5476897196170347
0.3675843797356497
0.8459173154926947
0.8459173154926947
0.339637177450473
0.5476897196170347
0.23158248234116105
0.9643456196668023
0.23158248234116105
0.6683455031622403
0.23158248234116105
0.11092669879595554
0.5640089882616655
0.23158248234116105
0.5476897196170347
0.5476897196170347
0.5640089882616655
0.6683455031622403
0.32395908359279496
0.23158248234116105
0.11092669879595554
0.6683455031622403
0.11092669879595554
0.5476897196170347
0.6733858152863068
0.6683455031622403
0.6322368989634704
0.24692859619044422
0.23158248234116105
0.339637177450473
0.6733858152863068
0.6683455031622403
0.7528926825086759
0.4433532047164598
0.11092669879595554
0.23158248234116105
0.12044442589785845
0.6683455031622403
0.6683455031622403
0.5476897196170347
0.6683455031622403
0.5476897196170347
0.11092669879595554
0.23158248234116105
0.5476897196170347
0.8568325335436504
0.5476897196170347
0.24110020944306396
0.7528926825086759
0.4433532047164598
0.7722853541972148
0.4433532047164598
0.6322368989634704
0.5476897196170347
0.23158248234116105
0.4433532047164598
0.3512651110910191
0.11092669879595554
0.6733858152863068
0.6683455031622403
0.3512651110910191
0.5640089882616655
0.6322368989634704
0.8544009164334252
0.5476897196170347
0.6322368989634704
0.23158248234116105
0.5476897196170347
0.5476897196170347
0.32395908359279496
0.5476897196170347
0.4433532047164598
0.4282955984933698
0.23158248234116105
0.5476897196170347
0.5476897196170347
0.23158248234116105
0.11092669879595554
0.7805635008316797
0.05308719581205798
0.5476897196170347
0.05308719581205798
0.11092669879595554
0.23158248234116105
0.11092669879595554
0.5476897196170347
0.23158248234116105
0.05308719581205798
0.3855137017325622
0.5743973959795727
0.23158248234116105
0.05308719581205798
0.4433532047164598
0.23158248234116105
0.6322368989634704
0.05308719581205798
0.5743973959795727
0.23158248234116105
0.05308719581205798
0.7227239978477821
0.23158248234116105
0.11092669879595554
0.11092669879595554
0.4898502166331371
0.11092669879595554
0.05308719581205798
0.05308719581205798
0.4898502166331371
0.11092669879595554
0.05308719581205798
0.05308719581205798
0.4898502166331371
0.05308719581205798
0.05308719581205798
0.05308719581205798
0.4898502166331371
0.05308719581205798
0.23158248234116105
0.05308719581205798
0.0
0.05308719581205798
0.11092669879595554
0.05308719581205798
0.0626049229139609
0.05308719581205798
0.05308719581205798
0.05308719581205798
0.05308719581205798
0.05308719581205798
0.05308719581205798
0.0
0.0
0.05308719581205798
0.05308719581205798
0.05308719581205798
0.0
0.0
0.0
0.0
0.0
0.0
0.0
0.0
0.0
0.0
0.09237660125163388
0.0
0.0
0.0
0.0
0.0626049229139609
0.0
0.00951772710190291
0.00951772710190291
0.0
0.0
0.0
0.0
0.0
0.0
0.0
0.0
0.0
0.19671311615220874
0.0
0.0
0.0
0.0
0.0
0.0
0.0
0.0
0.0
0.0
0.0
0.0
0.0
0.0
0.0
0.0
0.0
0.0
0.0
0.0
0.0
0.0
0.0
0.0
0.0
0.0
0.0
0.0
0.0
0.0
0.0
0.0
0.0
0.0
0.0
0.0
0.0
0.0
0.0
0.0
0.0
0.0
0.0
0.0
0.0
0.0
0.0
0.0
0.0
0.0
1.211288035269095
0.9240737129079049
1.3621471288781295
0.6683455031622403
0.6683455031622403
0.6393177781704368
0.5640089882616655
0.47563907484496165
0.816019017798593
0.7940415988315124
0.8609473776179878
0.6393177781704368
0.7536703478167093
0.8609473776179878
0.7940415988315124
0.7287048207641531
0.5640089882616655
0.6683455031622403
0.6683455031622403
0.24692859619044422
0.5349812632698618
0.5186619946252312
0.23158248234116105
0.3675843797356497
0.5476897196170347
0.23158248234116105
0.6322368989634704
0.4715350176295192
0.6733858152863068
0.12044442589785845
0.8870662318155311
0.8870662318155311
0.8870662318155311
0.4143254797246563
0.4898502166331371
0.4143254797246563
0.4715350176295192
0.3855137017325622
0.4898502166331371
0.5476897196170347
0.5758715325300937
0.4433532047164598
0.6683455031622403
0.5726552466695909
0.4715350176295192
0.6683455031622403
0.6683455031622403
0.4143254797246563
0.6322368989634704
0.5476897196170347
0.0626049229139609
0.3855137017325622
0.2847255055859188
0.5758715325300937
0.4898502166331371
0.24692859619044422
0.18908909320654665
0.3855137017325622
0.6393177781704368
0.3324265059205042
0.4898502166331371
0.3855137017325622
0.3855137017325622
0.5476897196170347
0.4898502166331371
0.11092669879595554
0.3855137017325622
0.3855137017325622
0.8459173154926947
0.8459173154926947
0.3564859767407587
0.4898502166331371
0.4898502166331371
0.4898502166331371
0.6683455031622403
0.6683455031622403
0.6683455031622403
0.3855137017325622
0.11092669879595554
0.5640089882616655
0.5640089882616655
0.3324265059205042
0.5640089882616655
0.3855137017325622
0.4898502166331371
0.4898502166331371
0.18908909320654665
0.4367630208210791
0.5743973959795727
0.4898502166331371
0.3855137017325622
0.4898502166331371
0.4898502166331371
0.3855137017325622
0.18908909320654665
0.13600189739448867
0.3564859767407587
0.18908909320654665
0.5213102001675146
0.4898502166331371
0.0
0.4898502166331371
0.4898502166331371
0.3564859767407587
0.05308719581205798
0.4898502166331371
0.4898502166331371
0.13600189739448867
0.3324265059205042
0.18908909320654665
0.4608224916413336
0.4608224916413336
0.24033841229506353
0.05308719581205798
0.4898502166331371
0.5743973959795727
0.18908909320654665
0.4898502166331371
0.05308719581205798
0.4898502166331371
0.13600189739448867
0.18908909320654665
0.4898502166331371
0.4367630208210791
0.13600189739448867
0.4898502166331371
0.13600189739448867
0.4367630208210791
0.3324265059205042
0.4367630208210791
0.05308719581205798
0.4077352958292756
0.10623021905681568
0.05308719581205798
0.4367630208210791
0.0
0.13600189739448867
0.4367630208210791
0.13600189739448867
0.0626049229139609
0.13600189739448867
0.05308719581205798
0.0
0.13600189739448867
0.13600189739448867
0.4367630208210791
0.00951772710190291
0.00951772710190291
0.0
0.4367630208210791
0.0
0.18908909320654665
0.0
0.0
0.0
0.0
0.0531430232447577
0.0
0.0
0.0
0.0
0.0
0.0
1.3621471288781295
0.7518794745665155
0.6428965951192144
0.8075924276217021
0.6129869327938383
0.6129869327938383
0.7173234476944133
0.7173234476944133
0.8026482923488822
0.45074608936307126
0.7422889747469694
0.6129869327938383
0.7776827652963261
0.6129869327938383
0.5640089882616655
0.3944874415934555
0.5640089882616655
0.5640089882616655
0.24110020944306396
0.5640089882616655
0.46026381646497416
0.3041381340953072
0.5061694852777677
0.45074608936307126
0.21811681819835016
0.5061694852777677
0.1737429793572635
0.7528926825086759
0.7528926825086759
0.6683455031622403
0.6683455031622403
0.6683455031622403
0.6683455031622403
0.23158248234116105
0.5640089882616655
0.23158248234116105
0.5640089882616655
0.5640089882616655
0.5640089882616655
0.5640089882616655
0.5061694852777677
0.1737429793572635
0.5640089882616655
0.5640089882616655
0.5640089882616655
0.5640089882616655
0.6428965951192144
0.32395908359279496
0.5640089882616655
0.5640089882616655
0.05308719581205798
0.23158248234116105
0.3855137017325622
0.21811681819835016
0.3387726017435557
0.39661210472745323
0.05308719581205798
0.3855137017325622
0.3855137017325622
0.3855137017325622
0.05308719581205798
0.3855137017325622
0.23158248234116105
0.05308719581205798
0.23158248234116105
0.3855137017325622
0.5061694852777677
0.1737429793572635
0.28056042687333405
0.3855137017325622
0.3855137017325622
0.05308719581205798
0.3855137017325622
0.05308719581205798
0.3855137017325622
0.23158248234116105
0.29007815397523695
0.29342560810712154
0.21811681819835016
0.05308719581205798
0.14546379706369184
0.05308719581205798
0.3855137017325622
0.05308719581205798
0.0626049229139609
0.4898502166331371
0.05308719581205798
0.05308719581205798
0.05308719581205798
0.05308719581205798
0.05308719581205798
0.05308719581205798
0.21811681819835016
0.05308719581205798
0.05308719581205798
0.05308719581205798
0.13525794404861916
0.05308719581205798
0.05308719581205798
0.05308719581205798
0.0626049229139609
0.05308719581205798
0.0626049229139609
0.05308719581205798
0.0
0.09237660125163388
0.0
0.0
0.0
0.09237660125163388
0.0
0.00951772710190291
0.0
0.0
0.0
0.0
0.0
0.0
0.00951772710190291
0.0
0.0
0.0
0.0
0.0
0.0
0.0
0.0
0.0
0.0
0.0
0.0
0.0
0.0
0.0
0.0
0.0
0.0
0.0
0.0
0.0
0.0
0.0
0.0
0.0
0.0
0.0
0.0
0.0
0.0
0.0
0.0
0.0
0.0
0.0
0.0
0.0
0.0
0.0
0.0
0.0
0.0
0.0
0.0
0.0
0.0
0.0
0.0
1.2524369515919314
1.4213782586145567
1.057923226268255
0.9553946953712329
0.8510581804706578
0.7067199823670498
0.9431892500183862
0.9643456196668023
0.6720636833709772
0.7019733456963533
0.5866259177944746
0.6546335719446423
0.6129869327938383
0.6683455031622403
0.48485731288765405
0.3675843797356497
1.3353569427176
0.47563907484496165
0.47563907484496165
0.47563907484496165
0.5839592078020348
0.5640089882616655
0.6733462503957511
0.8076933189886117
0.9213066952199006
0.6720636833709772
0.4165623242678227
0.9512163575452767
0.3675843797356497
0.23158248234116105
0.3675843797356497
0.3675843797356497
0.28056042687333405
0.6729456207045498
0.816019017798593
0.4165623242678227
0.6683455031622403
0.3675843797356497
0.5349812632698618
0.23158248234116105
0.7287048207641531
0.28056042687333405
0.5839592078020348
0.6683455031622403
0.23158248234116105
0.6683455031622403
0.5349812632698618
0.3675843797356497
0.23158248234116105
0.23158248234116105
0.761370136146259
0.4143254797246563
0.3675843797356497
0.3675843797356497
0.3564859767407587
0.3675843797356497
0.5743973959795727
0.23158248234116105
0.4433532047164598
0.3675843797356497
0.23158248234116105
0.24692859619044422
0.24692859619044422
0.5349812632698618
0.18908909320654665
0.6322368989634704
0.29007815397523695
0.3855137017325622
0.05308719581205798
0.23158248234116105
0.3855137017325622
0.4898502166331371
0.4425072926377157
0.18908909320654665
0.05308719581205798
0.11092669879595554
0.4425072926377157
0.23158248234116105
0.3855137017325622
0.3564859767407587
0.4898502166331371
0.3564859767407587
0.3855137017325622
0.3564859767407587
0.4898502166331371
0.11092669879595554
0.4715350176295192
0.3564859767407587
0.3855137017325622
0.4898502166331371
0.18908909320654665
0.3855137017325622
0.24692859619044422
0.5349812632698618
0.3855137017325622
0.5743973959795727
0.3564859767407587
0.3564859767407587
0.05308719581205798
0.18908909320654665
0.3675843797356497
0.3033987809287007
0.18908909320654665
0.3033987809287007
0.3324265059205042
0.18908909320654665
0.3855137017325622
0.3033987809287007
0.05308719581205798
0.3324265059205042
0.05308719581205798
0.05308719581205798
0.05308719581205798
0.0
0.05308719581205798
0.0626049229139609
0.05308719581205798
0.05308719581205798
0.05308719581205798
0.13600189739448867
0.00951772710190291
0.00951772710190291
0.18908909320654665
0.05308719581205798
0.05308719581205798
0.05308719581205798
0.0
0.0
0.0
0.0
0.0
0.3033987809287007
0.0
0.0
0.09237660125163388
0.13600189739448867
1.2140550529570988
1.0810907910405056
1.1267408559226593
0.980360222423789
0.8400842222594282
1.0649074017702251
0.9989969908932413
1.1917562361672749
0.8609473776179878
0.8947217392804878
0.6683455031622403
0.9578480745704049
1.142778291635102
0.7940415988315124
0.6683455031622403
0.5640089882616655
0.7793323461117532
0.7940415988315124
1.15022136489046
0.6683455031622403
0.7528926825086759
0.6683455031622403
0.6683455031622403
0.9643456196668023
0.6683455031622403
0.754366819059197
0.7528926825086759
0.9615786019787981
0.6683455031622403
0.6683455031622403
0.6683455031622403
0.6683455031622403
0.6683455031622403
0.7940415988315124
0.9615786019787981
0.7940415988315124
0.7940415988315124
0.7528926825086759
0.47192089463622455
0.6683455031622403
0.7528926825086759
0.6683455031622403
0.9615786019787981
0.947425549417444
0.8409228184335925
0.8459173154926947
0.8459173154926947
0.7940415988315124
1.2467181426700762
1.2467181426700762
0.7940415988315124
0.6683455031622403
1.1136799855399557
1.1136799855399557
1.1136799855399557
1.1136799855399557
1.1136799855399557
1.1136799855399557
1.1136799855399557
0.6683455031622403
1.0837015410579625
0.8870662318155311
0.8870662318155311
0.8870662318155311
0.8870662318155311
0.8870662318155311
0.8870662318155311
0.8870662318155311
0.8870662318155311
0.8870662318155311
0.8870662318155311
0.8870662318155311
0.7528926825086759
0.7528926825086759
0.7528926825086759
0.7528926825086759
0.7528926825086759
0.7528926825086759
0.7528926825086759
0.7528926825086759
0.7528926825086759
0.7528926825086759
0.7528926825086759
0.7528926825086759
0.6733858152863068
0.24110020944306396
0.6683455031622403
0.6683455031622403
0.6683455031622403
0.6683455031622403
0.6683455031622403
0.6683455031622403
0.5476897196170347
0.6683455031622403
0.6683455031622403
0.6683455031622403
0.6683455031622403
0.6683455031622403
0.6733858152863068
0.4433532047164598
0.24692859619044422
0.23158248234116105
0.30007593615605993
0.4433532047164598
0.3675843797356497
0.4968864216887807
0.18908909320654665
0.18908909320654665
0.675905629904322
0.18908909320654665
0.11092669879595554
0.18908909320654665
0.4898502166331371
0.18908909320654665
0.05308719581205798
0.0
0.13600189739448867
0.3033987809287007
0.3033987809287007
0.13600189739448867
0.00951772710190291
0.0
0.13600189739448867
0.3564859767407587
0.3564859767407587
0.0
0.13600189739448867
0.0
0.13600189739448867
0.0
0.13600189739448867
0.13600189739448867
0.13600189739448867
0.4077352958292756
0.13600189739448867
0.13600189739448867
0.00951772710190291
0.0
0.0
0.0
0.0
0.980360222423789
0.4785712226851629
0.9340091778351679
0.9263669703794293
0.9004435398613411
0.7764001982715522
0.9240737129079049
0.7764001982715522
0.5640089882616655
0.47563907484496165
0.5889745153142216
0.6230857388388044
1.0573702526508209
0.6683455031622403
1.0233422234560499
0.6683455031622403
0.5640089882616655
0.6570336212456842
0.761370136146259
0.3675843797356497
0.4143254797246563
0.4433532047164598
0.4433532047164598
0.23158248234116105
0.6407143526010535
0.4433532047164598
0.5476897196170347
0.3855137017325622
0.24692859619044422
0.3855137017325622
0.3855137017325622
0.24692859619044422
0.7252615319474891
0.8459173154926947
0.6080490372189475
0.478538334716581
0.6733858152863068
0.6322368989634704
0.24692859619044422
0.5476897196170347
0.3855137017325622
0.24692859619044422
0.6322368989634704
0.3855137017325622
0.3564859767407587
0.6322368989634704
0.4425072926377157
0.18908909320654665
0.18908909320654665
0.3855137017325622
0.4433532047164598
0.6925962165653832
0.3855137017325622
0.4433532047164598
0.24692859619044422
0.3564859767407587
0.3855137017325622
0.4898502166331371
0.3564859767407587
0.3855137017325622
0.3855137017325622
0.5476897196170347
0.5743973959795727
0.3855137017325622
0.3564859767407587
0.3855137017325622
0.4433532047164598
0.6572024260160265
0.11092669879595554
0.3855137017325622
0.18908909320654665
0.478538334716581
0.24692859619044422
0.5743973959795727
0.3564859767407587
0.3855137017325622
0.4898502166331371
0.3855137017325622
0.5476897196170347
0.4143254797246563
0.7365121505762239
0.3855137017325622
0.18908909320654665
0.18908909320654665
0.3855137017325622
0.18908909320654665
0.3564859767407587
0.3855137017325622
0.24110020944306396
0.6925962165653832
0.4143254797246563
0.6516295706520092
0.3855137017325622
0.5363778377004785
0.4898502166331371
0.23158248234116105
0.4898502166331371
0.18908909320654665
0.18908909320654665
0.18908909320654665
0.18908909320654665
0.5213102001675146
0.18908909320654665
0.18908909320654665
0.3564859767407587
0.13600189739448867
0.18908909320654665
0.14540995295041464
0.3324265059205042
0.3564859767407587
0.3324265059205042
0.18908909320654665
0.05308719581205798
0.13600189739448867
0.18908909320654665
0.0
0.3033987809287007
0.3033987809287007
0.3855137017325622
0.13600189739448867
0.13600189739448867
0.13600189739448867
0.18908909320654665
0.13600189739448867
0.13600189739448867
0.3033987809287007
0.0626049229139609
0.13600189739448867
0.3564859767407587
0.3033987809287007
0.3033987809287007
0.3033987809287007
0.0
0.0
0.00951772710190291
0.0
0.0
0.00951772710190291
0.13600189739448867
0.0
0.0
1.284556263287395
1.0761466557676858
0.5909495479567664
1.170510836375662
0.695286062857341
0.47192089463622455
0.6933110302147965
0.6933110302147965
1.1611365829414153
0.6933110302147965
0.7528926825086759
0.3925499067882059
0.6159150750093224
0.6933110302147965
0.23296594073284457
0.5889745153142216
0.6933110302147965
0.9615786019787981
0.5640089882616655
0.6330145642715037
0.3675843797356497
0.6933110302147965
0.5640089882616655
0.3925499067882059
0.4433532047164598
0.6046833105221879
0.6933110302147965
0.8979814498664869
0.24692859619044422
0.24692859619044422
0.5476897196170347
0.4433532047164598
0.18908909320654665
0.24692859619044422
0.4433532047164598
0.6683455031622403
0.24692859619044422
0.11092669879595554
0.3855137017325622
0.23158248234116105
0.11092669879595554
0.18908909320654665
0.24692859619044422
0.11092669879595554
0.5476897196170347
0.4433532047164598
0.11092669879595554
0.5476897196170347
0.3855137017325622
0.5476897196170347
0.29342560810712154
0.5186619946252312
0.24692859619044422
0.5476897196170347
0.24692859619044422
0.05308719581205798
0.18908909320654665
0.27511040910350376
0.18908909320654665
0.5476897196170347
0.4433532047164598
0.29342560810712154
0.4898502166331371
0.18908909320654665
0.18908909320654665
0.3512651110910191
0.4898502166331371
0.3512651110910191
0.4898502166331371
0.18908909320654665
0.4898502166331371
0.29342560810712154
0.18908909320654665
0.29342560810712154
0.4898502166331371
0.4608224916413336
0.18908909320654665
0.18908909320654665
0.18908909320654665
0.4433532047164598
0.18908909320654665
0.18908909320654665
0.18908909320654665
0.18908909320654665
0.10623021905681568
0.0626049229139609
0.05308719581205798
0.24033841229506353
0.18908909320654665
0.18908909320654665
0.18908909320654665
0.05308719581205798
0.18908909320654665
0.5743973959795727
0.3855137017325622
0.18908909320654665
0.3855137017325622
0.4898502166331371
0.10623021905681568
0.3855137017325622
0.3324265059205042
0.18908909320654665
0.18908909320654665
0.4898502166331371
0.4898502166331371
0.18908909320654665
0.13600189739448867
0.10623021905681568
0.3855137017325622
0.18908909320654665
0.3855137017325622
0.05308719581205798
0.4898502166331371
0.18908909320654665
0.10623021905681568
0.3855137017325622
0.18908909320654665
0.4898502166331371
0.3855137017325622
0.7252615319474891
0.3855137017325622
0.4898502166331371
0.6407143526010535
0.6407143526010535
0.0626049229139609
0.24033841229506353
0.4898502166331371
0.05308719581205798
0.5476897196170347
0.4898502166331371
0.3855137017325622
0.18908909320654665
0.3855137017325622
0.24033841229506353
0.18908909320654665
0.18908909320654665
0.24033841229506353
0.4898502166331371
0.4898502166331371
0.18908909320654665
0.4898502166331371
0.13600189739448867
0.3855137017325622
0.24033841229506353
0.13600189739448867
0.18908909320654665
0.18908909320654665
0.13600189739448867
0.05308719581205798
0.3855137017325622
0.05308719581205798
0.05308719581205798
0.13600189739448867
0.13600189739448867
0.13600189739448867
0.13600189739448867
0.0626049229139609
0.13600189739448867
0.05308719581205798
0.13600189739448867
0.13600189739448867
0.05308719581205798
0.0
0.18908909320654665
0.13600189739448867
0.29342560810712154
0.18908909320654665
0.0
0.13600189739448867
0.13600189739448867
0.0531430232447577
0.13600189739448867
0.13600189739448867
0.05308719581205798
0.3324265059205042
0.4367630208210791
0.13600189739448867
0.3324265059205042
0.29342560810712154
0.29342560810712154
0.29342560810712154
0.13600189739448867
0.18908909320654665
0.18908909320654665
0.18908909320654665
0.13600189739448867
0.13600189739448867
0.0
0.18908909320654665
0.3324265059205042
0.4898502166331371
0.18908909320654665
0.05308719581205798
0.00951772710190291
0.18908909320654665
0.29342560810712154
0.4367630208210791
0.29342560810712154
0.29342560810712154
0.0531430232447577
0.0
0.18908909320654665
0.18908909320654665
0.0
0.0
0.18908909320654665
0.10623021905681568
0.18908909320654665
0.13600189739448867
0.18908909320654665
0.13600189739448867
0.13600189739448867
0.043625296142854784
0.3324265059205042
0.0
0.0
0.0
0.0
0.00951772710190291
0.00951772710190291
0.0
0.00951772710190291
0.00951772710190291
0.0626049229139609
0.0626049229139609
0.0
0.00951772710190291
0.24033841229506353
0.0
0.0
0.0
0.0
0.00951772710190291
0.0
0.00951772710190291
0.0
0.0
0.0
0.0
0.0
0.0
0.0
0.0
0.0
0.0
0.7825521555060896
1.0722852126573545
0.4282955984933698
0.5436275216777874
0.23158248234116105
1.0864685587459664
0.47192089463622455
0.47192089463622455
0.5829077375857374
0.5436275216777874
0.5436275216777874
0.11092669879595554
0.3468929554529661
0.47192089463622455
0.11092669879595554
0.29342560810712154
0.3512651110910191
0.4608224916413336
0.05308719581205798
0.4898502166331371
0.11092669879595554
0.37944692400407853
0.05308719581205798
0.3263597281920205
0.24033841229506353
0.05308719581205798
0.24033841229506353
0.24033841229506353
0.05308719581205798
0.3263597281920205
0.4608224916413336
0.4077352958292756
0.24033841229506353
0.13600189739448867
0.24033841229506353
0.7714324611019078
0.7714324611019078
0.7714324611019078
0.5538471246253525
0.5538471246253525
0.5538471246253525
0.5538471246253525
0.5538471246253525
0.5538471246253525
0.5538471246253525
0.5538471246253525
0.5538471246253525
0.29342560810712154
0.29342560810712154
0.24033841229506353
0.29342560810712154
0.29342560810712154
0.29342560810712154
0.24033841229506353
0.29342560810712154
0.24033841229506353
0.4077352958292756
0.0
0.0
0.24033841229506353
0.24033841229506353
0.24033841229506353
0.29342560810712154
0.24033841229506353
0.0
0.0
0.0
0.24033841229506353
0.24033841229506353
0.0
0.24033841229506353
0.0
0.24033841229506353
0.0
0.4077352958292756
0.0
0.24033841229506353
0.4077352958292756
0.0
0.4077352958292756
0.24033841229506353
0.0
0.0
0.24033841229506353
0.0
0.0
0.0
0.24033841229506353
0.0
0.0
0.0
0.0
0.0
0.0
0.0
0.0
0.0
0.0
0.0
0.0
0.0
0.0
0.0
0.0
0.0
0.0
0.0
0.0
0.0
0.0
0.0
0.0
0.0
0.0
0.0
0.0
0.0
0.0
1.1398195278133962
1.3853035417082147
0.7226431504836855
1.229108971748009
0.8312753876494844
0.8403971062637674
0.8403971062637674
0.8013657253241083
0.339637177450473
0.5363502936026817
0.994243917360904
0.6110082758017876
0.5363502936026817
0.28056042687333405
0.998053074765044
0.994243917360904
0.41698371657681377
0.559946790322418
0.7323424111544555
0.761370136146259
0.9652161923691005
0.3675843797356497
0.32395908359279496
0.5349812632698618
0.5349812632698618
0.23158248234116105
0.4282955984933698
0.6683455031622403
0.7238649575168724
0.7323424111544555
0.7323424111544555
0.32395908359279496
0.6393177781704368
0.23158248234116105
0.24110020944306396
0.12044442589785845
0.8168895905008912
0.41698371657681377
0.3675843797356497
0.6393177781704368
0.24110020944306396
0.5186619946252312
0.4282955984933698
0.6393177781704368
0.5476897196170347
0.30763981494816434
0.4143254797246563
0.24692859619044422
0.8571679341214294
0.23158248234116105
0.20330330004758942
0.6322368989634704
0.8721915593850817
0.24110020944306396
0.21346905888187737
0.24692859619044422
0.2994903747788344
0.5186619946252312
0.4495106097247775
0.5538471246253525
0.30763981494816434
0.20395133177997446
0.6393177781704368
0.20330330004758942
0.24692859619044422
0.5538471246253525
0.12044442589785845
0.4608224916413336
0.0626049229139609
0.6443580902945033
0.3564859767407587
0.4608224916413336
0.4608224916413336
0.18908909320654665
0.3564859767407587
0.0626049229139609
0.0626049229139609
0.5865185873106057
0.18908909320654665
0.23158248234116105
0.4898502166331371
0.20330330004758942
0.0626049229139609
0.18908909320654665
0.4433532047164598
0.05308719581205798
0.5186619946252312
0.24110020944306396
0.5453696709877692
0.4608224916413336
0.4282955984933698
0.5453696709877692
0.4608224916413336
0.4608224916413336
0.4608224916413336
0.0626049229139609
0.18908909320654665
0.2384884300477108
0.20330330004758942
0.3855137017325622
0.14546379706369184
0.18908909320654665
0.4608224916413336
0.0626049229139609
0.3564859767407587
0.0626049229139609
0.18908909320654665
0.3564859767407587
0.3564859767407587
0.4608224916413336
0.3564859767407587
0.0626049229139609
0.00951772710190291
0.14546379706369184
0.05308719581205798
0.05308719581205798
0.0626049229139609
0.0626049229139609
0.0626049229139609
0.05308719581205798
0.3564859767407587
0.0626049229139609
0.14546379706369184
0.05308719581205798
0.0626049229139609
0.05308719581205798
0.0626049229139609
0.05308719581205798
0.0626049229139609
0.05308719581205798
0.13600189739448867
0.0626049229139609
0.18908909320654665
0.0626049229139609
0.13600189739448867
0.24033841229506353
0.0
0.00951772710190291
0.0
0.09237660125163388
0.0
0.19671311615220874
0.09237660125163388
0.0
0.0
0.0
0.0626049229139609
0.00951772710190291
0.00951772710190291
0.09237660125163388
0.00951772710190291
0.0
0.09237660125163388
0.09237660125163388
0.00951772710190291
0.0
1.1691826533829786
1.2554402601551513
0.6430359583791737
1.0837015410579625
0.8922404983350474
0.754366819059197
0.5640089882616655
0.37293702812496793
0.6683455031622403
0.7528926825086759
0.6683455031622403
0.7722853541972148
0.6749958312111783
0.6570336212456842
0.6570336212456842
0.6570336212456842
0.5640089882616655
0.3675843797356497
0.5640089882616655
0.5640089882616655
0.6683455031622403
0.5640089882616655
0.5349812632698618
0.23158248234116105
0.5640089882616655
0.23158248234116105
0.6683455031622403
0.11092669879595554
0.3675843797356497
0.23158248234116105
0.8132520001105887
0.3675843797356497
0.4433532047164598
0.6683455031622403
0.4433532047164598
0.11092669879595554
0.4433532047164598
0.3675843797356497
0.24110020944306396
0.4433532047164598
0.24692859619044422
0.11092669879595554
0.5640089882616655
0.24692859619044422
0.24692859619044422
0.11092669879595554
0.12044442589785845
0.61168662760925
0.4608224916413336
0.11092669879595554
0.3564859767407587
0.11092669879595554
0.11092669879595554
0.05308719581205798
0.4608224916413336
0.11092669879595554
0.3855137017325622
0.3564859767407587
0.18908909320654665
0.18908909320654665
0.18908909320654665
0.32395908359279496
0.3855137017325622
0.18908909320654665
0.4608224916413336
0.20330330004758942
0.4608224916413336
0.05308719581205798
0.18908909320654665
0.3564859767407587
0.18908909320654665
0.05308719581205798
0.3033987809287007
0.3033987809287007
0.05308719581205798
0.3564859767407587
0.23158248234116105
0.05308719581205798
0.5647623426763082
0.5647623426763082
0.13600189739448867
0.5538471246253525
0.5538471246253525
0.3033987809287007
0.3564859767407587
0.3564859767407587
0.3564859767407587
0.14546379706369184
0.05308719581205798
0.18908909320654665
0.05308719581205798
0.3564859767407587
0.3564859767407587
0.4608224916413336
0.13600189739448867
0.18908909320654665
0.13600189739448867
0.0
0.18908909320654665
0.13600189739448867
0.05308719581205798
0.13600189739448867
0.13600189739448867
0.3033987809287007
0.13600189739448867
0.13600189739448867
0.3033987809287007
0.13600189739448867
0.3033987809287007
0.13600189739448867
0.13600189739448867
0.13600189739448867
0.0
0.5538471246253525
0.5538471246253525
0.13600189739448867
0.3564859767407587
0.3564859767407587
0.3564859767407587
0.3564859767407587
0.3033987809287007
0.3564859767407587
0.3564859767407587
0.3564859767407587
0.3564859767407587
0.3564859767407587
0.13600189739448867
0.18908909320654665
0.18908909320654665
0.18908909320654665
0.18908909320654665
0.18908909320654665
0.18908909320654665
0.13600189739448867
0.13600189739448867
0.18908909320654665
0.18908909320654665
0.13600189739448867
0.18908909320654665
0.13600189739448867
0.13600189739448867
0.18908909320654665
0.3033987809287007
0.13600189739448867
0.18908909320654665
0.13600189739448867
0.3033987809287007
0.13600189739448867
0.05308719581205798
0.05308719581205798
0.13600189739448867
0.05308719581205798
0.3033987809287007
0.3033987809287007
0.05308719581205798
0.0
0.13600189739448867
0.13600189739448867
0.13600189739448867
0.05308719581205798
0.0
0.13600189739448867
0.13600189739448867
0.13600189739448867
0.0
0.13600189739448867
0.13600189739448867
0.0
0.0
0.0
0.13600189739448867
0.0
0.0
0.00951772710190291
0.0
0.0
0.0
0.0
0.0
0.0
0.0
0.0
0.0
0.0
0.0
0.0
0.0
0.0
0.0
0.0
0.0
0.0
0.0
0.0
0.0
0.0
0.0
0.0
0.0
0.0
0.0
1.0326071766582456
0.9175581357694854
1.1354082917204782
1.3735177509549605
1.0914923577096378
0.6208592102821422
1.1428336679387388
1.0914923577096378
0.9819796513106456
1.217620450213295
1.020097818608673
0.6208592102821422
1.2400241897989643
0.866669178198841
0.7764001982715522
0.8912091503252457
0.7992825656521226
0.8026482923488822
0.7473724732797487
0.7776827652963261
0.6882957227026097
0.9652226292307413
0.7182053850279858
0.5895660895650827
1.1029368419282155
1.1029368419282155
0.7173234476944133
1.0481056898664198
0.9061458786536024
0.7728429020490454
1.0481056898664198
1.0481056898664198
0.47563907484496165
0.9297841488574837
0.6882957227026097
0.37293702812496793
0.4165623242678227
0.7764001982715522
0.6882957227026097
0.7728429020490454
0.6882957227026097
0.7728429020490454
0.28056042687333405
0.6129869327938383
0.6129869327938383
0.6129869327938383
0.28056042687333405
0.6129869327938383
0.6129869327938383
0.28056042687333405
0.6393177781704368
0.6393177781704368
0.6393177781704368
0.6683455031622403
0.3675843797356497
0.3675843797356497
0.23158248234116105
0.6393177781704368
0.23158248234116105
0.3675843797356497
0.3675843797356497
0.23158248234116105
0.23158248234116105
0.3675843797356497
0.23158248234116105
0.23158248234116105
0.23158248234116105
0.32395908359279496
0.31185354759039363
0.23158248234116105
0.3675843797356497
0.23158248234116105
0.23158248234116105
0.23158248234116105
0.23158248234116105
0.23158248234116105
0.23158248234116105
0.5640089882616655
0.6393177781704368
0.23158248234116105
0.32395908359279496
0.8571679341214294
0.6683455031622403
0.23158248234116105
0.32395908359279496
0.32395908359279496
0.3675843797356497
0.3675843797356497
0.3675843797356497
0.7238649575168724
0.3097448767517522
0.14546379706369184
0.18908909320654665
0.14546379706369184
0.23158248234116105
0.26611958060889745
0.14546379706369184
0.18908909320654665
0.1737429793572635
0.13600189739448867
0.1737429793572635
0.1737429793572635
0.05308719581205798
0.18908909320654665
0.05308719581205798
0.18908909320654665
0.18908909320654665
0.18908909320654665
0.18908909320654665
0.05308719581205798
0.18908909320654665
0.3855137017325622
0.05308719581205798
0.05308719581205798
0.18908909320654665
0.4077352958292756
0.4077352958292756
0.5538471246253525
0.05308719581205798
0.14546379706369184
0.18908909320654665
0.05308719581205798
0.05308719581205798
0.18908909320654665
0.0
0.09237660125163388
0.13600189739448867
0.09237660125163388
0.14546379706369184
0.05308719581205798
0.0
0.0
0.0626049229139609
0.4077352958292756
0.09237660125163388
0.05308719581205798
0.05308719581205798
0.0
0.0
0.0
0.0
0.0
0.0
0.0
0.0
0.0
0.0
0.0
0.0
0.0
0.0
0.0
0.0
0.0
0.0
0.0
0.0
0.0
0.0
0.0
0.6795990989971984
1.0180081449717648
1.0541370799440326
0.887387041221065
0.4839238710744811
1.1114340857985228
0.339637177450473
0.5186316745501542
0.3675843797356497
0.47192089463622455
0.3675843797356497
0.47192089463622455
0.7238649575168724
0.6683455031622403
0.3646027045030292
0.6393177781704368
0.7253390940673935
0.47192089463622455
0.7503046211199497
0.557942210533181
0.3675843797356497
0.6393177781704368
0.3675843797356497
0.47192089463622455
0.4536056956326067
0.3512651110910191
0.5349812632698618
0.6393177781704368
0.6393177781704368
0.3675843797356497
0.3675843797356497
0.3675843797356497
0.20330330004758942
0.3675843797356497
0.24692859619044422
0.3675843797356497
0.24692859619044422
0.24110020944306396
0.24692859619044422
0.761370136146259
0.11092669879595554
0.3512651110910191
0.18908909320654665
0.5186619946252312
0.24692859619044422
0.4143254797246563
0.61168662760925
0.11092669879595554
0.61168662760925
0.23158248234116105
0.29342560810712154
0.4608224916413336
0.18908909320654665
0.13600189739448867
0.18908909320654665
0.29342560810712154
0.05308719581205798
0.5453696709877692
0.18908909320654665
0.18908909320654665
0.14546379706369184
0.4608224916413336
0.29342560810712154
0.05308719581205798
0.3564859767407587
0.18908909320654665
0.18908909320654665
0.3512651110910191
0.14862623881091802
0.18908909320654665
0.05308719581205798
0.05308719581205798
0.3564859767407587
0.13600189739448867
0.18908909320654665
0.18908909320654665
0.00951772710190291
0.18908909320654665
0.0
0.0626049229139609
0.0
0.00951772710190291
0.24033841229506353
0.0
0.0
0.0
0.0
0.0
1.1030682100075857
0.9032105575493453
0.9032105575493453
0.4785712226851629
0.7173234476944133
1.0723201679882226
0.25654800939371736
0.48485731288765405
0.6683455031622403
0.3675843797356497
0.6683455031622403
0.3675843797356497
0.6683455031622403
1.2201331867306642
1.0533206679380434
0.6896791810942933
0.7528926825086759
0.7528926825086759
0.7528926825086759
0.7528926825086759
0.7528926825086759
0.6683455031622403
0.6683455031622403
0.3675843797356497
0.6683455031622403
0.47192089463622455
0.6683455031622403
0.23158248234116105
0.7528926825086759
0.32395908359279496
0.23158248234116105
0.5349812632698618
0.5349812632698618
0.5349812632698618
0.5349812632698618
0.47192089463622455
0.5349812632698618
0.23158248234116105
0.23158248234116105
0.7940415988315124
0.5349812632698618
0.24110020944306396
0.7940415988315124
0.23158248234116105
0.23158248234116105
0.47192089463622455
0.3512651110910191
0.05308719581205798
0.23158248234116105
0.24110020944306396
0.23158248234116105
0.05308719581205798
0.05308719581205798
0.05308719581205798
0.05308719581205798
0.18908909320654665
0.24692859619044422
0.05308719581205798
0.18908909320654665
0.3564859767407587
0.0626049229139609
0.29342560810712154
0.29342560810712154
0.18908909320654665
0.0626049229139609
0.05308719581205798
0.3855137017325622
0.18908909320654665
0.05308719581205798
0.5743973959795727
0.05308719581205798
0.05308719581205798
0.18908909320654665
0.0626049229139609
0.29342560810712154
0.05308719581205798
0.05308719581205798
0.0626049229139609
0.4608224916413336
0.05308719581205798
0.0626049229139609
0.05308719581205798
0.4898502166331371
0.05308719581205798
0.4898502166331371
0.05308719581205798
0.05308719581205798
0.13600189739448867
0.24033841229506353
0.0
0.00951772710190291
0.24033841229506353
0.0
0.0
0.13600189739448867
0.13600189739448867
0.0
0.24033841229506353
0.24033841229506353
0.09237660125163388
0.0
0.13600189739448867
0.0
0.29342560810712154
0.29342560810712154
0.0
0.29342560810712154
0.29342560810712154
0.00951772710190291
0.0
0.13600189739448867
0.13600189739448867
0.13600189739448867
0.13600189739448867
0.13600189739448867
0.13600189739448867
0.24033841229506353
0.13600189739448867
0.09237660125163388
0.13600189739448867
0.0
0.09237660125163388
0.13600189739448867
0.0
0.0
0.0
0.00951772710190291
0.24033841229506353
0.0
0.0
0.09237660125163388
0.0
0.0
0.0
0.0
0.0
0.0
0.09237660125163388
0.0
0.0
0.0
0.0
0.0
0.0
0.0
0.0
0.0
0.0
0.0
0.0
0.0
0.0
0.0
1.1414501086424185
0.8510581804706578
0.8760237075232141
0.980360222423789
0.9553946953712329
1.028906653218617
0.7882560938163543
1.13608433876399
0.8760237075232141
0.4770225332366452
0.6795990989971984
1.0407195400257019
0.842249345860714
0.6720636833709772
0.7764001982715522
0.8400842222594282
0.8400842222594282
0.6720636833709772
0.5895660895650827
0.7764001982715522
0.8887704996127486
0.7764001982715522
0.6720636833709772
0.6208592102821422
0.4165623242678227
0.7764001982715522
0.7764001982715522
1.0722819564305615
0.842249345860714
0.7764001982715522
0.9387684277323336
0.6720636833709772
0.7764001982715522
0.8204468867233979
0.8204468867233979
0.8204468867233979
0.6129869327938383
0.7274222537393792
0.8076933189886117
0.8018706270408489
0.41912918613947037
0.9213066952199006
0.7239737757433512
0.4770225332366452
0.4770225332366452
0.6230857388388044
0.6230857388388044
0.7173234476944133
0.6129869327938383
0.6129869327938383
0.7173234476944133
0.9240737129079049
0.9540063863131982
0.8027491837157918
0.7173234476944133
0.5640089882616655
0.6129869327938383
0.3600524355623314
0.5640089882616655
0.9540063863131982
0.5640089882616655
0.5640089882616655
0.8430195433636853
0.6683455031622403
0.28056042687333405
0.5640089882616655
0.7793323461117532
0.3586689771706479
0.7173234476944133
1.109363539353007
0.5640089882616655
0.864996962330766
0.3675843797356497
0.5640089882616655
0.6129869327938383
0.5889745153142216
0.5640089882616655
0.6683455031622403
0.23158248234116105
0.7528926825086759
0.8018706270408489
0.5640089882616655
0.7776827652963261
0.3675843797356497
0.2847255055859188
0.5640089882616655
0.23158248234116105
0.6683455031622403
0.5640089882616655
0.3675843797356497
0.7528926825086759
0.6683455031622403
0.3675843797356497
0.9049940660698336
0.5640089882616655
0.6683455031622403
0.2847255055859188
0.2847255055859188
0.3675843797356497
0.23158248234116105
0.23158248234116105
0.761370136146259
0.761370136146259
0.761370136146259
0.5640089882616655
0.23158248234116105
0.6683455031622403
0.5640089882616655
0.6683455031622403
0.3675843797356497
0.23158248234116105
0.3675843797356497
0.5640089882616655
0.3675843797356497
0.2847255055859188
0.1640697220407132
0.5640089882616655
0.3675843797356497
0.5640089882616655
0.3675843797356497
0.5640089882616655
0.5349812632698618
0.6683455031622403
0.4433532047164598
0.5640089882616655
0.6683455031622403
0.5640089882616655
0.761370136146259
0.761370136146259
0.5640089882616655
0.6683455031622403
0.5640089882616655
0.3675843797356497
0.23158248234116105
0.5640089882616655
0.5640089882616655
0.5640089882616655
0.3675843797356497
0.2847255055859188
0.5640089882616655
0.4433532047164598
0.39661210472745323
0.2847255055859188
0.3675843797356497
0.23158248234116105
0.11092669879595554
0.5640089882616655
0.3675843797356497
0.24692859619044422
0.4433532047164598
0.3675843797356497
0.6733858152863068
0.24692859619044422
0.4433532047164598
0.8979814498664869
0.5476897196170347
0.1640697220407132
0.3329499120874013
0.5476897196170347
0.4433532047164598
0.24692859619044422
0.18908909320654665
0.6407143526010535
0.24692859619044422
0.5476897196170347
0.23158248234116105
0.24692859619044422
0.23158248234116105
0.5476897196170347
0.23158248234116105
0.4433532047164598
0.11092669879595554
0.24692859619044422
0.24692859619044422
0.5476897196170347
0.23158248234116105
0.4433532047164598
0.5476897196170347
0.4143254797246563
0.24692859619044422
0.24692859619044422
0.4433532047164598
0.11092669879595554
0.24692859619044422
0.24692859619044422
0.24692859619044422
0.4433532047164598
0.18908909320654665
0.24692859619044422
0.3855137017325622
0.5476897196170347
0.18908909320654665
0.05308719581205798
0.24692859619044422
0.5476897196170347
0.4433532047164598
0.23158248234116105
0.10623021905681568
0.1640697220407132
0.23158248234116105
0.11092669879595554
0.4433532047164598
0.24692859619044422
0.18908909320654665
0.11092669879595554
0.24692859619044422
0.29342560810712154
0.18908909320654665
0.10623021905681568
0.1640697220407132
0.24692859619044422
0.11092669879595554
0.24692859619044422
0.5476897196170347
0.18908909320654665
0.10623021905681568
0.3855137017325622
0.05308719581205798
0.18908909320654665
0.10623021905681568
0.09671249195491277
0.05308719581205798
0.05308719581205798
0.3855137017325622
0.18908909320654665
0.09671249195491277
0.24692859619044422
0.18908909320654665
0.10623021905681568
0.18908909320654665
0.18908909320654665
0.05308719581205798
0.05308719581205798
0.10623021905681568
0.05308719581205798
0.10623021905681568
0.05308719581205798
0.10623021905681568
0.10623021905681568
0.3564859767407587
0.05308719581205798
0.5186619946252312
0.05308719581205798
0.18908909320654665
0.18908909320654665
0.05308719581205798
0.18908909320654665
0.29342560810712154
0.05308719581205798
0.10623021905681568
0.18908909320654665
0.18908909320654665
0.18908909320654665
0.05308719581205798
0.05308719581205798
0.18908909320654665
0.18908909320654665
0.18908909320654665
0.18908909320654665
0.043625296142854784
0.10623021905681568
0.10623021905681568
0.18908909320654665
0.10623021905681568
0.13600189739448867
0.13600189739448867
0.0531430232447577
0.18908909320654665
0.13600189739448867
0.0531430232447577
0.10623021905681568
0.10623021905681568
0.0531430232447577
0.0
0.10623021905681568
0.0
0.0
0.0
0.0
0.0531430232447577
0.13600189739448867
0.0531430232447577
0.0
0.0
0.0
0.0
0.0
0.0
0.0
0.866669178198841
0.8469959825314105
0.47563907484496165
1.0920216238772602
0.9578480745704049
0.7804497829843303
0.9088701300382319
0.7473724732797487
0.47563907484496165
0.7940415988315124
0.5839592078020348
0.5349812632698618
0.48485731288765405
0.839691663713666
0.3675843797356497
0.6683455031622403
0.23158248234116105
0.7287048207641531
0.3675843797356497
0.6393177781704368
0.6393177781704368
0.3675843797356497
0.4433532047164598
0.3675843797356497
0.4433532047164598
1.2467181426700762
0.4433532047164598
0.3675843797356497
0.6393177781704368
0.3675843797356497
0.7528926825086759
0.5839592078020348
0.6683455031622403
0.5640089882616655
0.4433532047164598
0.5640089882616655
0.5640089882616655
0.5640089882616655
0.5640089882616655
0.3675843797356497
0.18908909320654665
0.4433532047164598
0.3855137017325622
0.3675843797356497
0.2847255055859188
0.6393177781704368
0.24692859619044422
0.1640697220407132
0.5640089882616655
0.5349812632698618
0.5640089882616655
0.21811681819835016
0.5349812632698618
0.3855137017325622
0.6393177781704368
0.3675843797356497
0.3855137017325622
0.6393177781704368
0.5640089882616655
0.3855137017325622
0.4898502166331371
0.29007815397523695
0.5349812632698618
0.3855137017325622
0.18908909320654665
0.24692859619044422
0.2759563211822478
0.3855137017325622
0.3675843797356497
0.24692859619044422
0.2718941232430005
0.3675843797356497
0.3564859767407587
0.3855137017325622
0.18908909320654665
0.18908909320654665
0.18908909320654665
0.4898502166331371
0.11092669879595554
0.0626049229139609
0.5349812632698618
0.29342560810712154
0.18908909320654665
0.4143254797246563
0.0626049229139609
0.3855137017325622
0.18908909320654665
0.24692859619044422
0.18908909320654665
0.18908909320654665
0.3855137017325622
0.3855137017325622
0.4143254797246563
0.0626049229139609
0.23158248234116105
0.18908909320654665
0.3855137017325622
0.3855137017325622
0.1737429793572635
0.18908909320654665
0.3855137017325622
0.29342560810712154
0.18908909320654665
0.18908909320654665
0.18908909320654665
0.18908909320654665
0.18908909320654665
0.05308719581205798
0.3564859767407587
0.13600189739448867
0.18908909320654665
0.05308719581205798
0.13600189739448867
0.22202321329144584
0.18908909320654665
0.18908909320654665
0.13600189739448867
0.18908909320654665
0.3855137017325622
0.3675843797356497
0.05308719581205798
0.18908909320654665
0.13600189739448867
0.3033987809287007
0.3033987809287007
0.05308719581205798
0.3564859767407587
0.18908909320654665
0.18908909320654665
0.13600189739448867
0.13600189739448867
0.13600189739448867
0.13600189739448867
0.0
0.0
0.4608224916413336
0.4608224916413336
0.0531430232447577
0.29342560810712154
0.18908909320654665
0.18908909320654665
0.18908909320654665
0.18908909320654665
0.18908909320654665
0.18908909320654665
0.13600189739448867
0.0
0.13600189739448867
0.13600189739448867
0.13600189739448867
0.13600189739448867
0.13600189739448867
0.13600189739448867
0.0
0.0
0.0
0.0
0.0
