10.516494800545466
19.96607597493843
18.39421570727424
11.75742674495247
14.393767969619123
8.139926275121846
13.358235955251196
10.19937411042436
14.919583539414008
8.512241732207933
3.2106410300815247
9.700583333699294
10.56623730386356
1.860948369372761
9.573848700380523
13.831624139928007
7.4170776678350245
6.241813403726027
11.790477817851675
12.045090694378024
9.356141720121043
9.98010819131415
3.216332234355064
16.85328822988795
12.76311471429397
9.27210878416131
10.972145999972085
2.3470460886259215
8.580613294650522
8.977197881733556
11.90588047352722
13.663586557355595
5.08969507321725
7.242425032960108
9.52773238798006
14.477704662687488
7.594565422904513
8.32490427460753
8.503781074980196
9.691705123734776
2.764765165390588
2.6962253184963356
2.1379978172227165
9.618864741405401
7.874531574384937
18.51585718657561
7.005934531383139
10.29411427261235
11.710463804572816
10.645834831324835
10.645834831324835
1.9066275553870542
9.81374616799647
9.81374616799647
9.81374616799647
9.141104218272892
9.301191571606369
9.459724317808414
2.478357905551373
7.156447116225529
8.734413530054324
1.308665920178199
1.3192384728803923
7.351708987929399
1.8046680572016773
7.040033667103125
9.248703386510305
2.217994848051266
9.977145449498751
8.977361901638195
2.1782642284338873
7.305799558023449
9.897525874827663
2.802467790943301
8.993670819538496
8.175070532097068
1.879573414422231
7.8006045234339885
8.192563822234487
7.610658928258378
1.4396181814217628
2.3387572528347262
1.2018605151115973
6.847965039494521
9.672570392441424
1.3050040157942615
6.942226517214774
1.4316723304334757
13.775587347574936
8.225090331432725
1.4607396487148325
1.2571100731296485
1.1236339021324113
2.0657280405078913
12.400084233025604
6.653751559994109
1.0497952243258637
7.859029521139546
1.5539529615596914
1.789083222381339
1.7748541113341307
6.524040064674505
1.7404984108725015
6.436074266251052
1.9144511519683178
1.6624265266189646
6.828938262292762
1.587102946347918
1.6293634145338236
6.216859241874477
0.9755305770368183
7.1719067290756815
0.4745666922550605
1.170330437615949
1.6826599132581053
0.43602249372372254
8.333251498633985
1.5341538254296727
8.333251498633985
1.1503857340934012
1.1455145932966582
0.41548254332007384
1.1353718719352697
1.5100218303244415
5.608309510797838
1.0104673616932154
1.0434033129664164
1.3669439155449303
1.3669439155449303
7.468436923538852
1.167167045662186
1.2833559925626499
0.2616455151233048
1.2580229370626501
1.2518645893480145
1.174925769185623
1.2106000692669263
1.2049551877789166
1.1883630772634852
5.715828475593811
7.5192269274930625
1.1618259591499394
1.1566749842225086
3.7721819865593726
1.1268105634466579
1.1078298160091962
3.8120027221495563
2.3420157892379674
8.927052262262263
1.0425219546011149
5.667895280330291
0.42321051890154676
0.9571718761907158
0.950457052481527
0.943844817562578
0.8856168749382626
0.19159323874360035
0.1359288931144577
0.09688867128998419
3.8623701473614913
0.06114912012365358
0.06425230135725181
0.0
0.0
0.0
0.0
0.0
0.0
0.0
0.0
0.0
0.0
0.0
0.0
0.0
0.0
0.0
0.0
0.0
0.0
0.0
0.0
0.0
0.0
0.0
0.0
0.0
0.0
15.320275835791183
15.454922118226394
12.659052278426365
20.09301163586603
3.5213604633817646
16.99358277138724
16.027007063215233
20.105591803325225
17.10210772367259
13.949923695845861
13.949923695845861
12.75520377468177
14.421599912532685
13.80671914022055
16.393468911671096
3.0444542098832974
2.544232306234459
16.406390889421502
18.22133630457108
3.0158410502152657
12.055599400000553
9.993869047605488
11.738333952937252
13.75059772468822
10.822145061003331
3.027033062174646
14.347830736001335
7.941194958302972
6.402820036550969
3.4088451756392573
14.78560277585821
9.722713005700136
2.829240786771008
10.112202117085237
15.24322363858583
10.333987894197707
2.319444553715522
2.444279117903046
2.8030674819991215
2.5540748555292967
3.3002725556465897
7.642736550402135
6.715592234721809
12.730960821516033
12.730960821516033
2.0014883092661173
2.3188705228768094
12.703549482075204
14.973459812185759
8.689469492200635
9.807882452325602
11.389391222917283
11.505927106434195
13.388237740070794
6.425115268496015
2.166813795659943
9.512023313109083
7.214327205344632
6.917379742991934
12.042187567991167
8.178159902358876
1.6225578897066304
4.229388637336028
11.236165411205203
11.994984082936083
5.808180453692477
1.6941966825326922
1.8791179081657818
2.1003191277793274
9.321369087153037
8.842311458740719
6.212330665964166
9.670196284895598
1.6797272770066798
8.794642841035806
1.4008012998278845
6.389112749178884
8.909075417211092
6.098699605548186
9.207738310652704
5.0565679301267625
4.096870421632988
9.759111008580824
1.2661301037441355
11.358827066122556
2.4501072316940675
1.977443020195791
1.5996489896589845
1.6857152484939966
4.163302342336765
9.081670206714879
3.986180004265772
1.6219347296798203
1.2993643125187357
4.7238896761654035
1.4720544120050225
4.161509769083749
1.2202950029640034
1.4108175822970042
0.8284797408770336
2.628737869878108
4.785308823063141
1.1549308020334204
5.963501327457334
8.271768745432476
3.1204616159752816
0.777300087495355
1.5306665553521543
4.953241317544208
0.9137112609227397
0.6414972813446035
2.3385985575369315
1.0719992650011834
0.8217097063916344
4.150788307909973
0.841224224550807
0.8321887348009023
4.441244847155601
0.7389743771381144
0.7495066558692436
0.5415620338256075
1.1107892803453248
0.6656311277483781
0.9713196144282777
0.7821688820753906
0.7026757240300778
0.11124322999066655
0.0
0.0
0.0
0.0
0.0
0.0
0.0
0.0
0.0
0.0
0.0
10.91445006348106
9.808563262597742
19.536480664619326
9.629112111780055
2.9100844689765037
11.986198410271356
10.4786052666088
2.020509872373537
3.152024509632646
12.269480153512415
1.761866531916263
13.173897021200753
1.4246256772696821
11.693315254722394
9.9534362451047
9.403141499432754
2.7194872761655167
18.57431376142244
18.57431376142244
13.223967751403144
5.894860830111049
9.947037099019576
6.552048615375428
11.279632497049814
11.279632497049814
10.03581875515403
9.626067868170725
2.1453787807756046
8.946494443463875
2.0484063892933975
9.695038586207994
8.384205029190065
1.3378982173823846
9.440424799663932
8.40426283243563
1.273419896973315
1.3090865049941902
15.578578049288062
1.9311982921898272
1.809001095619581
1.9024585466805186
7.83049225696233
1.6775003511282471
1.7720075217795386
1.7252129894907333
1.6918691081558377
2.007566567598755
13.28394816701393
1.6193028192927381
1.5442521672865857
1.809001095619581
9.652319664523212
1.0362095566868637
1.6704168206326315
1.6094909199020482
1.5902455527645794
5.881500213067208
7.7321956299143375
0.8778483346644961
1.2759050036198056
1.4371037859442495
1.4072667265405123
1.2414039973290896
7.674108631262037
8.755750392213635
1.3649210597677734
1.325200707563424
12.411397494518308
0.5735941243844388
1.2526820911830476
8.297010003853995
4.580575053279078
1.061374427366743
1.061374427366743
7.984461401274392
0.6612915886304493
1.022668685181341
0.6333802696188594
1.0152773429390232
1.0152773429390232
1.0008226956350965
7.913319957771085
0.9867844398197829
0.9598980888858988
6.509199944286114
0.9407064791195339
0.538491089519755
0.9283479952358561
0.5708399416550101
0.916317447259301
0.9046051713488251
0.4013720108097806
0.8875973680998386
0.8766243263853458
0.476020749264054
0.850366610501746
6.263710671419984
11.411047932448414
5.250148591494526
0.37007347483120984
7.578374406130934
0.3571148700785066
0.7036285012214079
0.693417997143497
0.41530826546239896
6.234782860389937
0.40701342930061885
0.3283923667055628
0.2716360162792475
6.0485218807773835
0.26122547896831494
0.5242138738069836
0.5223182007383202
0.20599169496683467
0.20192540798178904
0.19612149302865817
0.19064256831008025
0.14379084918665508
0.1292686462066143
0.12455444091441732
0.0
0.0
0.0
0.0
0.0
0.0
0.0
0.0
0.0
0.0
0.0
0.0
0.0
0.0
0.0
0.0
0.0
0.0
0.0
0.0
0.0
0.0
0.0
0.0
0.0
0.0
0.0
0.0
0.0
0.0
0.0
0.0
0.0
0.0
14.875598587079638
8.445954039730605
18.330617704223823
11.458181090150122
7.671543936808998
7.749254399544726
10.9591309889816
17.857289153111836
7.142446027641773
11.550270883588059
17.251642632296782
8.345063286137076
11.47991079599535
12.882095848956133
9.95652032925782
9.204070026662242
9.652204610869829
10.171061315761671
0.9791265630334538
20.719502935391716
10.922146715156947
17.230292040471753
17.230292040471753
17.230292040471753
17.230292040471753
11.161678183395436
14.846929826509154
14.846929826509154
1.169812380974822
5.002465677649675
13.098194534168883
9.958911137714086
6.959029151793581
7.99653507267579
7.723032249289906
11.717426439218253
7.715627794181295
10.638188164564877
9.81288831316221
4.279197974222481
5.877704353034596
10.678500301668617
10.678500301668617
8.294979141913027
9.015378284047427
6.032639278612521
3.2094081809848714
1.109064707338948
12.284945848812024
6.263877446154344
8.42034172281824
7.679844833289093
10.522180327783268
3.6671796566086505
8.7320776915789
13.123216796233036
7.241693200673612
3.3476882936987504
9.514529039654029
4.365020271305733
3.619914420454595
6.286257839631581
12.123075014411343
12.096491819432233
5.1502841033358315
13.177214258065739
6.356346826272645
8.118209065335831
4.606393668812589
12.816841154461763
7.519640480669372
11.953583817850616
7.605749548328332
12.395714718513547
11.133774751166381
2.787336022112306
4.293500591114468
7.7588796743395925
6.988373238928863
3.7199378637992426
3.8649445713357458
5.111949965992789
5.27169228516635
12.064279151922403
0.7012156579226695
7.925924200915024
7.203770504412056
6.024460726798791
3.587128457722097
3.4947750322862405
8.814968912217154
7.242251350629381
9.286706341501848
10.554779944989352
12.864081248165988
4.18398334414755
10.669457401496034
7.794022521427043
7.317512783891749
4.3029612978736616
5.618305078999071
3.9919208692581
9.807110054205415
8.694313917399398
6.653843282497445
4.901003739644241
10.478598855619328
6.239299941853356
0.5022470511083812
7.900677925200971
2.5509587115346615
5.696891705072251
7.4334709589063666
5.68855729554097
5.671084746562481
7.843252423122288
6.404222990244915
4.578106211493796
2.129012025047816
6.299569930802077
3.992087437813757
9.35839436935701
4.540911541131407
11.69597104107043
9.303697698504116
8.37308053745263
13.589023893218007
2.798598655319321
3.7681941547543962
6.843051989888029
4.4707115800654496
8.3824525312856
4.425976204395608
8.292173713200716
4.919998709818954
6.696289762690904
2.253142856655199
6.9953862807992415
1.3832266576911405
6.594947487589147
4.508667158451768
0.5518204350416651
4.606006099243102
3.557382212064683
7.520814320590941
4.606040359314268
6.421060131866038
3.7950833582454755
3.4981598580342994
3.672469798357623
0.4001908905277096
4.086659706315223
3.759093441187819
0.7719536591061399
5.862776489803819
3.2465656255375377
0.6329902481873649
2.1226286942722634
2.9230172279605644
7.525071408613921
11.457458136064826
2.9858131946328976
3.5357647771388923
0.791892296926985
5.12229620254496
3.098653305299432
2.2316284775324378
0.6869037913656996
2.9562573310980698
3.9540875723826194
2.871163930238378
2.609975374113236
5.956359538564162
6.861603036552682
0.6089791631837204
2.2130649504679085
5.221861849754437
3.5613163204956293
2.6697443775846637
3.0103783112558222
6.102565657671318
3.219036189886969
0.8253037168036492
2.6071838964854006
4.810456266195926
2.715503704234874
4.503093722982981
4.016118471385415
2.965348144687189
5.992761441274007
2.329737128830282
3.989695296338498
2.4216103346327813
3.9102951014735745
3.25025507366709
8.518436834404948
8.518436834404948
4.363249018030618
7.482617153403493
2.837335874705455
2.3770438679704564
6.795553790282059
2.1733653448519514
3.1639806282106417
5.824525728572322
5.824525728572322
2.4152125256109356
4.763871834151275
2.8735060109663397
1.9875906663457494
4.454683982659535
2.2246628776814252
1.9925902789642094
2.5084934410771407
3.070019595247358
2.480345964423778
0.5647137299961665
1.7316968573061453
0.2864216251252175
3.0323849572389276
3.070019595247358
2.375563464402605
2.9157684819547445
3.2353339694964656
2.1793569412225495
3.3799512581417623
2.4961533856480673
2.3308400746347244
0.1788373758383308
4.62799088255046
3.3493248302547753
5.295495866195334
1.9792977883465679
0.0
13.882175505182012
10.731553939706904
7.18954089316486
8.550865670809944
8.832679973579735
12.451634772574936
9.731012698571485
10.554144168594368
3.2139292631620906
11.270791341460049
8.050450876666527
14.237453550213653
12.920546819692639
12.920546819692639
13.66048322299974
3.058608722441043
8.493615283309817
10.947915375974599
10.475669069582489
8.566496425339503
11.283893094156706
12.586003505154373
2.8705523684749066
9.503376856227598
7.047905443546278
10.61341481942478
8.125933345959643
9.934847258047853
9.392827156334068
12.07426305909743
7.47022425964326
8.21851281149379
8.21851281149379
15.552170278555803
2.8100327029702945
13.381287050319873
2.729630287855591
7.626703121537704
6.7265111247960645
2.2254330181992685
19.009311414883488
6.468005394938141
9.353123296096513
2.599426554559609
2.2703042828415305
2.5466672011000195
2.5213283279665935
2.5213283279665935
2.09454412909833
18.820329374931852
8.524050389308856
5.881091903869954
2.3606483995932876
2.0663024369307474
2.058763509984894
2.006072002796574
2.1709009482802855
1.9302760215459493
2.1373527607662552
2.1373527607662552
1.894860837118127
2.089342630731209
2.058763509984894
1.8713085355070513
1.8248638438646057
1.9597028440736728
1.933448006484369
1.933448006484369
1.9206327938556924
1.8833570169462808
1.8833570169462808
1.8713085355070513
5.900781484136759
1.7917545926444132
1.7395585419232436
1.4990450273332165
1.6907351226145317
1.4502261379094166
1.6720742912806876
1.404790675802365
1.3874832918265043
1.6102874761398385
1.6018771091738162
1.5935695344100098
1.3461856252945752
1.5534351669491981
1.5380119331488185
1.530425323761319
8.597030373035931
1.4795839630493521
1.465734328059256
1.4454989385098769
1.4068165131290014
1.394427005591365
1.3703435918158262
1.3528762134844792
5.5241239825237995
1.3193517261149952
1.0667185335565394
1.272321529348158
1.252562052312644
1.2477237197865074
1.2477237197865074
1.2241343564847664
1.2195309336429714
4.950081822684233
0.9905284183554054
1.1307541804528467
0.0
0.0
0.0
0.0
0.0
0.0
0.0
0.0
0.0
0.0
0.0
0.0
0.0
0.0
0.0
0.0
0.0
0.0
0.0
0.0
0.0
0.0
0.0
0.0
4.226215856284558
18.0736952246554
9.744336814977409
13.805050433195797
20.11688097235398
3.4616826434364834
10.116302082025392
10.795403635723378
14.134956039078906
9.267744058175087
16.863732132076674
9.903152284575942
17.72268258901054
2.929771465679781
13.015935141297522
15.939917215612413
12.887412137613135
10.437896262284454
8.537299424104761
11.4642197691805
3.181454182782051
2.4011039399265077
17.190814582326958
12.608208808238967
12.994598502816507
10.545860345121651
9.431078798822085
2.9890125689342995
6.87351480426276
12.383032879309397
12.286734969102314
14.50492502889067
3.038808285845016
13.977373030042065
3.085319350561979
10.507089420512154
11.494010857942872
6.623443629470881
9.378787852449767
2.625539162027667
9.756888755919771
2.699617468918696
8.404422411643846
2.8124835103703796
2.5331520040366895
8.954814920512579
5.588489277618713
2.3506317799430017
0.6182247448227228
6.525317322468606
2.25498060961373
2.5221444958922277
0.48112588257862987
2.128379134254321
11.986167717704086
2.501842136849478
2.4630009578018424
2.045123991075042
1.9710999799291864
2.3270242862554036
1.9486466124645394
0.5575051864399333
0.6017188466926877
13.5640853640156
10.175681661743026
2.2230897180920133
1.8601153767333256
2.1726970890192097
2.1411616130221
2.1259553415368186
2.0754157760164382
1.9850108080056872
4.130945321919189
1.9386451653255188
0.29981171626199343
1.8955012451307083
0.26080142181641947
1.629978659032378
0.29282148976062333
4.245938344002193
0.22985969417382107
0.22780159098619363
0.26317866166875675
0.20747360219053787
0.13328908091083383
0.16250838429569905
0.16250838429569905
3.655543447016437
0.10868329712545938
0.10218149510410532
0.10240015982697231
3.4915003554173074
0.08491674070658704
0.08166963858186169
0.08785469865549467
0.07587001365190042
0.07795048760945546
0.07693292216732751
0.0
0.0
0.0
0.0
0.0
0.0
0.0
0.0
0.0
0.0
0.0
0.0
0.0
0.0
0.0
0.0
0.0
0.0
0.0
0.0
0.0
0.0
0.0
0.0
0.0
0.0
0.0
0.0
12.68981198114034
13.154429697128174
4.2996928735995885
4.132535875139048
20.43875636192609
20.182443240885203
9.56765666922336
14.512565735158077
4.220174426406581
4.403245687129883
7.290968461496637
2.7708404312386947
18.205145535110077
15.971405320190275
15.412025996453599
17.66215688777446
12.125381504716064
17.54999142034481
2.3356876360589998
14.556055979123034
3.8114972550700563
13.366493959426476
6.049831791969726
12.470544299908557
12.73270997205914
13.888072976409802
2.962083719277242
3.306161807688753
10.489802220464162
12.52545519465523
6.516441430552602
3.1038145447493797
12.010689583556738
2.439149958143453
2.7497936037196444
2.4786029073563864
11.952540357690557
7.802008726720743
15.082546676010585
14.804459120581162
3.2732950797739893
11.376366373055795
3.204226692949826
18.447116150397832
2.6888305189479427
10.065463502485562
2.5343448386749206
3.802870213720392
9.206018271792505
2.446298986732364
11.096549572646895
12.945062795207091
8.875448807401561
12.994741774668594
6.340295664797375
2.683134281713954
3.631701048530482
13.081825417698093
3.064608387931339
12.763034376805159
15.855734446686311
11.333485950472394
13.499598058668118
6.032402483563217
3.392884140615201
2.729348655591813
14.210043273820872
11.680514893446585
14.83949424103518
9.861782386302895
3.063951170410678
4.051895036990176
5.439459765187914
9.72321679415679
11.689790172782315
10.715123057343455
10.042045043699524
10.569706526938239
2.7366878876670095
2.7525951737506413
11.159505508835533
14.88652835296689
10.04847126690816
4.847634282435698
14.030713175845843
8.274823065699662
13.903277934478561
9.045516654296119
13.002351446440013
10.015316552189265
1.7062969317477656
9.725557652226934
8.482319665397942
2.4333839257341436
14.504560185532048
9.701197010971606
8.440972933670796
8.753315028572276
13.798473324972962
15.196849836939835
10.716216395195062
12.980683182532943
1.51318641431944
10.67739739534084
10.664751730088533
5.547226959306478
9.949036099026763
8.624017716106394
6.713552610193575
1.9704288557972234
9.103329820800111
10.667890154783336
2.259687202854894
2.598527529219463
16.50814291011779
2.5874172971933938
10.93357760409673
2.8457759573481067
2.111613000642357
1.7808558375103003
2.1003359265180803
10.990892360190486
1.4777757212038827
2.9160198642911177
8.98955812662618
12.388222099926704
1.45508018386014
2.8441092705199598
7.670474572053194
1.3380695957538786
13.716553333094888
2.425059009805889
12.254820431806296
1.468506526042181
2.1671006170987934
15.922486816045849
1.358460771521363
1.4974147937555107
1.1640588312849818
9.029469872309155
1.178874928591757
2.849839869834169
1.9442934216481582
8.936072923384927
1.2797353700392198
1.9357728933582694
2.1666915250729657
10.39295575433687
2.270352273669901
2.0730278174460404
2.6316805790676723
10.972505460504829
1.475159187958868
1.8806531803125688
1.9479847602014109
2.390689150046439
1.450188161208711
1.189228789835971
1.2672664798445774
3.1566604439989945
1.5613369289642902
0.9967411401155561
1.0138225319166663
0.44528386571136996
1.0508016986306992
1.6014721847616842
1.8415075019929172
1.7367421818470004
1.8246782405254003
0.42680431217185155
1.0862033564788167
0.3650022507512202
0.3621066966399974
1.2600644752715275
0.29307434303025637
1.3826261055727953
0.28285254285079736
1.3120526645753567
0.20553091929828068
0.19329856136148282
0.2474646454924053
4.575372323109877
0.19518156178905888
0.15835489781698658
0.1897806507287129
0.16548087371727643
3.7104557202321913
0.1268877437887869
3.9868351316800856
2.3078176324116724
0.150884160838006
0.10663879081428734
0.10980435807714121
0.09590628069033942
0.09128462132476547
0.1408201753423322
0.14395757823041735
0.1396475511560152
0.11986429077709727
4.3659222257188945
0.10251760766157142
0.11278088883800698
0.09552584078002102
0.10710094295217684
0.05215280617054737
0.09295662850574629
0.04613876319550924
0.04527159642534681
0.04998002371103428
0.042343060762835366
0.06686793034904305
0.0782435847738619
0.03272663625393568
0.024003867154308592
0.0
0.0
0.0
0.0
0.0
0.0
0.0
0.0
0.0
0.0
0.0
0.0
0.0
0.0
0.0
0.0
0.0
0.0
0.0
0.0
0.0
0.0
0.0
0.0
0.0
0.0
0.0
0.0
0.0
0.0
0.0
0.0
0.0
0.0
0.0
0.0
13.758672303232535
14.047318821864947
21.565497303318963
11.07060242243079
10.763767479856034
7.985327515304615
7.831739050587927
5.394903273311908
13.664052819861869
14.831232372760422
12.235780998597084
9.078485699908471
11.403655934858884
11.95424521621048
15.045693338615246
10.740412672188327
7.710667295256477
10.369491987508239
7.879988557014918
5.336784705873562
6.747198277290792
10.745580896869988
1.2038652847702926
6.163522302087427
8.013082318656346
1.566720637444442
11.788338921096681
7.046881940605442
14.414434301761865
4.196864096664264
14.541528689469162
14.541528689469162
14.541528689469162
6.36976024105502
9.175641034356115
6.545409852403222
7.809350973762261
8.020038118552588
9.783134904765216
8.338734732872682
9.725202557523843
7.460682140126651
8.027959692708993
8.826593428808089
7.005903527410165
12.281306067461019
11.533860713401484
5.848300888505776
11.520862437156945
10.045094594940307
3.6585308795724916
7.532846109955759
3.2469652171558616
7.818523536684586
10.600348048109165
4.241364793742158
5.8278284019104145
7.713237262769501
7.690415456506076
7.3613427378756695
8.789405808690868
7.387080903517411
6.925728449968769
9.626136899807806
10.45351142151204
1.0737088485623913
6.734467644308111
6.799068031822305
13.281461738365623
13.281461738365623
6.483163700111789
9.389074550467889
8.002063745030993
10.361058071490666
10.37624414401369
9.424944091576624
9.424944091576624
6.828261075472337
1.3625175386658837
7.957651639129544
8.038665637773017
7.096763852452549
7.514188287749485
6.703361516861815
8.877604448400257
9.9680082574272
5.67197888257396
8.058609943123857
11.17500185126224
7.327021846017303
7.037567436106563
8.207733300324753
7.92014367986192
6.4189030943425545
5.606982397696168
6.759136938960133
5.925162998933159
4.536080067200117
11.419362123745207
9.3979738438026
1.068100553593506
7.319629556326213
7.401367840051752
5.901140098427124
0.8075942825432161
7.430419371387506
9.961608152425422
4.963848805000257
6.823790421668892
5.241394289921276
10.58597904843215
8.19505318669093
7.2331609425481815
2.9511779910057014
7.324223020525154
11.10481286160012
5.401143877285411
9.635432176687868
0.5883102975678591
9.80565108927385
5.44227309039285
4.696163390186817
7.8851806119550645
7.199130039365704
5.274547733513488
7.696820333021251
4.333535705600058
7.827988245825699
6.657822381607513
7.162660042536765
0.492493215626444
8.553745055247163
3.686891623528471
0.6119564726339962
8.516239359431179
1.084825263474995
5.520753508529315
9.99150423454365
5.800677122453358
2.823596308758991
4.939401655134286
0.5425086344957951
1.205744485310579
5.680206473850344
5.302937375756104
9.492737512893948
2.849852837720752
2.5108547042195832
0.5309113028337156
7.245964760975333
0.5193860745743596
3.607960975668286
0.32754277648442415
0.4780036145165588
0.46566430664249536
1.4414903151542706
3.360451817405937
0.6915830768605257
0.10707669847263446
1.7986217224617433
0.0
0.0
0.0
21.565497303318963
7.232461309223354
9.932684780433998
11.349116398274617
8.399648235873366
8.263970278122697
10.196878733290141
10.044290952179084
10.824482935003184
2.0860488532303383
9.861247018425539
7.441697756741715
10.814167931494449
6.303101325713987
8.773511279419926
2.448367364238716
9.099876164176191
6.473725946796688
4.166835304851612
6.136002574100157
3.6944226579288477
5.391453394974191
7.488510293996879
1.7232792629849547
5.356357193327362
8.12169941999119
2.55930571101991
13.137659013555268
13.137659013555268
11.05050207904355
11.05050207904355
11.05050207904355
11.05050207904355
1.8986749579506301
9.742618188418756
1.8875257756767272
8.82332556260715
8.82332556260715
8.82332556260715
8.82332556260715
7.989027977569887
2.290639697742758
8.131639847882967
8.131639847882967
7.587014857772366
7.143972073002996
6.751280307130305
4.571923028238973
6.774575598808041
6.460557388639198
2.113297711655971
1.8222966676497456
7.189903620027743
4.974081898827726
5.076402174600302
5.095856920469802
2.0510931883404413
6.3205322440022425
7.6772455334147285
7.773573555003742
2.0589829764762966
8.451863011958904
1.7425908766272464
1.9471905404033938
1.710416037010425
5.8716396786493705
7.875665283851231
2.1544273635614397
1.4237421325918485
6.055372455680368
6.472480787602001
1.8304926067943006
5.503660501759382
1.8203096451409568
5.473982301109281
1.426017890869243
3.8284143587375885
5.5972925501866335
5.167619613332758
1.6053634213341754
3.1902766752455953
1.5611452893178956
5.6061804773426935
1.6395372797230996
2.5417678233511074
9.148795404629869
0.31985846289566827
1.5150283778293099
1.498795662650316
1.4579880915461925
1.1974825449095245
1.4069890811746457
4.901636493705441
1.1446372366352393
1.356963807533032
1.356963807533032
3.196619257660753
1.3190041693394676
0.15935476805978424
0.15321472193572352
3.1781103359300156
1.10323764464893
2.83809473240176
1.0627167211964648
0.18583281749203728
3.4677439471431906
0.23531568934652297
0.18208702829854814
0.1519119597686392
4.110851548588336
0.09898436493604808
2.1726367076292656
0.10047125417928504
0.09898436493604808
0.09334070398648814
0.08970567887137175
0.08100669364305729
0.07552366241325756
1.8733830186350462
0.03371614867503688
0.02904333698550465
0.0
0.0
0.0
0.0
0.0
0.0
0.0
0.0
0.0
0.0
0.0
0.0
0.0
0.0
0.0
0.0
0.0
0.0
0.0
0.0
0.0
0.0
0.0
0.0
0.0
0.0
0.0
0.0
0.0
0.0
0.0
0.0
0.0
0.0
0.0
0.0
0.0
0.0
0.0
0.0
0.0
0.0
0.0
0.0
0.0
0.0
16.337126646635177
19.823923739108015
16.105714950459696
11.26000628064394
8.831477379710444
9.07421715151338
16.054261276946953
17.774003595659387
10.109545829807187
10.636579923525467
7.009550235930825
7.214479252244586
9.501858686844862
12.054650436241612
3.0318911787304668
7.480415176915402
18.101221530310923
7.7423616423773804
7.050442853873523
6.803085775648913
8.15879514732748
9.47420412918004
9.933920769207173
11.032799962328582
12.783804340267972
8.886063513965782
6.016742438180934
12.231418143598027
6.512229595657936
2.806435344643731
6.058029993286387
6.831481313588722
2.1836177480028724
7.666082786129218
12.332288775955975
5.811731555547083
10.047103969281782
6.61156163527673
8.689501418753736
2.0663474518398868
11.433679341955996
2.425629248896137
7.69249343387855
11.674020312461028
2.6198554988084735
10.60469446674631
7.338340533748361
6.220156465795955
2.094017992844717
1.8352057668194863
11.888549277352917
7.199676975774637
5.05035447713461
6.7864866689280685
7.726402047469468
5.149340782107036
12.576605902617
1.7146295558061635
8.219616602413575
4.28154690723501
2.114741216642761
4.53735943433801
5.7257203825998095
7.10054902960902
6.684644077893761
11.857353631345434
3.4980324200222364
9.06158357188286
2.287687587872962
1.4627134954657834
8.47192397265554
11.355049141252618
7.841100092743071
4.787098541981134
2.1870766054597928
1.7555443819105137
7.522816318474038
1.322490597358734
8.952711588340703
7.745928130454173
9.431283065105548
6.840902207943187
7.654285648531336
7.184333381272873
9.521616865414682
1.474324083078655
7.98543962510453
7.481990545845002
8.639601432146106
9.41580818434567
5.652404534318647
8.029038917743438
5.980528935809444
6.589975814683952
8.531227144503447
11.79904908345411
7.658739052323968
6.904515714605134
1.291279049178001
5.459370496846739
4.92828133262156
6.376796452529729
5.45876613599743
6.664190532604097
7.44831709923086
4.497860207068225
7.326725902019899
6.236682274765647
1.0275083027883893
8.565040752641137
0.9005775316678362
0.8505850403402179
0.8280700935908476
1.6073387764340672
1.7798089094423768
2.466880621030099
1.4935919488194125
0.543920211218184
1.9625485786620216
4.5936332643126345
2.5064180248310253
3.484287821732059
6.251455635961325
0.7182084427876504
0.39897418669582974
0.39483484586784995
0.23494887085216554
0.7561730500958811
1.0936154479057945
0.6570839301377389
0.6673233445893626
6.2289874356481905
0.548598193764564
0.9509256818650762
2.760758687143594
5.211349339528725
14.582699989104734
14.85374636122287
13.241027390444657
12.347965038079417
12.726798087190906
13.066345776092783
15.994201435365959
19.219898781471084
13.502934262458938
12.941223232644171
12.37128441409311
14.39345678149004
19.49785035449191
15.115281166614537
12.269221869505678
9.49481078103233
11.832622744275426
15.38121660452477
19.246305203443764
11.785464746220574
13.394710508254231
11.452546567260633
11.363730732980553
16.18030709198438
11.353826783736642
10.505018178632461
13.374913777905023
16.196563503650513
10.630922029585584
11.10231647358637
12.291173439000962
12.33821335527095
10.740307174559373
14.579611259490546
16.84970676004592
14.529044016726493
14.112414320305588
12.885425004868953
8.224499478145482
13.349288422910789
12.45524609232178
12.253777092773877
16.489068995179416
16.558744803754117
16.232240193497322
15.127488396426038
15.127488396426038
14.407121713389131
21.330082456163993
21.330082456163993
13.763088808229995
13.779045493599954
18.096172766162873
18.096172766162873
18.096172766162873
18.096172766162873
18.096172766162873
18.096172766162873
18.096172766162873
10.556780836325716
18.986386717011303
15.87940673215533
15.87940673215533
15.87940673215533
15.87940673215533
15.87940673215533
15.87940673215533
15.87940673215533
15.87940673215533
15.87940673215533
15.87940673215533
15.87940673215533
14.24691842459188
14.24691842459188
14.24691842459188
14.24691842459188
14.24691842459188
14.24691842459188
14.24691842459188
14.24691842459188
14.24691842459188
14.24691842459188
14.24691842459188
14.24691842459188
14.179290325379895
5.057301049235417
12.98535595356277
12.98535595356277
12.98535595356277
12.98535595356277
12.98535595356277
12.98535595356277
11.583528882264936
11.975927460940575
11.975927460940575
11.14664675623961
11.14664675623961
11.14664675623961
15.585053836398885
7.825164786946947
5.776061916885108
1.7005035654714302
5.454961039330233
8.815634469851492
5.339346120699427
7.280748981414728
4.621537433405969
5.932088692065082
13.99525201956987
5.470755781493586
1.572996452679115
5.248550466579717
9.059323852311989
4.506539644606022
1.8881860933759689
1.9541941953265731
5.964631263982706
7.106564970416693
7.536059127407603
5.3992921292502745
4.280722391555863
2.3343933972904174
4.680731799154143
8.02784768690153
7.494491233527369
3.0205227578894567
5.281235219030566
1.2768955072329218
5.853340946477462
1.892605000921452
7.177469774120019
5.88917927362538
5.684940389884502
8.429549392590456
5.359327705505881
4.046090689605316
4.333272503952212
0.3257494803570358
0.0
0.0
0.0
10.972070322683043
7.229712009168519
14.971954724440348
11.585618168071875
13.605832391184105
11.931043433535725
15.016911565405065
11.25127688303642
11.537124716801987
7.606121060835699
9.599523447805142
9.150995175255115
18.665184220318594
10.802984206664332
19.337823482511823
11.484742342609954
10.081127912108904
10.64545214243948
13.142053404055288
6.839219724327084
7.281861214807861
10.503929115426821
8.917466812486646
2.8439518652248865
12.410892506089835
9.973488913157581
10.897999703935403
11.25691080685959
6.9764299406546995
8.896410004383302
10.461075836626318
6.45065579463906
14.830686608201479
15.226072061016088
13.110857464904912
10.30955498234905
15.834246885364298
13.731147528271459
5.616885699762027
11.915340853907109
10.080901997286295
6.281469943981121
13.392447549531864
10.753918132686362
8.241940761139626
13.9083881615548
8.943204688936333
6.809674525879533
6.98535859843544
10.175717337007454
10.389167582625577
13.139841045204772
9.502804392746786
10.13565120283615
6.765599838702442
8.698400008651213
10.049167035667745
12.548616580510494
8.609829785679215
9.190291126678288
9.977021192169692
11.520555369893664
14.360316721798734
7.606537143782933
9.405501535013128
9.914824111182385
9.413430821124074
12.357031823925473
2.7477149328189565
10.353694359502159
6.804155917710474
10.394195753991607
7.452369260805531
13.910992820062956
8.237588923026914
9.043648567688914
12.189009847783355
7.7516790908787625
11.393786874552067
8.748811180186292
14.94058191757564
10.384807730821759
6.516509590379044
6.155045221836506
8.162059067527958
6.514945854881062
8.84096612192024
10.392030410649797
4.022293379134081
13.586534799607545
6.930717478215483
12.983348994612069
10.169029076977376
11.933641848086097
12.20051365790722
3.4233435706547586
12.426307589187507
5.536175693544405
6.451356007641376
6.065771139668663
4.580166457876059
13.099784508078542
5.6512006819986125
5.4013042182409245
8.559531361286126
6.416286559125676
6.100162279823243
3.9466262753765586
9.725286228246022
8.792650968559268
8.945009473575654
6.852865929585988
1.3415834111975058
6.443013305756076
4.9110656730702065
2.138514892854911
8.680015210402114
8.074054717195917
7.3577356216198115
5.511495238135379
5.545678584572612
7.127757211897454
7.499697358917619
6.17028612883348
5.566744213913538
7.3330769142473375
3.3914144136164626
5.093995965059625
8.318811356270961
8.243471279258161
7.2965027543408025
7.824535938927415
2.390635565846103
1.8621684743692388
3.114896944315385
3.3261292203698845
0.40593921820987594
2.349395799671706
5.3299319941436005
0.0
0.0
18.195582166615267
15.571840634899988
6.182734270442056
19.58707515296427
9.070956445364905
8.425463097491933
11.507518520738422
11.485338596144297
19.199602578341587
10.671634955442938
12.14260942127626
4.902423515217332
6.205599176874019
11.218708843153772
1.5810409281392852
8.695991880354379
10.037894188580514
15.923609690415617
7.389843582642434
11.882035889544692
6.951210090427455
10.622231473466833
6.961205387943346
6.120375187320065
6.650954843237472
9.835700612789847
7.758088753989728
16.356769607728758
5.416280166351044
4.863310912493629
11.167270768096099
7.445203864270522
5.145777882382218
5.985894544665706
8.103899267375136
10.749476489838894
6.825639000662467
1.3269494561682513
7.4708479911855585
1.4074626357721822
1.8476724554449282
4.71828698365765
6.508278758487706
1.7080847975880693
9.827237130964026
6.818021431165
1.2633753711601738
9.344124224218719
7.6304685891188555
7.9669413194718715
7.836071863123881
10.258761714440789
3.975757806975272
9.445705763019141
6.668577831993194
1.7876239611988145
5.9945560990048
6.2334979689343815
5.106711750410533
8.32918256853449
7.156220426215408
8.729818266922209
9.143353942031704
6.4208722208478575
4.984458285946199
7.6601733989580865
8.966677483971338
7.489417927151847
11.366768159996923
5.1919577954492855
7.845316544851873
7.556129516268834
4.954377341109287
8.193571416572757
9.096247267079073
10.398900868911937
5.150366237952731
6.1305201775121505
5.884237907980273
7.909776090938997
5.176972756567253
4.282335618788038
4.866537163792837
4.866125199970046
3.7127961526975795
4.18493531636266
0.9502773101553977
6.906989587966527
4.68820830552466
5.209090896583934
5.540466555499741
1.3259036842767808
6.164066365213665
12.474170265431932
7.903346511260988
4.710930616948878
6.83445053675807
8.293326132408803
2.7852733673096357
6.514508531800921
7.312271022652985
4.404764192085244
6.036348187070692
8.559462026674815
9.614614009022818
5.657895078422297
5.64259268843289
3.4634081087944795
7.39824150137111
3.8803146811312987
6.387816390538958
1.0490974897551286
7.832636671663501
5.754020108897874
2.637819913450561
7.741052842215435
4.648853990645196
10.336917339754883
6.823600105125124
13.855811716651699
6.474272915672946
10.366013652064506
11.996926613267492
11.996926613267492
3.167709184572792
6.8621582886352455
8.47482225965924
0.971244393020294
9.586866637019758
7.646285651236984
5.939042006907516
4.547167509490659
5.792143118047492
5.809710069209146
4.86321531406723
5.302887096844949
6.736387347461013
9.125255869420478
8.264252510609444
3.5746055817236786
8.242242739160778
5.531223191373258
5.9108779066532335
7.939351598275833
3.9034944749463407
4.496703179417294
5.235987645330071
5.38582668955638
0.8997836869979231
6.4172196243541135
0.5484218063551266
0.9537658132461988
5.165257092484421
3.4470921041237426
4.829322871700428
4.266338544670613
4.6531600930581725
3.819548116268654
0.8413835889076151
4.587234620505942
3.342853729129079
0.600621163109173
0.7455254928100531
5.327538695826747
4.671315585759706
7.873467397184607
6.306323973536518
1.9606707404819912
4.987843759604342
3.4835883236122336
3.2596362788230486
4.84367713368832
4.877338938895976
0.640148099405159
6.125409522138814
7.09828113521529
4.186925925674591
6.50129611620808
9.35873681496634
7.9073386918154664
7.9073386918154664
3.766662049360547
6.162866164536034
6.162866164536034
6.162866164536034
3.7173680143195433
4.171699738237542
0.5528812260296783
5.1224288449009014
6.581769512623808
8.633671107519243
4.418001019786071
0.4351141819420576
2.6242924097396525
3.903581824816976
9.61742647334541
6.949729498225296
8.152065263753677
8.152065263753677
3.0987657929133063
0.7715852311763433
6.386094626955035
6.386094626955035
0.47698538462991247
0.5208016145895158
5.8007816584810055
3.0195251863868937
5.329682437572632
3.4303764235124783
4.3319000250493795
3.8339413390028043
3.5107685740873738
2.196798163560912
6.284991431579948
0.6509126104274486
0.47452982860337384
0.29611991507111224
0.32279743343243383
3.606443135930478
2.6388157119403157
2.2879809103787885
2.3903774967122793
2.5451556745307022
3.951349865731998
3.951349865731998
1.889745845458396
2.5864009587612995
4.720113997462191
2.074162770450685
0.21938586928773543
1.9736445121646724
2.1155518264146767
2.659637770865426
0.10286372829461791
2.203681913882389
0.0
0.0
0.0
0.0
0.0
0.0
0.0
0.0
0.0
0.0
12.031837562649528
16.356146747573778
8.985680269965664
10.829017012547144
3.4306097721600977
20.091769493208044
8.791982306017896
8.562994328411229
9.065275132188507
10.576531417008042
11.946516233375073
2.5721401222983977
2.656804855764202
9.339704712872242
2.958137788019482
8.970506661948171
7.312524980598093
9.728917812674272
2.547990553382226
11.485779822612331
2.237458567875834
9.4525514262623
2.1382788979816065
7.184042497471202
8.338977170676568
2.116808322286874
8.345197031990491
8.256886252295494
2.1899486310573293
8.08479992406465
11.96340331262077
9.790522543880433
8.710485123138163
5.508319344955355
7.128532785829348
14.914943195809569
14.914943195809569
14.914943195809569
12.542278572170359
12.542278572170359
10.91834438239879
10.91834438239879
10.91834438239879
10.91834438239879
10.91834438239879
10.91834438239879
10.91834438239879
9.722717079184186
9.722717079184186
7.049770356716486
8.798368296822995
8.798368296822995
8.798368296822995
6.488738711766253
8.058218278338668
7.0520040343246455
8.893954554507044
1.471385545393316
1.4249103012038924
6.9198128023732925
7.706750998077238
6.374846592527132
8.36664723055252
7.045337304461529
1.1747354361258977
1.1513477409213628
1.1467908411323486
8.213685623452202
5.879626586068388
2.1156290361314385
6.846642170336868
1.0634317908564859
5.734595158562152
1.0195038058968735
10.742384119788797
0.94249758862113
8.037610240679872
9.095717221811109
0.9085082170935007
10.418555765187767
7.120059831531387
0.7637622019837673
0.7454103020592768
5.863992617582472
0.7212241622050899
1.5623754282346296
0.4200775603981904
6.102188619634068
0.39923737062827164
0.3953163888766907
0.1059949508882556
0.0
0.0
0.0
0.0
0.0
0.0
0.0
0.0
0.0
0.0
0.0
0.0
0.0
0.0
0.0
0.0
0.0
0.0
0.0
0.0
0.0
0.0
0.0
0.0
0.0
0.0
0.0
14.428577949877877
20.006557951046336
4.0479520681455545
17.57090896859394
13.053327264735248
11.229347079593673
12.216804274791285
11.619407777812455
3.0382465203762705
7.270381127140784
19.368557674520314
6.461874866883688
7.958854833074013
2.4944916322953206
15.537719023345469
16.700729858835913
6.984161854829828
7.615136666826436
10.719119813231872
12.299412191673062
16.16423474374442
6.584035780568711
5.151873171854888
8.798504143356304
8.795159138185122
2.1407215290213935
6.89800804289049
12.028875521203998
11.80052210359058
11.302466283388949
9.887658378444348
6.482084188732728
10.692418240935071
2.735483055898002
5.518311355717197
4.859935622119487
12.34691812227757
5.919090827749495
5.586317825629796
10.467866138953765
5.663448049085086
10.574905760211808
7.425242402676025
11.046420746306485
10.98250816392645
7.100309400640179
8.110201445640234
7.023630453300607
14.787974893434322
1.7544493650564497
5.332258180341064
13.140994192928286
14.60162455452633
5.1666448438457175
5.505391622442583
5.7431368715504885
5.864929857747738
9.264883655516977
9.024468589028348
9.59943671923154
6.193351201404569
2.929180568375472
8.59865862908483
5.575809731458737
6.752756208239408
9.354720492697385
4.458961723769702
10.421435424985885
4.677837526439792
13.561352311374058
7.614368015811627
11.654810874150597
11.109959640043357
6.8095583397194694
7.782069675216268
4.505040485959872
4.549674029638348
13.221249837962926
5.430763139425685
1.2662099096852433
10.945682064379936
5.5297657357150145
4.346877078901519
6.109102498475952
7.367274174671451
2.085014190501151
9.165245986168426
3.1506698148306214
11.674625678322274
9.7933215929136
5.955776412169669
11.55389061055886
8.19843840732533
9.63780676967837
8.813786040387154
4.15263076749469
5.637858302066056
6.16019584708271
4.389588081580407
9.247920830877673
4.996966942044906
6.421983801500631
9.921250814475092
4.10720599368981
6.473808038068745
4.353132597173092
5.249760732303707
6.521005367097013
7.24705824017349
7.612238454682539
7.53498424983453
4.55018149177635
3.7213600033085483
5.013227203220246
2.778561265715002
0.9766729212410329
4.073751930912341
3.785574516329629
3.6108572769727787
2.685560567175594
7.087743113381775
3.908318162692767
4.332140866421913
1.0015041653535617
3.917404942403142
1.2049324134415034
3.567044927084346
0.6975614983645294
3.4054082438163404
0.6432610306075105
5.250272008114665
2.919041708125194
6.017243595267693
3.9084322327060246
5.36032080631155
7.064581975153775
0.2510896401671714
3.3928464224515924
0.7175990691447941
4.243387632703576
0.1423871571649776
5.25678591017071
3.735997870394938
0.15026400613759894
0.8253255133518895
0.427123495444634
4.349212690442524
2.670341055896501
2.792673097527401
3.8141687356639182
3.131855336896349
0.1756883394569898
3.7334122484265633
3.6798641077298173
2.7144562132950543
0.0
15.196647636319133
20.05123195682456
9.204125251329398
20.612920870066954
14.127170154699066
13.25989626888339
10.332729010706718
7.045470383119261
12.159586754117816
14.572153803244936
12.22680558752841
13.492566327279969
10.26651719554461
12.540176053463487
12.540176053463487
12.506496554072632
11.19848444536137
7.961768996889991
11.298382844490394
10.153239647369217
11.90207150902667
10.096517418413251
7.952398225531313
3.3076719550964313
9.475266412373538
3.2967126958562103
12.807386569139648
3.0664265794810857
6.77597926865289
3.1888324318392076
13.958164092834215
6.071975530750392
10.183706221838944
9.353970932794878
10.694181635717445
3.0537805662549777
9.648065101101901
6.7943127762985025
4.273334242668276
9.12337773440191
6.611466493372722
2.803233943843937
10.285818384852448
5.4644643872037175
5.842481683117565
2.9036998222139907
4.956296152358498
10.442104985507733
9.11865929741447
2.822440939405837
6.854780647461411
2.7130174152119833
2.5332617250335883
2.1170540051812563
10.015062804856676
2.5709895161277583
9.539906278933945
6.63745965180472
5.13851462743717
5.171955195665406
5.927068957169516
5.279232438199517
8.314979336710161
5.24929655466983
8.800647533846378
5.210485502937545
8.022544655613297
2.313133436522795
5.3632043141062695
7.601512305117596
5.682711319121718
2.2893128656616875
6.305482717235868
6.711239997537805
2.248833097214114
6.868633693857394
1.9689971066848406
2.182574663704403
11.259275559001576
11.259275559001576
4.7546797318635035
9.375367518170341
9.375367518170341
7.320875437162651
8.205590154993995
8.205590154993995
8.205590154993995
3.951181649187
2.1214299095945286
5.472578027610541
2.0966228052182774
6.778098875164638
6.778098875164638
8.237369549012284
4.49687730966779
5.911103009226301
4.408109399103567
1.890659748126865
5.315141939204553
5.329974537164696
2.0192637643557427
5.692392343225744
3.482400223761943
6.182353075582744
5.077885352409663
5.638316853532051
6.455592349884669
5.656262297755403
5.919005559829301
5.853399684768052
4.634155352858596
4.915572855429073
1.8318947062738724
8.8615840703443
8.8615840703443
5.2044277411646345
7.700119870751813
7.700119870751813
7.700119870751813
7.700119870751813
6.146396340666922
6.890688169544812
6.890688169544812
6.890688169544812
6.890688169544812
6.890688169544812
5.5709133016393135
6.285852928667282
6.285852928667282
5.81233315821471
5.81233315821471
5.81233315821471
5.81233315821471
3.923512124561908
4.133399936487592
5.429000013189152
5.429000013189152
3.4438464744307518
5.110719217883817
3.39161382169349
5.477489758611415
4.841116077840061
6.664963036704002
4.734790783470634
4.406724541507083
4.527266314818771
6.759624119254024
4.828987100923485
1.40999558673007
1.093383592077624
4.799325680211566
1.1673324289181592
6.271742000367316
6.26099194727747
1.058275741793337
1.7147720250148317
5.023403536908742
5.112161151007003
4.3420913041162175
0.946661816706874
1.5533372984570761
5.313299930841337
4.418301757735349
5.2964175675282705
0.9058997576160003
4.797697739212092
4.17929178350382
0.8201961887686537
0.7957894977980202
1.0106612751732287
4.522714358772619
0.9594458729488259
1.13344231698894
2.3204234207564873
0.23212712417558284
0.5592158775785557
0.10513588043393021
0.0
0.0
0.0
0.0
0.0
0.0
0.0
0.0
0.0
0.0
0.0
0.0
0.0
0.0
0.0
0.0
0.0
0.0
0.0
0.0
0.0
0.0
0.0
0.0
11.414734744282166
11.332543590567123
15.929343258104375
20.369195722809135
14.604209085994329
7.705461391195215
16.018760340719613
14.394495425030364
12.535853146373228
17.43643762918943
15.496700870057706
8.345408354642709
18.481981234017194
12.462678459551588
10.740897944891005
10.886250823690354
8.956733958979243
11.916807155436304
10.72595565809042
11.87806514502108
10.77493909027404
15.195724189185519
11.17161285805174
8.371404990528374
17.387714159100316
17.387714159100316
10.418594843459728
15.798399014875766
15.300545927529619
12.577375653325754
14.521290660960947
14.521290660960947
6.557414699388618
13.468086047908713
8.682918607370151
5.538063620584452
6.667066415329685
11.823206936970388
8.180896604273142
13.601332835235908
8.370412540596273
12.078884788478163
2.048301679523231
8.487363939227334
8.487363939227334
8.178266745804109
2.3561557968780455
7.894092743992416
7.894092743992416
1.9626842011670527
8.107593388390836
8.221205304629965
8.192613434166717
8.982906198566157
6.8120080032517665
6.234487457841708
1.9986404511979479
8.517374062156161
2.0027325060491243
5.634760887116396
6.4493076566304754
1.9000853017686574
1.6779428406391195
5.6487251430452945
1.8120745607003519
1.8366415963092546
1.4916787731952013
5.264756686152553
1.2602456450839223
1.7201980806341366
5.697815846516484
1.4206005822676828
1.5651172146684864
1.3520043588455755
1.4655929682610502
1.5672866721628762
1.6138480134740092
7.1905039342453545
8.165078403768742
1.479354383445909
4.69413886404426
13.869363320359334
9.3666452456375
1.2909636607366648
4.06107172004229
4.6589876982525
6.205727090093258
5.668374422785838
5.5106106554358485
10.798412094863219
5.429285213872517
5.179367024290508
7.336093656577214
5.131875113016525
1.0020166183068444
3.5663602115326363
4.021567315829075
6.369465021567129
0.9855127138327738
6.726856070092834
0.9599053168497835
0.9599053168497835
0.8866562893635654
7.935233444538449
1.5360075539022358
5.406043015508576
6.633575113100574
5.701977825847296
6.067242690551285
0.743628469565685
5.908920571108802
7.128121113710394
1.2971328664652149
0.675706623442168
6.28544901032405
8.889703582278624
8.660433895281942
10.56218834528027
0.7009205711603921
3.4097424182135856
6.117983876948348
0.6374533474469769
0.6268139596464519
6.701578370868242
0.8822781260802718
4.899517016746768
5.309124470228777
4.202140457739628
5.67922154360996
0.5322846427537843
0.7596679200685202
0.6520061629200781
2.972287273105574
8.325752742785067
4.347973182659153
0.4589577391442284
0.7358557282215153
0.5782445872504473
0.4568472719166343
0.36620719743176544
0.34983457949680785
0.3131355468617657
0.29824922870871545
0.2873316564865477
0.23216076059423357
0.23216076059423357
0.2287875629122485
0.22232086342554114
0.14674698869261701
0.0
0.0
0.0
0.0
0.0
0.0
0.0
0.0
0.0
0.0
0.0
7.257674316361541
13.36533265219869
19.367206253007517
9.961615907765776
6.031147295595428
19.713562660257324
3.466813713246688
2.008674919144488
7.373010724987399
11.033339521010618
6.932356310116061
9.397542341932368
12.891556830079454
12.892301264901038
1.9719789588206424
11.014470190122536
11.827131140969472
7.711369478419967
10.517696936492221
9.249285953035109
7.480204109601155
10.677678004815899
7.0072667165855504
10.852111817217148
5.9270230192459135
8.13953089247898
7.897201915559391
9.13815601648249
10.804492592194924
5.906143926908083
5.925033122559639
7.501903792736706
4.998253381791933
6.107866396029859
5.7568662408952935
6.784670707426515
6.917196054784697
3.4378475394008645
6.415023099216834
12.366440916590967
1.749051312765895
7.6143341443259525
5.973277509713916
10.135037030846096
6.320559389492942
9.113170145455456
11.265371323192554
1.1162002276384224
10.447454861200315
1.295327710187892
8.438155880927878
8.55275693639067
6.2299563531064885
6.3736553675061325
5.796579197416515
8.34136100349764
0.7228793438203441
12.809478188483485
6.623403957517415
6.056944986810137
4.1473455189611705
8.032615400008318
9.579413251859915
1.361636755587925
7.010837521368848
4.403163969942138
5.607338286963121
6.946626869995538
2.712308350568219
6.3290619546231435
0.3653179775311722
0.7493789626826143
6.9042175752604384
4.567626714044929
8.212862871430477
6.523239387801375
2.6529114243414518
5.8039900228624255
0.5200444776200168
2.961409938822317
0.48147846320406573
2.561280167442496
7.010997858135005
0.32223676650208316
0.2108788001845977
0.11282239179790791
0.06420889874869318
0.0
14.604996492219147
14.230928599128248
14.230928599128248
6.57303482502011
10.533731805158673
18.692481934978336
2.2136151986536237
3.195220622609711
10.194151555528501
5.138547355720641
10.213391687945276
5.510760511080494
10.841824398989521
20.134473269896972
16.98746067848507
11.308766443984549
13.240548159776207
13.240548159776207
13.240548159776207
13.240548159776207
13.240548159776207
12.012264283373591
10.657710795737687
6.0706823867379445
11.029337888397706
11.499285109484545
9.757314205694751
2.397876857903411
11.664322536393717
4.543724969071829
1.5228756400275016
6.99033092656241
6.99033092656241
5.897936967486929
7.152775329915286
7.522008672820874
6.448842447241187
1.9684913452147252
1.449933651290471
12.77994109651811
7.345722666095554
3.7532792352396434
12.69328588557875
1.4309018290583335
1.3480633726827786
8.424475085554354
8.228001879136082
1.38384350324425
1.2367763674443553
3.0910910716206548
1.377521145654337
1.1430944324821573
1.218235889974732
1.0323334130567068
1.0712193518698292
4.405419530759589
4.797543385816909
1.051782921378443
4.415803206742001
6.108326553086067
3.305241603747943
6.870485754960186
6.765077809936581
4.69425963765555
3.5183669974633895
0.9111642974487837
7.337801386286786
4.624711089690443
0.8984746898346682
10.90961500482365
0.8897099502529316
0.9729138411096099
4.57551373988394
2.506448121554953
5.650627522518344
0.8844106200193436
0.7990844435556689
2.8015118554054905
9.473192394778199
0.7243266796846327
2.6766082577021018
0.7346676758702747
8.2811037544334
0.7923168738139019
8.148215102118424
0.6219997692531534
0.579918522047436
5.286450470319853
5.700340417395337
0.6700793744455525
3.183753557703038
5.457329258934903
1.4652889064189043
0.6087437625702583
4.816995124103153
4.7944275583719556
0.5875520029803405
5.394636313054047
7.768381191383937
3.599430622864383
0.5527829083629366
4.014420130847681
0.7175986653137717
7.083685923426
7.083685923426
0.4611695785855939
6.061618158920464
6.061618158920464
2.4299738470007224
0.44196256626050984
4.192369111483189
5.315037345189996
5.315037345189996
5.315037345189996
4.742253035586916
4.742253035586916
6.197452125596057
4.286948717648769
3.9151547023821127
4.6357367695361615
0.4160652218221476
3.6050369669390063
4.3961787126051535
0.4281308692484175
0.4206222151254947
0.46796243308419533
2.7449313617278266
7.503692097023803
0.6457003952264002
1.7578446768764224
3.369263177844936
0.30816234959340755
0.26473667084520075
0.28312928605528676
0.27134083652427965
0.26473667084520075
0.26050793183661963
3.2676000254500135
0.47759098496188895
0.14852302303480633
0.0
0.0
0.0
0.0
0.0
0.0
0.0
0.0
0.0
0.0
0.0
0.0
0.0
15.623780250108993
9.714917824744177
8.809598847072806
11.32210693558347
11.157017383856246
14.999536161226535
7.151759300235647
17.34657866999075
8.90882524854969
7.750453274026009
4.79062195976059
10.016013321871043
7.390821412070746
9.411165457715637
11.017078700305595
10.57537291257812
11.243263938200945
8.751162532180047
5.84414064977814
9.458270833610676
9.731697830991655
10.574051830067635
8.791045920492783
5.468843691902033
5.616922784609494
9.569380253671241
9.976596720631164
13.903929220540608
6.767087226103512
10.609455172822027
14.560763551192458
8.3210110131638
10.50353537573878
13.239482692990432
13.239482692990432
13.239482692990432
6.86779609871043
12.158721156246008
9.066773994321956
11.726662993382817
3.9543809866357216
12.561220749854716
5.576736576763569
5.060367798761184
4.816904851926146
9.829907456705024
9.829907456705024
11.033098208413362
7.520146511530109
8.543387539897168
9.942327508562883
13.143777355922072
13.78970182369693
8.550745500729997
10.585018662813917
5.75242709186194
7.28118871950107
4.2290340309837005
7.001832858228738
13.742281499845243
8.270654772560876
7.211419941646406
13.507022906539865
10.39441892174821
2.6927467584913134
7.055485569599135
9.60436299999902
3.10600009279047
9.710505894008477
18.426840738919402
6.616719836639084
11.636279300256279
5.209180068576217
5.780002687774997
7.8920686601236385
8.235964934327708
6.328838296351912
9.55153139313435
1.1714239568086928
13.639446445604987
11.863102231716383
6.410729607674794
8.88947501929161
6.26759726418513
3.815273665205137
6.004322838590783
1.118442095699226
8.582331871819557
6.622427031638108
4.7783243558595245
11.82852463321324
10.251531845836897
6.413932633298573
14.560224194138424
8.289032912188276
9.622602470577778
3.707734811744879
4.903296663111156
5.379068279352849
0.9789261606302418
3.6842580535702374
11.848088616053255
11.848088616053255
11.848088616053255
7.091094996680827
1.0932345564345436
10.051312389882295
7.45609292560893
9.14662055762412
4.766476675165081
0.9920117282109542
6.30910616115258
8.036083166856027
5.162509512247959
3.5826244236791194
4.265138268446733
8.125752687493959
4.284105723906925
6.385397999519704
4.917779752756039
6.320007937612647
7.653738836667109
8.683677112547233
7.411995346965368
7.9898596318862225
8.76916097818383
7.8469614393293545
12.896517327393113
12.896517327393113
7.369400198154717
9.584392765680482
6.632873899308095
5.589746280686385
0.7136191860806607
10.268365016740711
10.268365016740711
10.268365016740711
5.411427405557663
3.426609723288741
9.352555576318759
6.645135174351151
6.077342011841657
3.0667498433598768
5.265447929380163
2.1898731972448866
1.0455339214450936
6.963839303963377
6.380892224180086
4.456951428146935
6.987075503827738
4.0738877162412175
13.080751977723601
5.448184855706317
6.201274027870895
16.924141033886734
9.728643393148076
3.6823850069673854
4.501836904718035
8.4213567267782
7.816411801513868
4.744886785392516
5.524607967067466
12.126749119128426
4.538433798353139
9.406914937918103
0.6716614154511914
5.918913340912671
1.060425963949795
9.562654335705439
0.743417445403992
7.1289865584777905
0.9477740144471027
3.850586803457443
5.263182185200293
8.174333211117915
0.6145261107249016
6.35163726394724
8.24133970375465
5.874833176482743
5.464814882293757
4.515563346262118
5.3241397431104724
1.0443290152340583
4.290857779907258
5.07435680143093
4.081352331533041
6.264209144620289
4.02301068573111
6.46405127614204
6.41927502238182
10.107569547345188
4.436930744044896
0.815665013915294
5.072673687298744
8.052213915773782
8.18417605556955
0.5244952769871118
3.6443259220611175
2.939231806889039
0.5861325470628953
0.5769539871736967
6.617965663076618
3.4456676825268784
4.389064800548685
0.8767265939967506
6.003562913710707
6.728004487456168
4.454784325904417
3.4033968076695116
3.3574974333261283
5.638647326984651
0.786555867604164
5.119003690670455
9.217471752898597
4.1994750697701555
3.234925375510635
6.480552398272619
1.6741193645499766
4.148238625975417
2.656122774223479
2.4876935497138355
0.44625053211702176
0.8315311651832016
6.087172736365397
3.958080716779366
2.312594181787574
3.6250651480742078
3.6041617426575345
2.9519184124509716
4.455218563007751
5.477259083047773
0.5684402705840558
2.083652174651165
3.7489561114177596
0.47656664199813575
2.9480870693986914
0.34467751622660014
2.775839858093251
2.899151625646837
6.748752614228578
1.0340840674529346
8.986953196800174
0.40257346942523586
4.548527590860722
4.60456301785582
0.3132955661434909
4.643663522694496
6.633618888035312
0.3379684275929025
2.79085507752092
3.9445342286582386
4.1764833204904255
5.70776199758482
0.30872186789090056
0.3511604468967698
6.649411300051242
6.649411300051242
4.552452586820831
3.8254069309125733
2.168262728266603
3.1222483192351964
4.125299961749252
3.798596508848557
3.8479952885792077
3.6893870761083174
5.419913007341084
2.8007883062896415
4.742948920369656
5.378335677198124
2.7155804384715574
3.3699819675121607
3.3699819675121607
2.5717713149154693
0.4755731657962713
3.1106889440663688
0.4094145081405548
0.2923921799326868
1.2094432425521036
1.817429437535064
2.6193343764601886
4.169287530870298
2.4536789983284395
0.2135400330647867
0.11043205970153944
0.05390390666614252
0.026911323574445287
0.0
0.0
0.0
10.21849989034217
8.26236794777222
5.733618256065687
17.404661360830048
14.451532006600123
11.642201786589414
14.226242616888998
9.2513402021101
6.025413189751058
15.264592240059418
7.545691473408796
7.800390957571991
1.8216475770666938
11.677241426859938
6.0491037921686805
10.448587362108535
2.107163242673585
10.201150579172642
5.741556024350771
9.836325388312257
9.5883461051836
5.317874305362021
9.66186968661494
5.6873052208654125
8.520217927383985
21.2405878869749
9.693173510418232
5.607875073580911
10.75529377543112
4.757022652618068
14.796811653224008
7.379792071883071
13.091335802768597
7.003946801344394
6.161884437660629
10.832660245386073
10.832660245386073
10.832660245386073
10.832660245386073
5.797420414090867
6.201330746890606
5.8007297258577735
6.346352132346456
6.397218641402152
3.431892287491914
8.927330468953382
6.839357191703974
3.9251817363543235
8.787899534023403
6.118098102317278
6.004978672699121
5.291630145079346
7.428635860874553
6.875886220352916
8.753444442557218
5.655063252916985
7.1465934912673506
9.412438827540388
7.830509079444891
6.371969729195649
11.23750445867078
3.1440560967221622
6.3035971387586205
7.166604167487745
5.4971855704971375
6.771813905677321
5.831835916615704
8.456196712800304
3.841157069193913
4.3108377707611885
4.332126140145857
5.071548365023277
6.606931815921816
5.509238232846899
4.741992723306635
5.180772582424806
4.116105962604186
9.82735547217112
1.2645552592276539
3.9359364268751627
6.082426506237633
7.480458526482909
4.126551838065478
5.225614010560139
2.9191033260871073
6.00066998731368
4.487202952417359
5.226429392566816
4.996008533406796
5.036709062016688
7.707115853357642
6.601279696497767
5.612322395563765
2.9453132822683363
2.309882451515475
6.191370397550646
6.5060704230048065
7.478343575037473
0.970524341017257
4.178331793503538
6.381637609866312
7.205131695991894
4.642233414755033
4.876968913300373
4.46978054780181
6.285859690356533
4.827958410992688
2.3335310432589034
7.040086812629728
4.736648983423186
3.621558590843628
1.0291641959667763
5.506391466719181
5.406366637317664
3.956938560402248
3.204536833762324
4.56637672655883
3.126065936482264
7.148695768041837
4.6183175711422235
1.0034023304150803
4.894591142260971
4.28172162405071
5.897138517612183
6.081128422958944
0.8337200467802461
6.947363227248943
6.292041010822884
3.0774505094880142
3.2760606377942803
3.961178236324949
4.720557303247518
4.5509220609708345
0.9944717314721129
0.9838744147701366
9.738970517884782
9.738970517884782
2.584167682635154
7.782112521822832
6.582112138460076
6.582112138460076
6.582112138460076
6.582112138460076
6.582112138460076
4.846763291919763
5.140124173082013
0.8092976082294359
4.66328737968758
3.2200356198121542
4.227854357203808
4.779040118718057
3.7317336469494675
2.8046146940953633
0.0
0.0
0.0
0.0
0.0
