0.42372603665559067
0.5567724711069725
0.5403601217316631
0.3918892707789567
0.41367640318802373
0.4059932965868387
0.40973305641451346
0.37262712500835304
0.4612667828166795
0.3043359317774041
0.11255542458107491
0.35315625932555755
0.3554617531230215
0.15881594581356587
0.3954690548013932
0.43376918787027946
0.27273207955132023
0.2899416042793741
0.36481597433096
0.34570264292609804
0.3290307797756841
0.3588074971450009
0.06275995129365154
0.3742440359619214
0.36746511915485325
0.35135674558155255
0.35679686665048777
0.12058279071523717
0.36512548405573225
0.25735473704468714
0.328475495240471
0.34396734617333974
0.2371595765933876
0.30512939285120155
0.286665698572225
0.4120945284120144
0.2952909979496
0.2777230465250355
0.2985373297351796
0.315492963401317
0.06810410673452447
0.05814729093234126
0.06757442783466694
0.3135297871798558
0.3352505720222288
0.4594027334704406
0.3233837956056426
0.3087650462953657
0.36235246854937825
0.3467001473669248
0.3467001473669248
0.09443177624737083
0.3338409765682437
0.3338409765682437
0.3338409765682437
0.3228564689944825
0.3038289878366662
0.3180979314372986
0.06756916934087495
0.2584510375058703
0.30766969257943555
0.13410606909121764
0.12527535020968375
0.289496685717923
0.11226436887907273
0.28278807896909824
0.31275807976797476
0.03821337323554662
0.3069372250159296
0.28079149861028685
0.045976498340139685
0.2552837827129844
0.30395912230313554
0.08812331105632287
0.29232464747301606
0.2463473334091646
0.11201814066228762
0.2877515637609012
0.2662201771993676
0.2678032201997037
0.10167032785572264
0.08320943417603072
0.11235944935615053
0.3023219656263385
0.3068127312859884
0.09330315752060922
0.237054277916135
0.09308541712417603
0.3947727939714369
0.30451920962779827
0.09063623299930879
0.09055318920761381
0.10708738315927191
0.0777299124170406
0.29779177577421556
0.27235253913918905
0.10346360421755998
0.2612672004177568
0.10092815938567351
0.05300174832517985
0.052348913534447934
0.25460737807470624
0.05075727577545425
0.29414453994342504
0.07409586039207516
0.03207647843480043
0.2580469583455153
0.02791928719754121
0.04564211293324273
0.2614379560531228
0.10558163002005523
0.2765483999202976
0.08969398885811061
0.07896281463260797
0.0669847996417122
0.09538312736663007
0.27494231035863276
0.040446321646375995
0.2746942966148247
0.0778902389539539
0.07712245121181188
0.09301456346601536
0.07311860352690457
0.06068273579532738
0.24593118539481182
0.06821231136048567
0.06687299783174976
0.05399134341818295
0.05440689611805096
0.2764111635669782
0.0700044834632511
0.05009528925830014
0.07356206341696214
0.04854021106958564
0.04752465289396613
0.01810922869329841
0.045548955944526924
0.045246275372553185
0.04459120650602558
0.26841354578946963
0.26768177003167687
0.04323473372046047
0.04285632650932725
0.17509713509962221
0.04075383323393294
0.03970624593289452
0.17205205848662758
0.159911711604653
0.26615175160112087
0.03511595569703131
0.23110676452514609
0.067106677189877
0.029385154313881508
0.028739173447210293
0.02862156021511414
0.024404607438254504
0.01616854928036429
0.03451794877640639
0.02667240478093506
0.14187752180302446
0.018362764699204656
0.007188871393397442
0.0
0.0
0.0
0.0
0.0
0.0
0.0
0.0
0.0
0.0
0.0
0.0
0.0
0.0
0.0
0.0
0.0
0.0
0.0
0.0
0.0
0.0
0.0
0.0
0.0
0.0
0.5852195281996533
0.5704582810240398
0.475593393843704
0.545569670331
0.1782176006535517
0.5093440524414534
0.5176002931856937
0.5529275001179682
0.5508330472961025
0.4880556745828638
0.48793996885438357
0.4985551963616003
0.48090924058318996
0.4758869814194548
0.5060787840764903
0.193887367074341
0.22629716316659157
0.5057993843602181
0.5237657284555047
0.17991305117557146
0.4376517851554702
0.4156443853746366
0.44821450668698165
0.49943064125574377
0.4369243656609082
0.1657620312721058
0.4785219472580931
0.3622408046965191
0.3432355801095451
0.15210386548698002
0.4717601052645268
0.4097781513375065
0.17362087907958274
0.4166514119599193
0.4467778580733535
0.37378698129985116
0.14052332519453264
0.1566345190242217
0.13505728681670162
0.12460744745980754
0.11019862377103795
0.3611173268895056
0.310764673634229
0.45148273364506214
0.45148273364506214
0.1755456356308378
0.1526683301772834
0.3953986985069251
0.49050517559010465
0.3381068534910801
0.40055247572030833
0.3986127143425292
0.4330755754796541
0.39798834935038574
0.2873756759980502
0.14697195835615823
0.3977577966287399
0.2858880724116467
0.3124233071960614
0.40064039829598824
0.37214744334503946
0.13560821070840834
0.25597090113807575
0.3632429005615469
0.3882639832036198
0.28161351438935905
0.10575636368820762
0.13519039982520556
0.10103161406277819
0.3540998958047076
0.3277171519263628
0.25155559539065203
0.3333525158927465
0.12815552349967751
0.32473304203914244
0.12235193751874365
0.2882663404120801
0.34505505144374227
0.30086053037721405
0.28535959439010067
0.24149515158610335
0.2181762132103512
0.34644926075239074
0.09734272429792053
0.3981945831105478
0.1700570233590909
0.06932376442973077
0.09549722194308716
0.09709485164552235
0.1906960362120793
0.2941357188986777
0.18556445170415914
0.09388319335108056
0.08828413626485113
0.2511604303310889
0.05685509455247655
0.1960622837551317
0.05570812266997654
0.08141441949298475
0.07318876743441896
0.13917926104155642
0.25823209926409746
0.06414125026323376
0.2346071045979528
0.307409573343697
0.1833502136575074
0.058699544687152216
0.033861758048459305
0.20603362775288137
0.04577827742613356
0.067430536771135
0.1365420618220342
0.044067006236870286
0.04210259640134976
0.17984092420943892
0.041506460331664496
0.04091246199224089
0.19341824436300625
0.03155166746988242
0.03137304829953395
0.038704999320212125
0.01898028182450265
0.02220542613679857
0.006386900314909417
0.008580301537097698
4.0113949518063717E-4
0.006197162597959116
0.0
0.0
0.0
0.0
0.0
0.0
0.0
0.0
0.0
0.0
0.0
0.4680697119020665
0.4266775221460137
0.5489238280276105
0.4405963669390482
0.2277693375395209
0.4760583444503068
0.4342952753352365
0.19261924996027277
0.10557536253390606
0.3510022503988889
0.20305605469301058
0.36635959422758146
0.18808305527606697
0.34610846279581786
0.4276712282712585
0.30639043242961994
0.1262605870506694
0.4868571261830875
0.4868571261830875
0.4112465654374145
0.3503153768645576
0.34220103273592833
0.26157979116393615
0.38179987472204996
0.38179987472204996
0.3530886138071894
0.37898570559626615
0.1074515769932763
0.2997427304515794
0.09403857373453701
0.3423883763719983
0.29776268413768103
0.17576874535526563
0.31257380947954766
0.30827601339025873
0.17217992448059055
0.18443938425250944
0.39658431801131017
0.10834455377295986
0.0927084591150965
0.10796138840657024
0.3059665389280454
0.08672858743080872
0.10232006321515442
0.1008478435632803
0.09906301357008529
0.11721657680515209
0.3663092838083177
0.09524224528058661
0.09155609074290035
0.11335279237931814
0.32192589159583634
0.1672475763096547
0.10928854672495378
0.10676601482466537
0.10632672618949046
0.2528513379984407
0.28602260833854526
0.14542084779577286
0.07711827675352019
0.10129561681159073
0.09930862766339338
0.07504797191894254
0.2824997801130637
0.2977498809653654
0.09793003662688855
0.09611135622768995
0.30461278260926045
0.1372493825719449
0.09225355919280932
0.27653763965069
0.21179237973152648
0.062361921107114915
0.082013961282688
0.29489951846802864
0.12296450267177086
0.07965815165217592
0.058426446355275614
0.07929167299708169
0.07865469184078411
0.07816192468466245
0.2741275035752319
0.07683978771823745
0.07555701277330787
0.290294455389746
0.07410828788379004
0.05353580757433371
0.07323803416153575
0.07270784367289201
0.07246121064154351
0.07103338182084333
0.1127642700594998
0.07014762064008151
0.06902523083316164
0.053137288851021654
0.06666498561507408
0.2443006859535759
0.30098520043844385
0.21330689754669613
0.056257664023478
0.24315816530305034
0.053919470167478015
0.053468662446810006
0.0520579205583283
0.07316062026640215
0.2453526150079585
0.07198291450756303
0.06229173319341443
0.053100712058860515
0.19510003725410544
0.05039224246910891
0.031586521282822
0.031030250695571804
0.03717906513249483
0.03631565661720219
0.034996651002946404
0.03307126379995044
0.016420556954012306
0.009464752818981166
0.007310725837598244
0.0
0.0
0.0
0.0
0.0
0.0
0.0
0.0
0.0
0.0
0.0
0.0
0.0
0.0
0.0
0.0
0.0
0.0
0.0
0.0
0.0
0.0
0.0
0.0
0.0
0.0
0.0
0.0
0.0
0.0
0.0
0.0
0.0
0.0
0.5772824788649915
0.4712553442506033
0.5937718798276083
0.5144815092522728
0.46416440239872897
0.42669150987492294
0.513372451746602
0.5572028829464524
0.43520510934781187
0.48894253667015286
0.5443593258958431
0.46791715840578596
0.48448080739369487
0.4980763825566933
0.4785628926957139
0.45438630580810213
0.43658734211969874
0.47082226540097194
0.24183137279999153
0.5672815380697547
0.48565841282920524
0.5307487164527906
0.5307487164527906
0.5307487164527906
0.5307487164527906
0.45367998956197675
0.5062949237072163
0.5062949237072163
0.21781621971555426
0.3912670150354326
0.4881350066613153
0.44797192439159156
0.42501898871171906
0.45469444661807595
0.4202931167862556
0.47358502622169274
0.42564079927774556
0.47866365751452117
0.45580287052519547
0.3592433919473829
0.36380760667600703
0.4617167031950105
0.4617167031950105
0.44026137668425364
0.448087911586166
0.4441363507574052
0.36753766232689455
0.21322824943366317
0.47387851049568275
0.4306768830746053
0.4340644096248138
0.42939933149911846
0.4789218205380008
0.36492794668168177
0.46271190768755566
0.4707216567324212
0.41190483448423953
0.36227044118714946
0.44827130528482584
0.3636551106961058
0.36566578080152845
0.39112894290670797
0.45697052058540993
0.4698316711245041
0.3934175502653477
0.4715920660596995
0.34374243913892255
0.3920667547082156
0.3805149754412323
0.4564386489230732
0.42139863414524614
0.46580723035052174
0.42870017170963387
0.48051809881689217
0.44748274732187765
0.35177887840656064
0.36368203287312056
0.4139574468017533
0.42386985431558744
0.3589408277419328
0.3256883149638249
0.38014474676953924
0.3760015094469714
0.4689558292797751
0.18862509098700786
0.4148615825895972
0.3744063727503762
0.40384398305413377
0.28902450887279835
0.3073730485619845
0.4141191026529015
0.3264566928812334
0.40190761989922347
0.4491235330421351
0.4636425482418656
0.3383617665914373
0.43244608483952296
0.41042182760068985
0.4140506808542204
0.35464444656686656
0.32298705528870053
0.358564165656266
0.4022598458409126
0.43302918698840687
0.3657652653430484
0.29596712636002515
0.43770706690352207
0.35897665372477067
0.20380264104379925
0.40005400036638766
0.28022442742168063
0.3231558447004435
0.38885583518462036
0.32106780531053764
0.31943109751183135
0.4039300922454584
0.38534649832692724
0.30190019613939456
0.30422587103827065
0.36574983106055936
0.27466319681247514
0.4124260781495953
0.30150338400109705
0.4468024937771846
0.4141337641791715
0.41640281681434693
0.46103009591045857
0.3064743732358261
0.2667861242670257
0.359261032997771
0.293061543676369
0.3977312364804087
0.2907707802784753
0.39795116400368136
0.32816778154535803
0.36668713563490507
0.2674072986142174
0.3745141347908125
0.16122284170022158
0.38051999318346347
0.2769131223890733
0.17432220762631223
0.340672808518143
0.2679857410985298
0.38534630922483765
0.3031296040394157
0.3601754127585678
0.28463369715042797
0.27453359218073325
0.2712771748792574
0.1531424991991418
0.2826071491822924
0.2820014404495332
0.1174600471267148
0.29862984107990803
0.2549529713649502
0.1590115201493031
0.29151639920094025
0.296743696107177
0.38348509568838507
0.42846882261638597
0.25407020821580684
0.2926634143881075
0.14633458009402767
0.3198942505805023
0.21515918601428027
0.2288639075209671
0.11187148541846134
0.25834506098993393
0.27338894339832115
0.2515740176062269
0.2498253022989877
0.331484683664091
0.3100186431469387
0.10528887320944015
0.26782065784367015
0.336449003306859
0.269074123324573
0.23745724698224632
0.24676954162222714
0.30488640934746747
0.2419415253902959
0.08681903426133065
0.22210206733415938
0.2925216667141056
0.27945578955684075
0.2570905930336157
0.23334569100688435
0.2374241866156529
0.35632658428611097
0.22651698180942734
0.2580648325667101
0.22259401383757
0.23599962407068528
0.23003595639116498
0.3606090080948345
0.3606090080948345
0.26664964532400137
0.3475553386623715
0.22702220001088708
0.21642898771418356
0.289745068909544
0.22372330904382193
0.21519283243424536
0.30956456251079706
0.30956456251079706
0.220016199262191
0.25284137581579075
0.22031076060523874
0.16305007342820976
0.2604476707789846
0.20190186096790771
0.21285490501219165
0.22020347940937268
0.22259760322941807
0.2074412118115505
0.06366702197111458
0.15675625197405088
0.13285174802588076
0.22607582082911462
0.24073821834660408
0.197665512298131
0.2432282782778586
0.20890876412260706
0.17480632413306108
0.2123528070484689
0.2084919225900424
0.2040410283234278
0.038714719179388665
0.26351978597335285
0.2380070957505845
0.28688553408302464
0.17557848933013115
3.941912334664832E-4
0.5160425083669726
0.4479468165474639
0.23476366044553237
0.2823644551483765
0.27987187297848287
0.3432203162019594
0.29994961816012716
0.3185703995685401
0.056467050852887626
0.32188525291139336
0.27553498887423533
0.3675122034622108
0.39057706851381824
0.39057706851381824
0.343489544247223
0.05488690316241097
0.2796320241058825
0.34612375272032775
0.3183185638744718
0.2902688434681457
0.32860672461117624
0.38918257217200386
0.06356919291109779
0.3060892302501296
0.24953294695356493
0.3446659832038818
0.2780864703505558
0.3065753496164973
0.3032283296825989
0.3396325846302903
0.25891368608696613
0.2874145786050526
0.2874145786050526
0.36462671785880074
0.057904974835427746
0.34915589072873693
0.05622890989369642
0.24155578187187784
0.23321457759221106
0.037276158408151745
0.39119724716744375
0.23251120562420602
0.2795929292493572
0.05174196698278316
0.041557981531323
0.050933782088521874
0.049132435600444994
0.05000253935026455
0.0277287011021327
0.3860791039431648
0.26695072277574894
0.215618842724556
0.04655678508368403
0.03380678296343022
0.033385023605065504
0.0405894826594105
0.041382951969354424
0.0389748390458396
0.040138177171985735
0.04065094004195927
0.03818992162954568
0.03911931872962224
0.03884037752506735
0.025985369469579786
0.023875514075273684
0.03544842584509747
0.03451416007849919
0.034682817228614236
0.034121763224777946
0.03292261475430941
0.033243282312097396
0.03281806129904134
0.20555830906407052
0.02966379247282591
0.028009844606823788
0.02470911895828551
0.026093349328473806
0.022764879564186158
0.025404145744849657
0.020908485591828015
0.019961213129257978
0.023203294734888604
0.022469128943279477
0.022355611338031215
0.018405555298674887
0.02054808422524941
0.019855992971662195
0.01986187703814282
0.25882343970504673
0.017554027751561882
0.016923434189164702
0.0161500066268779
0.014315514257521606
0.013497921779787734
0.012544564272183705
0.01178731252685649
0.19715406383244244
0.009936595482578407
0.0038291606960193262
0.007494097409307766
0.006580448695611602
0.006082655682076909
0.006311921254041742
0.004991793787984571
0.004829120830675431
0.18093549959914196
-8.829905903353593E-4
-3.207705875928658E-4
0.0
0.0
0.0
0.0
0.0
0.0
0.0
0.0
0.0
0.0
0.0
0.0
0.0
0.0
0.0
0.0
0.0
0.0
0.0
0.0
0.0
0.0
0.0
0.0
0.27473415672379947
0.568713705882246
0.4611889407425325
0.5259482418674429
0.5803179446453468
0.2455691692345497
0.4841709315286144
0.49261990747307755
0.4791464587760096
0.40388560654440864
0.5709086059846435
0.46226430092799736
0.49440189292654685
0.21864185716732462
0.4503717876788325
0.48732334185610904
0.44248397253511546
0.42064487519320143
0.3650570639245844
0.4092613661920574
0.19392124037597952
0.2396872805270834
0.4896205183292798
0.4111677909544501
0.39188458979759716
0.4320619928146734
0.37463598271559234
0.1763061828420874
0.33985105700549745
0.43429928757002373
0.4123283798521073
0.39770988601839635
0.09440001305084926
0.4738820451855133
0.11288637648388679
0.35259512278356864
0.39119282056785054
0.35266860401831934
0.35939128855503466
0.1468982858118218
0.3902902152544425
0.1643630153844931
0.3823041929025866
0.09689148192481024
0.15633010624599172
0.32575950623579897
0.28197604747193145
0.1528253332962639
0.18623306304518503
0.27092291367770505
0.14550129451720878
0.08991529586426761
0.16813964736550574
0.13407427418690782
0.35506818085589237
0.1030374482650444
0.10147524662745146
0.12940317958709355
0.1280112181959055
0.09478578227418459
0.12302695191094278
0.13489201194670342
0.1345086664654171
0.3836721618356415
0.37146487793246175
0.08895607578752909
0.11695275633595295
0.08648912580261098
0.08408713301231535
0.08353520065722045
0.08041010387889348
0.07479623248057474
0.24324925801763533
0.07197636041716741
0.09884279599273448
0.06912548492196195
0.0977249674613618
0.05041037177572475
0.051411269014593655
0.20540677548133077
0.04550698063438245
0.04507830734741385
0.06851761753358257
0.05406357904731577
0.026899989341337745
0.049923461223983646
0.05017399529067587
0.17700220147533716
0.03349125328730404
0.030707940253376295
0.021516552142010037
0.1507930181977757
0.021681876674676703
0.019906156983148935
0.013912337762588352
0.016282666817644224
0.007286090887164878
0.006871355056536161
0.0
0.0
0.0
0.0
0.0
0.0
0.0
0.0
0.0
0.0
0.0
0.0
0.0
0.0
0.0
0.0
0.0
0.0
0.0
0.0
0.0
0.0
0.0
0.0
0.0
0.0
0.0
0.0
0.5379717181391012
0.5052680608936903
0.26445535420629784
0.26146843084693283
0.5687115637483552
0.6049359416739513
0.45750331029980973
0.5560686330806538
0.2621335157499688
0.2245615788407554
0.41025071104433714
0.29545958742030526
0.5274258037167164
0.5471537829359928
0.5254662681808788
0.5540932662170377
0.49326754685032376
0.5203136465606716
0.27534707453740337
0.4867836274898857
0.20714596157560702
0.49565204235087224
0.32645389876816283
0.45738908016110214
0.5083017060160365
0.4578848794928211
0.24598918122154073
0.2027938304115796
0.436687409434738
0.4649225714448741
0.40981931533951194
0.1804204122810722
0.46505637768486474
0.21250994387843858
0.2405895098023476
0.1962060687837318
0.4087827177246193
0.3599761188137184
0.4624276699287517
0.5262167655015926
0.20839683686400437
0.4019437435500859
0.17629681790925705
0.5565336152854111
0.19929526262719705
0.44727882935000696
0.2033923022945496
0.14793518463255673
0.439152319362961
0.2299221109262769
0.3811780577134982
0.4286994096674948
0.38497128651810014
0.43548534285704604
0.3680586971463252
0.18358129439153176
0.15044592840429863
0.4437249063615477
0.1599989194225586
0.4212293968103381
0.45811468953310075
0.43340000158646264
0.42774812872178314
0.3224009734721249
0.17265892618294937
0.21636885632580574
0.4479651047717459
0.44982290147393195
0.4656046927750557
0.3845077645326865
0.15623698333199082
0.2982592545421924
0.2838860520414208
0.42345183979484136
0.42678356628251746
0.3956373805798288
0.4257486829968658
0.3807035143203345
0.15629630851711038
0.16661394035633809
0.4045737555933671
0.4969814501317312
0.3701374292174349
0.33170387354538383
0.46695965411945267
0.3791900569612082
0.4790415527829349
0.36148887319114764
0.41641240677242397
0.3954700670135816
0.2174926351053888
0.3801852351663079
0.3719558988513519
0.15530338217802725
0.4293980202461743
0.41346011292448565
0.36899269161019016
0.4134037492857985
0.41981958245089795
0.47411008866335247
0.3811329533842159
0.4299493930097517
0.21234636622595696
0.3879502675488278
0.3873925851231742
0.3534841180053948
0.4004377594129779
0.36598161613641483
0.36341447702872404
0.16809096374809082
0.39269475328920067
0.4085620300545434
0.17268578871334592
0.12731366063932437
0.45767353678189615
0.1261773461221646
0.4072995179549088
0.127544049973082
0.15402723034330162
0.18849314660885444
0.15344138571457636
0.38607119778130533
0.1884858443906377
0.10457929277087183
0.3484376834949419
0.41037959623305087
0.1839016535829285
0.08226991214115922
0.38835710734697604
0.19801090550802913
0.4388717434456731
0.10461136128155805
0.4060214987029773
0.17155219956999396
0.11582861277394636
0.4365010341126334
0.17511938616908038
0.16602954784792287
0.18175719784753702
0.3575616309129694
0.17065910824318054
0.09026534779811385
0.11212387562657648
0.35408277940412397
0.16317068470623458
0.11228330201829559
0.13339221017129924
0.37290891260084996
0.09027222786430782
0.09002521709798511
0.07740925851632025
0.37722170803173816
0.12056014548837597
0.1546011032818947
0.08185617761747191
0.06340276729893793
0.13278386895972144
0.12826586190544725
0.13319874968610185
0.244331359920925
0.1134957195776128
0.12163890294279203
0.11501148687407618
0.11693149265297738
0.10976464927263743
0.08831933077454557
0.05574892449477678
0.04893316924414005
0.07635003012798393
0.10438198819526469
0.08961283933245927
0.08167082056683164
0.09354385162337592
0.065307220727303
0.07915185517238618
0.051553643266625704
0.09066502406747146
0.046682866846429714
0.07431272862705958
0.08469463037975264
0.06406343135224629
0.21541484634676147
0.07203937138703236
0.05775179891392957
0.0645356867249822
0.06259564591837194
0.25619423068760494
0.06345630129865051
0.19292073786914116
0.15997989624966727
0.04502762283202185
0.03626970921644966
0.03945019737031402
0.031765223903986624
0.020013740634008254
0.05780769181427479
0.0401504102598085
0.03839355355648393
0.07907932548480626
0.1917267779265833
0.04261276693467283
0.026518866847925846
0.039029361794934395
0.02289491799480809
0.023788683361423205
0.016536320229129597
0.01700992294124581
0.015546746048570903
0.04445099660509428
0.012312611566743483
0.02106184973956622
0.005974714083245527
0.023358967362411616
0.008509468961802566
0.0
0.0
0.0
0.0
0.0
0.0
0.0
0.0
0.0
0.0
0.0
0.0
0.0
0.0
0.0
0.0
0.0
0.0
0.0
0.0
0.0
0.0
0.0
0.0
0.0
0.0
0.0
0.0
0.0
0.0
0.0
0.0
0.0
0.0
0.0
0.0
0.5494700274394178
0.5233075440025458
0.6354357583728936
0.46738506598308555
0.472234110117295
0.4304792997955588
0.43102759403769714
0.40561898091939774
0.4967151249365768
0.48955970160050627
0.5066941375773545
0.44106237906946355
0.49511026979416145
0.49717548341238993
0.5087141170639622
0.47578866148675436
0.4051603773991336
0.4254916407076834
0.411377713045362
0.3101602554492557
0.389617032673151
0.39529899367615423
0.20121579971905018
0.3745619871475216
0.37021815082144083
0.1991186987601275
0.4083775732865696
0.3174885264490716
0.44018169940709256
0.2573485840813371
0.5064135841314269
0.5064135841314269
0.5064135841314269
0.36018116549016393
0.3682287207938033
0.3490071055802114
0.3139656022997145
0.37043995547999936
0.36745325934824385
0.3438910882056848
0.338419455764628
0.3709956379191576
0.4051490603916362
0.40168041794507076
0.29389368866133764
0.4708215875058133
0.4585979299128072
0.36395673232653963
0.41211049888481416
0.4030062947275678
0.276992299461779
0.3218695304548993
0.3260918626518473
0.3049750984266732
0.37318142066191307
0.30590939518118865
0.3152757429519982
0.3695436803934133
0.39024187238265406
0.2874049884556137
0.38175147812575766
0.31662801116927175
0.3163192827584808
0.3985559311540699
0.3795302516974701
0.14421855736774442
0.36953716451256213
0.3054671727529887
0.47796575550997966
0.47796575550997966
0.3230541999464722
0.34434015579115124
0.3757628138979643
0.3836772257764028
0.4347650397430209
0.41972673771243674
0.41972673771243674
0.3385665894455685
0.15415514013234055
0.3958031781495912
0.39608688729530944
0.2991435825177435
0.3863469922441012
0.3294118265189899
0.3586664932266615
0.3742021252578207
0.3061358359135278
0.32064219656656967
0.38655359830896696
0.3584979112625927
0.3277189140808021
0.3432933119169848
0.3604377345881873
0.320745809264803
0.30024245637606267
0.2735802426786185
0.3236246738605004
0.27200369105491595
0.34832044258272776
0.3501052879345064
0.07769108004204811
0.34610183076492734
0.31908468202266177
0.3036220513863884
0.1388997685457941
0.33854228067378517
0.36715002204664243
0.2552220776511006
0.30689181349670874
0.30611291337765345
0.33956135175783736
0.3284987534298025
0.2713814162982759
0.22557421356142826
0.32863144377415043
0.3964231607864525
0.29715197329114423
0.3609294663528685
0.1334610549701547
0.3509492400654678
0.2670906031962763
0.2767228573338835
0.3276858044539859
0.3148550543167342
0.25351264137456053
0.33351727860021424
0.21213079087827827
0.3208824839494417
0.3058319720867311
0.3094120330399278
0.11832577288993414
0.2821120378337081
0.22542873817397371
0.11629573620971903
0.3301999487348144
0.055685218821180764
0.23741894618020123
0.34463482076688573
0.2767936377134127
0.2227861754557805
0.2656343983766623
0.10911307612101356
0.023853130345420765
0.2308006730708334
0.2447856485568517
0.30740474161644255
0.17749867373212164
0.18461334800375268
0.07993031335184446
0.3060685373972078
0.07792833260186732
0.24577775803935092
0.05341630397527802
0.07180789070784761
0.06958010452145637
0.11682356373877563
0.18057449358472064
0.04119924418818078
0.036484101933213706
0.11278050387591837
0.0
0.0
0.0
0.6465579259853319
0.43726076225963967
0.4921427963609261
0.5070030478162503
0.46655218659135145
0.4561239506096198
0.48246341651612473
0.4867527226126156
0.49636865773562194
0.2626066473604035
0.47412518260662956
0.44158799054938064
0.4969580599204658
0.4145742748540828
0.44820569858857995
0.2245718962961294
0.3933097126893092
0.40751378038589603
0.3198636727794475
0.3987740906310512
0.3719778330087076
0.3019661924664792
0.3712896282661617
0.2604184548205069
0.3201825784148136
0.3929843627365328
0.15816070946831884
0.47760575953213524
0.47760575953213524
0.44719708776078104
0.44719708776078104
0.44719708776078104
0.44719708776078104
0.20028599820838355
0.42762541070234605
0.19963754258565156
0.4129278102323662
0.4129278102323662
0.4129278102323662
0.4129278102323662
0.387060008238246
0.14701997128510985
0.40096032851842056
0.40096032851842056
0.3907360837602747
0.38172629786454076
0.47110418521021014
0.3356195843505311
0.37361498244768027
0.36620041808469866
0.13177328028608945
0.20292459423059395
0.3591266632780664
0.31468130946525585
0.32578290778349195
0.32584345518991953
0.1338334503441759
0.34787783173759895
0.360701863186754
0.3820344136621091
0.14177485479636845
0.37736861123597704
0.19394925139285515
0.12748041021912873
0.1919432857285349
0.3234434101160182
0.38738690175374746
0.14836540048759836
0.22994270915031095
0.33216311316728125
0.34861807568334074
0.1281797570700639
0.3285992353173019
0.1272472836934064
0.3262024079978047
0.18500736383195945
0.350403931507835
0.32415967653240496
0.31398543940840645
0.1118645441137315
0.2811777025329534
0.10782023224595123
0.3295278281917395
0.12647309301491888
0.25757793466031337
0.3764429137620244
0.13579076193417947
0.11860190210289108
0.11730970828838629
0.1144608330103446
0.15019516155445953
0.11071659319267627
0.3013813018982005
0.1504869277925667
0.10697886620836906
0.10666999083193386
0.23479968108757876
0.10432793006256649
0.11082264236109
0.10910951961498434
0.23686779053964704
0.08587423325327775
0.22911884681683625
0.08178663712806804
0.07058791785585877
0.194477131958576
0.07880319291919774
0.07320214067883367
0.06759312544958337
0.22021762706678993
0.046394010225170625
0.1495314161996061
0.05688807049761408
0.05668410180311218
0.04990493017021929
0.04830364730725512
0.049650717180226754
0.04693494629087115
0.14774147876668958
0.012280167891059443
0.0049465999432004755
0.0
0.0
0.0
0.0
0.0
0.0
0.0
0.0
0.0
0.0
0.0
0.0
0.0
0.0
0.0
0.0
0.0
0.0
0.0
0.0
0.0
0.0
0.0
0.0
0.0
0.0
0.0
0.0
0.0
0.0
0.0
0.0
0.0
0.0
0.0
0.0
0.0
0.0
0.0
0.0
0.0
0.0
0.0
0.0
0.0
0.0
0.5838148293237435
0.5776312521877485
0.5783197058038386
0.5077412070655656
0.4798947425259346
0.4912900852198081
0.5193429559560778
0.5374906531412424
0.4888168487532517
0.5076728161993669
0.42957156582690714
0.46831305732954004
0.47560406603003424
0.4572839610602596
0.2498331146293969
0.40477392051917915
0.5833185834286773
0.42864051530834385
0.4259794234975283
0.42326778938093523
0.441184828416927
0.4297160826992997
0.4726171197488903
0.5255581940723888
0.5237718549992553
0.47480027014274473
0.40320415439708585
0.5410280450438704
0.40333018855735536
0.17166549493241237
0.3565544216510712
0.40329806818407615
0.22805237677091808
0.47891777828690146
0.5100883791032483
0.3971188390737047
0.45998505003160156
0.40981708627355284
0.4296015365482508
0.21280403891082794
0.500919580925769
0.21677961660567077
0.43994468557595906
0.44757052877181974
0.1748825550171448
0.44021896204102257
0.39407629217063084
0.36008926576924194
0.1990659263938496
0.20250615862468402
0.5071443967884299
0.37181298497342063
0.35286466923092075
0.38504676553197387
0.3848087420594599
0.31926354453814587
0.4089581411499962
0.1824194379803994
0.37140872061517655
0.3264149137270311
0.18197284700716823
0.3077802469263413
0.32550337596721035
0.384623866250412
0.3248592758970893
0.42556487879565996
0.34242920892577794
0.35686268467776244
0.08959699110009267
0.18885318758898978
0.3503629560458767
0.382792562410695
0.322365501121238
0.31125510435870263
0.10663771431460284
0.1538290467724099
0.3391324780916005
0.19052727656763163
0.35351401251692255
0.32410101434818106
0.3522225392407601
0.31261166287978726
0.3251572322874494
0.3252965723723976
0.3470866292383908
0.14871918439447895
0.3164543837725602
0.314330687061383
0.33603842826932845
0.3488946610892923
0.2886086498302336
0.3852142392213446
0.347390501113956
0.38753443404468624
0.3293527819776284
0.397812747750175
0.3196799340422977
0.349085908906204
0.11593271700652705
0.27032733028669753
0.35117063184050645
0.29302777450966605
0.2990313476269672
0.28302354176895944
0.30775721962619196
0.27691798376006876
0.31446876189686845
0.2889301983216603
0.14094866053696006
0.30195727597923333
0.12415044341748985
0.13299306723560972
0.13129326683631032
0.054843692379293645
0.10398795039361318
0.24559364962610997
0.10354795620693424
0.10502865552079836
0.22515287042696655
0.2446929643373971
0.19217848245813415
0.2061414107163906
0.2841203023709432
0.09572585971817558
0.0879482517096088
0.08750693417945096
0.06253639880141933
0.05668701983488314
-0.01135416862486267
0.0192992092275767
0.04819209992646105
0.2289754604143234
0.036075688165174175
0.0304715886565931
0.14935341245682277
0.27693238762508116
0.5681622688012906
0.5693129795262291
0.5363374412854991
0.5407946852206736
0.5282718560743537
0.5304864334783508
0.5619021849010516
0.5771665893992771
0.5056572706638851
0.5319925713265342
0.481908148838886
0.5234380482759619
0.5461495236742445
0.48447056349441037
0.48283206364832104
0.44107064906787324
0.4435499056984638
0.4900434954783
0.567248744995443
0.45100709509072234
0.46206820660412734
0.4387504965759351
0.4329397051653743
0.504900267455716
0.4942841287538507
0.41294271398563404
0.46541770631078205
0.5098627411172217
0.4156701503150204
0.43362536864921547
0.4487027989046489
0.4518028542815793
0.42655734688042685
0.47217709016173687
0.49573969614379443
0.46676259187424995
0.4868470759000926
0.4468153595389616
0.34280427908607264
0.4660672038856813
0.4665367131057447
0.4487729195868318
0.4873399612517993
0.5067860533428155
0.4694107405224456
0.4881753023880028
0.4881753023880028
0.4684592242935382
0.5586238722782858
0.5586238722782858
0.475449171608004
0.4701747926950421
0.5185549516970318
0.5185549516970318
0.5185549516970318
0.5185549516970318
0.5185549516970318
0.5185549516970318
0.5185549516970318
0.4212193895570584
0.5018918970825466
0.49127795428302723
0.49127795428302723
0.49127795428302723
0.49127795428302723
0.49127795428302723
0.49127795428302723
0.49127795428302723
0.49127795428302723
0.49127795428302723
0.49127795428302723
0.49127795428302723
0.47078606612628965
0.47078606612628965
0.47078606612628965
0.47078606612628965
0.47078606612628965
0.47078606612628965
0.47078606612628965
0.47078606612628965
0.47078606612628965
0.47078606612628965
0.47078606612628965
0.47078606612628965
0.4610997268796102
0.3097361543342532
0.45438982106505327
0.45438982106505327
0.45438982106505327
0.45438982106505327
0.45438982106505327
0.45438982106505327
0.4360296647409395
0.44069258786718285
0.44069258786718285
0.4288892809538929
0.4288892809538929
0.4288892809538929
0.45863131045432354
0.36906785486569915
0.3484555949688656
0.18817618299191122
0.2827634693850129
0.3882815710199564
0.34424803797966463
0.36413468842217445
0.25738733289374977
0.30531984157153946
0.4210179446404752
0.28671715020995453
0.12995775068489893
0.28547132427182365
0.34749850031453955
0.24332057463150733
0.09224648165393484
0.048137711481211196
0.259795342764365
0.27105302876984455
0.2841885237330303
0.22266822654239948
0.1941056673639614
0.1472208246324169
0.1925265035814985
0.31843064710226315
0.30849033993021363
0.1801256084869053
0.1868322821032642
0.06193742895235724
0.23692453334218824
0.03229469433946074
0.2684698265163156
0.22596338094696303
0.23869332212842226
0.31841876571737293
0.23089697379566146
0.1674776192355464
0.17662308122977305
0.0044063202427849085
0.0
0.0
0.0
0.5126578516922615
0.3485745687547122
0.5188536402402115
0.5252508913643642
0.5500387932497617
0.5066530424400261
0.5164849530663475
0.47472866175288614
0.46300486932085205
0.4065005230991695
0.42424571714523923
0.44812728778693117
0.525737545953637
0.44281154334069284
0.5279861472097364
0.4462898457343981
0.43828280226517197
0.4427548080727277
0.47155025168131237
0.3340821158860521
0.36210750128104974
0.41013340707606005
0.38882914192354523
0.17602914302796127
0.42635265893893887
0.4139640988913597
0.39993189467140233
0.39391906591204884
0.3537469510738175
0.3501310887588054
0.3676777477634721
0.3196574766952947
0.45885891382800587
0.47517622618673616
0.43798340826107435
0.3986794659060749
0.4504341743449668
0.4524915596404091
0.313325008233202
0.40655978188513553
0.3574172046416238
0.33005473300140603
0.43796172606247724
0.35664507810939705
0.3343556255574706
0.4270976175311396
0.3021715346965876
0.31725317402231334
0.3062029916368823
0.37490649302431983
0.4002989213560218
0.42878849174355355
0.3517148226491939
0.3815138203163236
0.3517953229763446
0.3495802102200669
0.3683302571779227
0.39759381634047425
0.33491123536372064
0.3620484100821988
0.3643853533498513
0.3999908727127557
0.4353374311338168
0.343484399055016
0.3652422436244087
0.37111035060140657
0.38601722173024433
0.4261443652266747
0.15593080283132993
0.3453111279551759
0.2859829581009934
0.4029811665061698
0.33434639393274274
0.4119960909088907
0.32267408586548585
0.3613675034814568
0.38155394274435717
0.3416533925310396
0.3939843023169358
0.36992095104619
0.44980436322459233
0.3720735262340426
0.29688991436658585
0.29821381444149425
0.3429138983487701
0.27720890196451775
0.29850818660191447
0.33978685419506827
0.30402676263776435
0.43947841528211407
0.33670057105796153
0.45935994575049904
0.36967666986142167
0.43773161401788113
0.40611863869236287
0.2695831805466446
0.38172814154320484
0.2577073610717815
0.3023051751277
0.28301994869492375
0.25030188045350366
0.37300974132420056
0.26998676345235423
0.25575456741300545
0.32813700324339806
0.2698422568842509
0.2566962385473829
0.3049304870625864
0.3250399646811016
0.3338150546733926
0.3065652767156633
0.27288231740317637
0.13708518924625962
0.2614018215984191
0.26753919682206145
0.08366636466497789
0.26370174407367175
0.25274725345715066
0.29868377576816585
0.1721136485775142
0.22809215548436004
0.2559525603211791
0.27214270995424383
0.1943004696943357
0.19525442353323477
0.2535652213808251
0.23224515036010326
0.22664060860673188
0.29080099044867574
0.2986588618255726
0.22784691890479578
0.24464852705897447
0.0191987912835647
0.04733826479142369
0.21271763323565968
0.16176226348842512
0.03289850948856595
0.14627413288732213
0.20106253348770584
0.0
0.0
0.612569924397404
0.5379801641506321
0.4069523634104393
0.5559613230128171
0.44677073303882625
0.40682893733270875
0.45318871375653935
0.43994453246546156
0.5776504759230311
0.47483982335713915
0.468716361788303
0.3189401266485345
0.42673267800559833
0.4809015817411285
0.22132430000577696
0.40486800300743375
0.46005669010089445
0.5015653063331396
0.387046026134356
0.43218871998165975
0.38187650219820274
0.4368006984343608
0.3929307448694408
0.37236187488940026
0.37952024352731706
0.3731858230214065
0.41417970786243186
0.49972722415878806
0.3251546212918559
0.28841499156180506
0.42801614041063996
0.37478462851716
0.28527744315139875
0.3457268107205777
0.3900099135880875
0.4239844197169366
0.32906275749305197
0.15683696185064025
0.33059209434116243
0.1716589907603009
0.12793987385135341
0.274837851370179
0.34045818317819015
0.12571845009298258
0.38888173453118086
0.37082193148455955
0.15335424464694936
0.4078871561935546
0.33339687572807036
0.37498346401632443
0.32256010310495087
0.3810663426822175
0.3005562098831688
0.40253330816128585
0.33048643344410467
0.1386710320591392
0.3070588447304428
0.27158255089625294
0.2923604477032732
0.3761139756032983
0.36321061279225436
0.3483924095827697
0.3752146672125054
0.31211676429174984
0.29708676273580276
0.337585974232824
0.37466997734446544
0.33730662807277234
0.4071361476606832
0.2886585956914443
0.3303221619544028
0.30542188270963405
0.27094897872488516
0.3239192739593352
0.37092506138763154
0.34732401985756495
0.2579916681015302
0.30612955287197546
0.31956430024881627
0.37367797349971216
0.2897365636710101
0.23643145299703847
0.2669556789448901
0.29075492130978514
0.22757254940911398
0.25633941994907944
0.11256543202122085
0.2770263977959244
0.2823201503606137
0.2718713927241106
0.2860936189370439
0.10149022178096993
0.2988489785535459
0.4063904505975159
0.35685922137150344
0.2782993417272629
0.34108985882211984
0.3563458149825318
0.20835040142842606
0.30105598288216967
0.2889914352878686
0.27694589667890745
0.2889517625381827
0.3494990591153547
0.3666036786281332
0.299617353031129
0.2603897504591927
0.23717134229592746
0.31217131789938307
0.2633779744932568
0.3121106988209154
0.10015029697386017
0.3435191085941835
0.30284759986727683
0.214034733362555
0.3519449508122821
0.3064937404625297
0.34679809775805565
0.3023128517857247
0.4620843046024253
0.3282548153963019
0.36723703547185993
0.4351699631928879
0.4351699631928879
0.20524082296270105
0.2826393026286957
0.3483028621503711
0.09423919672209248
0.39885237745583574
0.3320863182584403
0.3048819874998719
0.2773286447046663
0.29069434914411585
0.2501498532094382
0.27351484595225956
0.28036648748646287
0.28026657651974746
0.3478861381923651
0.3378085829213476
0.24636805793927072
0.3354953457463797
0.27436383968334777
0.3096370090553652
0.2977493192015359
0.23407467971202217
0.2549787184632412
0.27332858944273036
0.2795864359174185
0.10417542168989621
0.32716300002783844
0.14029201548337664
0.11596261401167246
0.2670437025357192
0.23044199621857328
0.2714165059454848
0.25298880883482633
0.24356801242302256
0.2093713535399246
0.10893250028543247
0.26256145554978083
0.22241159767290256
0.09601661036436954
0.07251965696487189
0.2536671402783463
0.23560264754889684
0.33068794635514986
0.2732026809788352
0.1527174473822983
0.25643644868749177
0.23144027938112052
0.18725775866330638
0.21601308891209217
0.27058470927938744
0.100064057219792
0.2796048241684906
0.30627521148026116
0.21859624691095073
0.29383332342320234
0.3480274139636753
0.32449310527533354
0.32449310527533354
0.20498993485440475
0.29430344974770123
0.29430344974770123
0.29430344974770123
0.21477380740775534
0.23859166510905294
0.06972059658424805
0.2734955304084186
0.28041891468309915
0.3399827742897801
0.2570372951021255
0.09925873469821427
0.1957806104901756
0.2431083174674019
0.35211122029294534
0.28749356337216125
0.3285221925297943
0.3285221925297943
0.20250729632802114
0.04963187051030573
0.2982683403401022
0.2982683403401022
0.08431215921901791
0.07822625568286241
0.287116283193587
0.21454775571647386
0.2774331407705307
0.19297781979517808
0.2537570726757019
0.19954273966917174
0.2072977666374111
0.13651315256066415
0.28056776720568666
0.07098173029402381
0.03150601004143559
0.052654141038684946
0.03263313748092829
0.21597973785247845
0.135064722103934
0.14814663749626641
0.13289173158888853
0.13159153746837732
0.23616782459757585
0.23616782459757585
0.13040525527755414
0.19783550580658227
0.18365216079648297
0.11968870980530179
0.006889127242020733
0.12102916766823948
0.12310790520216529
0.14466852486408502
0.013765082473315786
0.12123411752621265
0.0
0.0
0.0
0.0
0.0
0.0
0.0
0.0
0.0
0.0
0.4446667184197661
0.40949900520196425
0.3637551602248828
0.3680458971704146
0.15196914146213045
0.48803381480003305
0.3305969270998986
0.3422040523556764
0.3258197401271209
0.3613141325171605
0.3769431154219577
0.1511828261562939
0.18868198995404967
0.3406500479443592
0.12259567986917158
0.34610494109356776
0.3078785034654951
0.34899732731943156
0.12401613258097333
0.35248364820370903
0.1268090507750054
0.2786548194078905
0.12356409055554074
0.22850074995368935
0.2572311565266819
0.12293840161216309
0.2703554847825953
0.26609194473748693
0.12444188951072584
0.2401884777824273
0.336226330630269
0.2683466506492697
0.2649704184425259
0.20679212358335763
0.23298328426808645
0.4077159219803868
0.4077159219803868
0.4077159219803868
0.3709482166847494
0.3709482166847494
0.3459349721836293
0.3459349721836293
0.3459349721836293
0.3459349721836293
0.3459349721836293
0.3459349721836293
0.3459349721836293
0.32712959364650757
0.32712959364650757
0.2346396424616142
0.3120656091701777
0.3120656091701777
0.3120656091701777
0.2173201153234334
0.29946814987011455
0.24783488129855075
0.2510023315679342
0.07627462538092995
0.07280261300242699
0.23320055646757903
0.2729702648091857
0.2229551581919403
0.2997472375187195
0.26345686644425237
0.04738894536668955
0.04565771317726401
0.04575009290385553
0.24350240870163528
0.2189868467659582
0.047655493371662444
0.2544408288922789
0.049161056157629605
0.21848634214820115
0.056819945722830355
0.3064146948661055
0.04152930435792381
0.24859675982830107
0.27205316835022186
0.038417858334225036
0.2670955296354994
0.22895565270577806
0.03990925531141066
0.0386638992174214
0.21471951854039006
0.05289842817667786
0.04039074765751516
0.02400019802231785
0.21196592847593707
0.022142285049938516
0.0213430631584574
0.005765350004668073
0.0
0.0
0.0
0.0
0.0
0.0
0.0
0.0
0.0
0.0
0.0
0.0
0.0
0.0
0.0
0.0
0.0
0.0
0.0
0.0
0.0
0.0
0.0
0.0
0.0
0.0
0.0
0.5660465872191603
0.6027905717163213
0.26593995405803394
0.6057721909854434
0.5318114094154776
0.504592873076308
0.5123534843759153
0.5080538561648501
0.24173974228554565
0.40077901525633014
0.570126880425113
0.4374231839643557
0.4200717619632275
0.2306459506227505
0.5192768014259944
0.536161582729099
0.3758152825727913
0.4253157942456012
0.44972617701592044
0.4866206691643443
0.517542694476103
0.37035888837257375
0.3645783898402545
0.4234783991599818
0.4200789605269048
0.22463310830836514
0.3766208633962045
0.4625063153688056
0.4593711143273839
0.4602723123129151
0.434592643175599
0.33292721641311035
0.44746623757621007
0.1854266638600776
0.32434499886678764
0.300581564533811
0.4592023833668113
0.33346275755427224
0.3412514486480996
0.4607989909337456
0.33660106174818544
0.4242590134203163
0.38721848157649363
0.44335066304718695
0.4455185382783679
0.33147127811599497
0.40513512594874707
0.3795512665147855
0.5190132021605031
0.1996020950500929
0.31716420879425156
0.453101425714094
0.4986660347894214
0.29406136498594637
0.3003108104445541
0.3204816920074162
0.2837351304714445
0.4002156737299557
0.38020409639749997
0.39901981055084274
0.32417870547999367
0.162851064272979
0.4037482578757156
0.3150022758410526
0.36110037522516175
0.38077631348223584
0.30095020829121005
0.38354729515945885
0.25487203335711545
0.4311048720238927
0.34352331955301724
0.40785086726845726
0.39765151617817956
0.32865257508361556
0.35338596746490497
0.2526267583441294
0.2470151294019717
0.4211859385079711
0.32255819463900026
0.19152832671931475
0.4228928050386122
0.3094033334964957
0.3034925148596464
0.3075071996888405
0.3718043237919707
0.1276344614420751
0.394506321222772
0.2916798177711384
0.41096068504819144
0.3716200567145423
0.34612806609310776
0.4052713304176275
0.3498511822937317
0.38339001770044395
0.35717921494500326
0.2468045467821463
0.2836896348156194
0.31921104989751176
0.3073903187957906
0.37703136008974825
0.26663544726084326
0.3253495039160836
0.3904123231635223
0.2379231225933679
0.32312646214533214
0.2653169751898719
0.274846821677229
0.3358015535707877
0.3254690502922362
0.36757212320824956
0.33686619618311076
0.27071702412328286
0.19896763460895311
0.2998185286139477
0.21355046279933357
0.13086454325094196
0.23891520342292544
0.23786606176413502
0.25587927044652387
0.18781564452915017
0.3249439289835784
0.2554394535767998
0.26768036908729154
0.11888162097603105
0.2516921571501393
0.09804224923587905
0.2532613318616155
0.11940670843933063
0.24921226017536716
0.11826000263280877
0.23203647267117755
0.2048528205412
0.2837411998060335
0.2278279800414058
0.2623465362023531
0.25412304598012025
0.07025573072251436
0.20579876469134517
0.06762119335322427
0.21432686259494477
0.05741879981285543
0.2354492763772462
0.2015985719330908
0.06380855469145988
0.03912271371846788
0.060253175464939454
0.2642922669135198
0.17777221901291018
0.16304508746623028
0.18391888102060977
0.15370709671539542
0.022496678267360803
0.16202029893277303
0.16305967868150334
0.13132246175961262
5.777138514662519E-4
0.5751307981036967
0.5888179870040461
0.41870666600702927
0.5192651564494598
0.537496965838147
0.4349311385477044
0.45968754358395775
0.345738531059805
0.43704216277009056
0.46025877667004955
0.44003655157218835
0.4822966373129435
0.4311486288794419
0.4648809341359751
0.4648809341359751
0.4647585967475128
0.4196737257358693
0.3566279403354505
0.4298542759189202
0.4135764231155566
0.4297196858959819
0.41836109590005044
0.35242167261152285
0.14153928471199204
0.40063246497118266
0.1447745515452611
0.4428089787599562
0.12751916690934334
0.33880865473632416
0.14214152985727516
0.46762880388602907
0.3170885609206545
0.40435684938730876
0.42580378941933367
0.4059384373522579
0.13910453524685962
0.40002753790260304
0.33249780641838383
0.29693913643067144
0.38632867004834825
0.3277050286682133
0.12528834799444513
0.40970743084929784
0.34704691314137265
0.311717593184842
0.13660722439591721
0.2578886308994993
0.419844907396962
0.375574771051416
0.13355277866971618
0.32897297846651474
0.13340492654644975
0.1238668129436966
0.09383674157921644
0.3640595215356317
0.1291674944685603
0.3842855786242323
0.34054772633413016
0.27720227576299356
0.282009471169362
0.31163347616395226
0.31218508616370216
0.34595276717203877
0.29736802335775436
0.3058645648095126
0.3059014586858762
0.33657979930026993
0.1194431675352382
0.2816065942718947
0.28497200318827026
0.28992678160967345
0.12148552603994296
0.263038147812205
0.24771587832979064
0.11997062634271803
0.2848798815160685
0.15247800887571625
0.11814128616643538
0.4060195071733847
0.4060195071733847
0.22552995858998956
0.36208191693469965
0.36208191693469965
0.27497727185349696
0.33624924337605094
0.33624924337605094
0.33624924337605094
0.24460904884826004
0.11593872436615982
0.28569028625912013
0.11517766993833631
0.3041297100102221
0.3041297100102221
0.3024196460322078
0.21861468253292307
0.2828297673390935
0.2206518499936173
0.0547383105944965
0.26650698891936453
0.22976013207438492
0.11218027623547323
0.24053665141952268
0.17539194890642165
0.24164537455020707
0.2488125002973566
0.23127048563392802
0.26270597967819453
0.243699547172428
0.25293492725809835
0.27087155468485963
0.20936444062903625
0.22815794967980285
0.059598009943185995
0.3518555265527375
0.3518555265527375
0.23287068587636708
0.32611058668656695
0.32611058668656695
0.32611058668656695
0.32611058668656695
0.2633264340921214
0.30806892275820763
0.30806892275820763
0.30806892275820763
0.30806892275820763
0.30806892275820763
0.24478493391212428
0.294132937562537
0.294132937562537
0.2827017190059936
0.2827017190059936
0.2827017190059936
0.2827017190059936
0.21328009967181544
0.19701466374608545
0.2729441823439698
0.2729441823439698
0.18629369235626356
0.2643809433014551
0.17747785420183956
0.23174016590615662
0.2567119826759934
0.2477075278226423
0.21564643737632097
0.24332576988463445
0.22751004116530033
0.2756669667121879
0.2435036374946506
0.08788452848448894
0.08833629182240116
0.23422817008154098
0.08694034856135871
0.26056750206999213
0.25980554360631486
0.08622058079325393
0.06200318598430254
0.24366982881345764
0.2683312914959676
0.20686914634393339
0.08221168922907938
0.0632206263163106
0.2349398283447131
0.2176979175891961
0.2511608702112385
0.07646561004663013
0.22896909790626624
0.21920964440852928
0.065190680511992
0.06126048088089066
0.03898876007440503
0.20622649045780514
0.035848624363225404
0.02990911764040127
0.1709702772508048
0.026425518859828946
-7.648380301862004E-5
0.011243582301218556
0.0
0.0
0.0
0.0
0.0
0.0
0.0
0.0
0.0
0.0
0.0
0.0
0.0
0.0
0.0
0.0
0.0
0.0
0.0
0.0
0.0
0.0
0.0
0.0
0.5121224807238189
0.4930883530020618
0.5729528050800519
0.6214105139124637
0.5605814600032857
0.44858289477924074
0.5745743347750051
0.5554003949510268
0.5310292452215278
0.5817376099912493
0.5566731050430443
0.455932142194961
0.6154506603464392
0.5279768017055522
0.5022264673137137
0.48200071453257537
0.4389480351679931
0.5113421755059337
0.474281885867617
0.5137775709977541
0.4707231612662689
0.5574654549646437
0.4794921360175835
0.4416478888984444
0.5876963909353263
0.5876963909353263
0.4934920506510502
0.5654711456418068
0.5544507847905887
0.4877540012319353
0.547331596360287
0.547331596360287
0.41596032030107166
0.532018151791715
0.44370338672885135
0.3914259796571201
0.41730449891171173
0.5070449740297814
0.4388636644788415
0.4872510063981772
0.4368755123612351
0.47195311883248764
0.2283813004408086
0.4487124898204979
0.4487124898204979
0.4423753675369386
0.22600443471437665
0.43635000478907693
0.43635000478907693
0.22140539883572752
0.4241930353095522
0.4166958603316209
0.41549305277979093
0.4619429973982832
0.40502330464651526
0.37716538817612644
0.21175542589113464
0.4252811559104846
0.21880888883525973
0.3828146405070479
0.40520214302358387
0.20826486800707897
0.21142332425265362
0.373062645058104
0.20523697491317866
0.19838547383705873
0.2049215384834257
0.35377238911622544
0.2740421802552917
0.1970506882201103
0.37655211706674924
0.20007059746609612
0.19407436296212918
0.1985145289259057
0.20192917900693608
0.1970957850735086
0.20087674161304098
0.41563793129902354
0.4117290451075173
0.19578961638897557
0.35468266974006973
0.5022435616526119
0.44915804624299527
0.17899501367061887
0.33473376812910294
0.33922353519476317
0.37705157905774406
0.36698189489875316
0.3669455798993164
0.4256010168396248
0.3520954249247684
0.26014703683695756
0.33036620302765124
0.24546191478002657
0.1793740546694906
0.30810968041659537
0.3162246384992223
0.2988668915750699
0.17330568066132473
0.28155761219886827
0.1716425774542933
0.17176013942613497
0.16845640728162434
0.34563762755603933
0.1073005514128875
0.2741725167940556
0.28635769813093975
0.28518045542494674
0.2821247691882401
0.15532595229142618
0.27934547552313477
0.3837136768142865
0.09762996755379696
0.1484237039781242
0.28709895893081405
0.3039482964412731
0.3084019579305477
0.3906805194220801
0.15136184847366352
0.2897144748714682
0.2962346955910586
0.14452847150455428
0.14340871993018248
0.3227981445244013
0.07928709944228268
0.2548021441660035
0.2613047387039135
0.21856373258578218
0.30026365736989225
0.1318821070602483
0.07142268561450164
0.07175248082594686
0.22475019225131082
0.3046700888227208
0.24347009051687107
0.12102518348237394
0.09017988153465373
0.06271946808558651
0.04813985513386897
0.044788547252688604
0.0416802057828038
0.05097647034427384
0.04909763315681361
0.04631439892260621
0.03391485820847251
0.03435559649388137
0.033227628324614275
0.03139433844346305
0.0064127248765656585
0.0
0.0
0.0
0.0
0.0
0.0
0.0
0.0
0.0
0.0
0.0
0.4453292770409245
0.5139096994172164
0.5637580005743716
0.46548202795302984
0.36285141725181835
0.557292569982934
0.2301735158872665
0.27887335972343796
0.38940979522837965
0.439043021685108
0.37165101344962526
0.4171459548863445
0.44813825430705795
0.4606778283647704
0.23387710137791679
0.42364381229175985
0.42589854848786773
0.4049440323593027
0.43446262868483704
0.3783403403417346
0.35745654790361514
0.40146775435619425
0.3375823665496847
0.3854455707034848
0.3175060247349251
0.3519512649712915
0.3838502322014848
0.4165902153594462
0.4012400294874192
0.32114435496158217
0.3580296320247051
0.3558519616976414
0.29897299689832374
0.337106852936523
0.3072968530352429
0.3520619502023675
0.30967961741889727
0.291868363761095
0.3259039052326935
0.43029182432037144
0.14327510737843152
0.3470976814251621
0.30696575048520286
0.3907015156324891
0.33510125822923886
0.3714597258835804
0.4089990919510625
0.1607980860853248
0.39391087376683015
0.16705744035632053
0.3170697561341021
0.31040036284090805
0.2912295945759484
0.24839084236190365
0.27200901475543604
0.3179074357061123
0.13146811295022695
0.34108361933170306
0.2595371015184672
0.2648238560395066
0.227586115546656
0.34973033665312925
0.33241182205343106
0.13302899651268998
0.307491617350468
0.27742319358335965
0.2501871974905072
0.35023507561472045
0.22881552274398567
0.24812261319620937
0.13718208517059136
0.13675612823057615
0.35482894768121814
0.2210743206194241
0.3062667311095641
0.2700611006115567
0.20611667749717724
0.2530039627811476
0.06966825005481388
0.22628330775769248
0.08263902382398519
0.19386593806267105
0.23722510985308823
0.0630845466977788
0.07547711885474967
0.036695078719255966
0.018635515171627818
-0.0016122089424162546
0.5646182844371372
0.546064901725761
0.546064901725761
0.38861184486943506
0.4699913035684471
0.5465417422421192
0.20679689271054139
0.22907339575143884
0.46058415170994177
0.3679991279763468
0.44492282824334584
0.370132219937084
0.46568739344684407
0.5830234426434935
0.5417699103949073
0.46353231254854965
0.4924194180762249
0.4924194180762249
0.4924194180762249
0.4924194180762249
0.4924194180762249
0.47547013319701653
0.45501222086237214
0.3727779083386116
0.4613236392316399
0.416837697063385
0.4439409093966437
0.20239153886553457
0.46912545115754567
0.327490770029387
0.18374627638352653
0.39131704249937455
0.39131704249937455
0.3744767067399216
0.37858672137539323
0.37773968668962155
0.379356324308703
0.17538349274806012
0.17697874855278364
0.47140838987289735
0.40195929586851104
0.3014625021831385
0.4644025084331797
0.16904516874144396
0.1776478686353931
0.37647271306834695
0.3595333622527358
0.16101905266037025
0.17379514411261826
0.2786500701003197
0.16611910766022184
0.16471201283312775
0.16043198331061187
0.15684638463507153
0.1607797012887845
0.31522965708434003
0.32213377677935184
0.16521305973348666
0.31416305480009643
0.36416449909825405
0.27447281677466545
0.3376137472447763
0.34726439616381416
0.31708067958000974
0.29093202380187483
0.15759305296956527
0.38608245833711313
0.31252800937563896
0.15634550573418757
0.4249885938430666
0.15573215104465463
0.15132511920796043
0.3069098020085541
0.25333076852906156
0.3183428619728607
0.14634453159284164
0.14776107451258264
0.26024103935423315
0.3589765664045715
0.1433937412647304
0.2459691889116886
0.14263433490261954
0.3779946015049233
0.14014075951060143
0.3750082328260233
0.12573396157916927
0.12162540767240833
0.23380011145691074
0.2556803570224524
0.056899142175773014
0.19978343289595418
0.23644150447691323
0.10815393899020166
0.06639785812246643
0.23121637169718118
0.22918230383504976
0.0684554925264849
0.23448824805149723
0.2761571185582924
0.21041511922833417
0.06608374996568236
0.19707090128444354
0.055439516616843765
0.289696727122055
0.289696727122055
0.04888584505360329
0.2724527492613738
0.2724527492613738
0.1523822073677753
0.04194553832661705
0.2104499659734088
0.2588144506884537
0.2588144506884537
0.2588144506884537
0.24740637934573684
0.24740637934573684
0.2356906351158761
0.23750773039926273
0.22869868012461617
0.2128429625030251
0.047631566134825734
0.2207152134535084
0.20577815186256043
0.05466081519213775
0.053684649774267526
0.06342479064702655
0.19420810587622633
0.25688867175148294
0.06143282674798613
0.15087409251998288
0.1926946879659312
0.03824181039492643
0.02993521973314409
0.041489870759338104
0.03976453321464398
0.038349712155881024
0.037277751151285635
0.1752324867604893
0.04364923826521791
0.008705260414253919
0.0
0.0
0.0
0.0
0.0
0.0
0.0
0.0
0.0
0.0
0.0
0.0
0.0
0.6006527889645241
0.5024026917124146
0.5062921691540784
0.5448722030001999
0.5460520454592556
0.5833993209201609
0.4637896803821431
0.6011732951802766
0.5046023271821124
0.4232054835404649
0.4137869178439671
0.5408054155058171
0.48113847299865237
0.4758683914508751
0.5262020905162422
0.523302003278664
0.5427256768872187
0.48387354199424704
0.41705262898626677
0.5172710120680936
0.5192427666853499
0.5288104116822778
0.4851078008694672
0.4464736798694788
0.3986851204492993
0.4904887113436349
0.5036065189684957
0.5545023839608518
0.4767251262115464
0.5017487347837326
0.5264371359274176
0.4786983730483611
0.5336526862776994
0.5119370456740231
0.5119370456740231
0.5119370456740231
0.4491538482923802
0.4995336287991481
0.5180035106029827
0.5087265925986117
0.37696769623862875
0.5548721092087792
0.43598120626835446
0.3956965061665761
0.39911655227645737
0.47003118967828506
0.47003118967828506
0.5037927923384578
0.467365761604545
0.489458499593305
0.5050467731685921
0.554132456157119
0.5275740276662515
0.4919584617082534
0.5170573350116414
0.4286277810224188
0.46571556801325004
0.37568612861520045
0.44716228220171994
0.5276303787263935
0.45991019680649947
0.42819118240048276
0.5276838953091878
0.478937656511525
0.3184467287802218
0.43614992751333487
0.44454131647283784
0.3552751508722876
0.5019917451664553
0.5341073862700092
0.44628997019821964
0.5287939290134505
0.37651601323092593
0.3980578166582399
0.47305546128594267
0.4336638637174035
0.41042013985087183
0.45273397972944335
0.20903492019533218
0.4885673958327168
0.5116533348993508
0.44622626045916564
0.494318685894378
0.37608266350760355
0.36195826869740705
0.41351693983448834
0.21148600731849423
0.4767279502408038
0.4427710300695964
0.3521572175831369
0.45060068869603886
0.4490535712350277
0.38087422324860604
0.5051607805944932
0.4152667944638645
0.463141775772147
0.3514867171000258
0.34057509592617846
0.37386911511824206
0.2316229149852952
0.278645565899449
0.47135796531385105
0.47135796531385105
0.47135796531385105
0.404308869906505
0.196701193359095
0.4469184394580275
0.41089883485038503
0.4198331476277289
0.3789443781018073
0.1989731978959419
0.3678329129214691
0.40639853390759134
0.3685248902139469
0.3556310721909324
0.30334965790545604
0.40658719797164666
0.34167095959709193
0.3947665294220219
0.34661738677112747
0.38688066483460176
0.4076023704918465
0.4439547151592517
0.3909679690836791
0.4098218185540227
0.4219787000199756
0.416829623304472
0.4433183580098787
0.4433183580098787
0.4133231770768049
0.4493454852331978
0.38729637708531084
0.3710776726146949
0.20358592443457008
0.4129971002251596
0.4129971002251596
0.4129971002251596
0.36086739239449955
0.30450735138549495
0.40156386019669665
0.38495460906836
0.3560246468231261
0.31126573782936817
0.3557480758790265
0.2817651976409428
0.16858167424194645
0.40872713194880134
0.38208477084109904
0.3061709164320485
0.3958248922379336
0.3254763258883966
0.4680424504534253
0.343068276674771
0.36565793566891175
0.48973502543835196
0.420142873600759
0.30653862295097806
0.3055119884370051
0.39079614308763716
0.4016013253910952
0.32103338178300034
0.3170873907412753
0.43343717014709304
0.35090798852838495
0.423680668490714
0.19479824596023548
0.3522495828044164
0.18038682081791269
0.42933064630418816
0.19068408481289753
0.37130815927213084
0.16774435348870728
0.31426885449925057
0.3188311487623881
0.4096322136553228
0.19301507856678118
0.3777004105665566
0.4037840595317617
0.36839239578672883
0.35696756137930946
0.340366510362719
0.368696729467631
0.16137183615737571
0.319237642213753
0.30888560403259774
0.30957142089917367
0.3752929768992648
0.28867197195495276
0.355166094004088
0.35112277773411255
0.4149143353285828
0.33188623603011985
0.1537398234288205
0.35638190411616577
0.4003861358198581
0.38846324851519043
0.19126253739993407
0.2792660324352794
0.2790937214875526
0.18064357900212402
0.15798420557368612
0.3887505366646328
0.30514839954296263
0.32332698870911225
0.16621206384147175
0.3517811174623509
0.33931207875256286
0.2792684449807813
0.27445897678527786
0.2862443144079891
0.34439106918906004
0.16070669550363378
0.3217446822236929
0.4117915540209405
0.2804507678358126
0.27792253851592147
0.3749475901594216
0.19775154847582013
0.3272577576024711
0.2502234200761382
0.25952505533105086
0.16408908769422026
0.11867131888502831
0.339666371399179
0.2953102564555996
0.24456816073228999
0.30159202617805336
0.2653928563390568
0.24933338132842878
0.283953311969293
0.3178135733698142
0.14881250232335894
0.2163453835103819
0.24117668472640516
0.12956668465629498
0.2761537755497178
0.15172639568073318
0.2419778635289003
0.25003229815587585
0.31663234657366146
0.10149873060490434
0.37165049220387375
0.12744821537699133
0.2556704706408149
0.2603342429337673
0.12294022805139408
0.27766913023326295
0.2828125758097252
0.11971491735173212
0.22465047724644457
0.2541518349688072
0.2636018641821082
0.3210389015253327
0.11774911620304075
0.12061384034950487
0.28425674398678596
0.28425674398678596
0.27358207685066227
0.2481862933981746
0.18777643631151184
0.23441171893909815
0.23903209664881708
0.24709427574301546
0.23234507779240363
0.23378368494450297
0.26136337875519905
0.2129667956845042
0.26091441188296316
0.22662114299493097
0.2027999783293924
0.22915819985375568
0.22915819985375568
0.1764471002787201
0.07051177656579274
0.22247642842120155
0.07442049062657094
0.0804514516595741
0.11777929323293909
0.16159918523144684
0.17475420810107858
0.20412767220705538
0.15208969071719394
0.023501074272768558
0.032056178770136744
0.01563220020162202
0.0036214808810694746
9.136620033708029E-5
9.136620033708029E-5
9.136620033708029E-5
0.5304256570200018
0.497322906402766
0.3958604287988471
0.5706539008411379
0.53875728433194
0.5001368467870242
0.5332900802004253
0.45235605293047954
0.4277235042773909
0.5238156999111275
0.45964360915436436
0.43133637272223463
0.24573371745176592
0.48172224403548036
0.3905031488400741
0.4739482627301438
0.1933423009119394
0.47109426021288053
0.36947900632339076
0.45544483971630745
0.4193599210489745
0.374982150463054
0.40839063794344377
0.3766968441742154
0.3989825263848898
0.5670669676240739
0.4229520343285059
0.3828225257610429
0.45426256386931513
0.3126775548055567
0.48690385452525087
0.45532965565537303
0.466001463469808
0.3963554574779139
0.3506097868244251
0.4367440884817993
0.4367440884817993
0.4367440884817993
0.4367440884817993
0.37406696783637156
0.3348325982837462
0.34202745134766815
0.3477262760547193
0.3828277014010883
0.30656297693986356
0.44146433428818915
0.3428208830355832
0.2695272453699959
0.40692593672706445
0.37746209296121486
0.38315009456482
0.3180135683617254
0.4159740082114696
0.3580049416667183
0.4350330697022588
0.3618448723196201
0.369882675851577
0.4312269644812297
0.417847116477523
0.35798424753408575
0.4308220753620053
0.3446518815205491
0.3954800028458969
0.36646979771959853
0.3143619965369728
0.34052642023240914
0.3473596824688029
0.38881286826474487
0.3319867015782436
0.32685882309335856
0.33624357285836387
0.37434027827776034
0.32479008810636506
0.3202731898220566
0.3051520212957909
0.3164452096169751
0.2786345836401872
0.38480341080742164
0.1626486778305143
0.2408812577934547
0.38361337502811677
0.34372639570606767
0.28893911346172246
0.36248762690790265
0.24659947725473413
0.345485737529539
0.28434436725908135
0.3493026466596941
0.29488139130338
0.30859429348198514
0.36566467022601035
0.3246545767710605
0.3697036127689267
0.24719126643711223
0.26474191410446213
0.31589345377979205
0.3163621222491301
0.36460222418355037
0.16650304167693722
0.27863995440404427
0.3482454445797383
0.3216237772224716
0.3240750169705288
0.2957095982073517
0.2932278175724906
0.3127526046892126
0.2900302942461678
0.185826870988137
0.3353978784000945
0.26443675277108414
0.25336337693429606
0.1047597835858124
0.2575712694322691
0.22094702262483457
0.2592284707928025
0.26817371059397294
0.229216644258483
0.25111890684361415
0.3340067487620891
0.34354467299381636
0.10599325244438991
0.2753938158377135
0.20420871747106048
0.29921850091576985
0.2523323836465282
0.09380887325209468
0.3045187074266192
0.29316950655207796
0.24508345571590534
0.16165842399168268
0.20282935158467533
0.23462735555381445
0.21997026007797618
0.05581755378513469
0.055696487651901175
0.32919296370777174
0.32919296370777174
0.17882493478183928
0.3005178477046261
0.2822753312625745
0.2822753312625745
0.2822753312625745
0.2822753312625745
0.2822753312625745
0.2946948921345064
0.2575577803556755
0.04566058013157825
0.2480739810275641
0.1875471801088575
0.23948886484737575
0.21988029144071686
0.1992175528444169
0.15762087556768697
0.0
0.0
0.0
0.0
0.0
