0.4921778862548103
0.4961093000024502
0.498476397641575
0.49761565588003076
0.4977004502343545
0.49652138231837184
0.4973929581848921
0.4966626740779443
0.5022028518682575
0.49612252942292323
0.4947305783866692
0.49829052569312954
0.4982461002634293
0.49491202646779026
0.49818935485299204
0.5034007243399733
0.49781184637970355
0.49826633180849406
0.5002249420004675
0.49860568047331
0.4984915877383167
0.49944546819437313
0.4957026025093832
0.4997631454579458
0.5013030426331179
0.4990526686443042
0.5013016732719384
0.4965494551829801
0.4987559344083984
0.49813955352186373
0.49926356852815884
0.4996140542871501
0.4989511374521627
0.4992124511690337
0.49919873484322813
0.49988149280348054
0.4989493696441975
0.4990779230197344
0.4994177798462123
0.49973301538356024
0.4969669029149129
0.4968845139003872
0.4964152960653902
0.4998395755379308
0.49911570569570846
0.5059675480846082
0.5013780092416393
0.4999863585307175
0.5045341470874842
0.5043471857681013
0.5043471857681013
0.49735898848626003
0.5042067338538586
0.5042067338538586
0.5042067338538586
0.5040965455645792
0.5002510314520492
0.5006494840027174
0.49752119552909124
0.49963960788766104
0.5005651624073689
0.4969100353251146
0.4970154819547076
0.5038162354478108
0.4976249932781354
0.5037690724257685
0.500873667696856
0.4975472144919771
0.5006950340613925
0.5003646374542025
0.4977948552007962
0.5001007505212971
0.500772911555457
0.49753650796966553
0.5006648513797954
0.5000394955301296
0.4976025122930651
0.50096522343325
0.5004541238671807
0.5006779021814419
0.49770730972220156
0.49825141680510854
0.4978198150706854
0.5000034550206719
0.5017379187872273
0.4979935283195022
0.5006499100962016
0.4982297515905997
0.5051580462362242
0.5041595236990853
0.4984033009184772
0.4980771742336284
0.49801878263062294
0.4984288679719912
0.5016264114754189
0.499222530772567
0.4983615438497346
0.5012447613445232
0.49813533182810654
0.49876555014322593
0.49878773107792446
0.501484569879866
0.49887975033339055
0.5028782032637159
0.49884878861182747
0.49876113898677255
0.5016769336924337
0.49882636174764033
0.49899882580529825
0.5004528737983529
0.4981193346214735
0.500228441126034
0.4987260845417397
0.49881795511987015
0.4991077286445819
0.49903297355067366
0.5021625733834745
0.4991790721164738
0.5021957504752019
0.49886140167476145
0.4989431415165881
0.4990677725118801
0.4989890697037158
0.4994793625751174
0.5039255006767284
0.4991893762467749
0.4991420918256396
0.4996874026911719
0.49966054148798794
0.5042727944809489
0.4995905474068527
0.4997928995953693
0.4996991711172095
0.4998778345542323
0.4999353441609923
0.49980445844556654
0.4999454492849364
0.49994410909635156
0.49998327338694953
0.503842062767003
0.5021059322873043
0.5000056512809404
0.4999169279989912
0.500856308432529
0.5000952185264593
0.5001049516717244
0.500880057075838
0.5016736985574557
0.5028137045935477
0.5002528036271254
0.5041080704727486
0.500356257351206
0.500411468690259
0.5004254064633699
0.5004245534358083
0.5004804019160075
0.501035865384162
0.500908777386598
0.5015235305795909
0.5029883444744163
0.5017871247965211
0.5019023986690139
0.502998535567804
0.502998535567804
0.502998535567804
0.502998535567804
0.502998535567804
0.502998535567804
0.502998535567804
0.502998535567804
0.502998535567804
0.502998535567804
0.502998535567804
0.502998535567804
0.502998535567804
0.502998535567804
0.502998535567804
0.502998535567804
0.502998535567804
0.502998535567804
0.502998535567804
0.502998535567804
0.502998535567804
0.502998535567804
0.502998535567804
0.502998535567804
0.502998535567804
0.502998535567804
0.5059032179666129
0.4945551172122212
0.4957188759433258
0.49712829910068007
0.4916943513843927
0.49632499515457856
0.49801975832793977
0.49895710519963704
0.5058298794744802
0.49836582779545835
0.49839129406739896
0.4982683071226783
0.49736265794011725
0.49697859130303634
0.49856283360008063
0.4933197800750912
0.49275330068907774
0.4994665443675552
0.500105728771516
0.4935938206579091
0.4967635861930137
0.49628344156531795
0.49859215962253384
0.4981840005823236
0.4988628670489563
0.49401419145288494
0.5051487231092618
0.4957127788526195
0.4950741613311415
0.4943275381172848
0.49984032609587914
0.4985628349139276
0.4945243229278286
0.4989642559096022
0.5009784810349655
0.49816149513424957
0.4951455928290048
0.4955435963851719
0.4957704205244748
0.4956727419982191
0.4953826304073816
0.49739835962675066
0.49663071046531587
0.5050340496693115
0.5050340496693115
0.49525516035434497
0.49575891304029596
0.49940158316280797
0.5055905165323593
0.4990168400572423
0.5044621538797741
0.49973924383046386
0.5048726724830563
0.4992298170382791
0.4975369287175286
0.4960171277015434
0.5044866032916454
0.4981743977630024
0.49804704454557386
0.500315698551031
0.5042344350708853
0.4959865399666675
0.49703596944838313
0.49919910414781
0.5006325460687662
0.4980804212200881
0.4970467848424319
0.4965474774088414
0.49672840059191953
0.5009878926283852
0.49963860915249597
0.4981774971233301
0.49972252749363544
0.4967960486006669
0.49924072554394966
0.49712956264635777
0.4994544460909621
0.5013087236994676
0.5000860617918744
0.49916083374230147
0.49914552138490187
0.4987591671121559
0.5014992804534183
0.4977668058440912
0.5048271120658722
0.4983607592070115
0.49796356981844747
0.4974328572652523
0.4977530835627132
0.49877017569334964
0.5008626422027697
0.49864195005590084
0.4977535400028779
0.4981178600264673
0.4999578862863971
0.4985836727102483
0.49981809244971825
0.49879208908311895
0.49833578375984516
0.4984481385971583
0.4982893016478063
0.4988967604050948
0.4990859721076615
0.5009198178659224
0.504003001336108
0.49946909048454624
0.4987758091637107
0.4994776243623951
0.5009612395490981
0.4993514403931111
0.499181792292995
0.4999433536102052
0.4994165352091478
0.49955630609171936
0.5013674140815059
0.4997342766211929
0.49976942673572916
0.501610515995137
0.5000536565348429
0.500009677112042
0.49961461560308285
0.5003773997999076
0.5002615282082398
0.5007559329985959
0.500863243308139
0.501033402759816
0.5018079678324118
0.502998535567804
0.502998535567804
0.502998535567804
0.502998535567804
0.502998535567804
0.502998535567804
0.502998535567804
0.502998535567804
0.502998535567804
0.502998535567804
0.502998535567804
0.49241400777028443
0.49362493057623397
0.49792030943817533
0.49552124975695355
0.49284385108580453
0.49678338990151877
0.4967650864641836
0.49449995762078347
0.49377105718576253
0.4965971720757745
0.49442537259173747
0.4974962488960434
0.49456572032248086
0.49810650821663593
0.49864732577162363
0.4976985893451162
0.49559799655950243
0.5055997592589924
0.5055997592589924
0.504572029560102
0.4974306341846756
0.4990348672270915
0.4979162087808919
0.5042392811463678
0.5042392811463678
0.4996428056901246
0.5000359203086538
0.49644501769507854
0.4989397496364863
0.49640135290796406
0.5001724871171624
0.4992483873239835
0.4964236922485239
0.4994502872772065
0.49962039457104973
0.4963971656094722
0.49631680522335164
0.5016673282911444
0.49709775280018575
0.49698870405519296
0.4971565296222182
0.5004340994315682
0.49724648251186593
0.4973532717663829
0.49737033334419284
0.49740284725267714
0.4971598389581901
0.5017619521697102
0.4976840319561875
0.4977925973242751
0.4977052438349879
0.5014222627674844
0.49686211595392105
0.4978519453372587
0.4979542256623628
0.49809907617497035
0.5009882858437171
0.5014678484661693
0.4974579779510956
0.49826288013406245
0.4983541915736617
0.4983125751931921
0.4983290912962115
0.5015429524820003
0.5017801661053151
0.4984095401641784
0.4985323871621942
0.4990175875866505
0.49789093571706633
0.4985693982427349
0.49874903297060436
0.49849998223932
0.49868600669840824
0.4989728438384997
0.5042665112864771
0.4983154115140106
0.4991620969363601
0.49809984340971186
0.49912835943077777
0.49904877986495727
0.49913409294063454
0.5008210165769553
0.4992142745232434
0.4992808587036965
0.5037780552895681
0.4993063431104029
0.49848035906336036
0.4992748912174987
0.498853877197661
0.49920744000911177
0.49936552151630553
0.4986924048024922
0.49949454279139577
0.49935139683708496
0.4988322112315963
0.4995982605847217
0.5017001199478459
0.5031507506168048
0.5019441927520347
0.4997672899842284
0.5024757124929193
0.4997679101957683
0.49989112834951344
0.49991372832541564
0.49988943273240377
0.5038878342286929
0.4999307047273428
0.5002341810677571
0.5005681247026332
0.5028478875769016
0.5005232419885074
0.5004695912223309
0.5005381659777787
0.5009236434568433
0.500941691520411
0.5010198838942841
0.5010552435847535
0.5014161365842137
0.5015788286532039
0.5015516177967362
0.502998535567804
0.502998535567804
0.502998535567804
0.502998535567804
0.502998535567804
0.502998535567804
0.502998535567804
0.502998535567804
0.502998535567804
0.502998535567804
0.502998535567804
0.502998535567804
0.502998535567804
0.502998535567804
0.502998535567804
0.502998535567804
0.502998535567804
0.502998535567804
0.502998535567804
0.502998535567804
0.502998535567804
0.502998535567804
0.502998535567804
0.502998535567804
0.502998535567804
0.502998535567804
0.502998535567804
0.502998535567804
0.502998535567804
0.502998535567804
0.502998535567804
0.502998535567804
0.502998535567804
0.502998535567804
0.4955906278561462
0.4961313814312429
0.4989589123189007
0.4987650225529304
0.4958647224618824
0.49362852120058875
0.4988522317632177
0.5014707179458852
0.49558164959711376
0.497535182950745
0.5015356967586996
0.500870957133737
0.4978393237983563
0.49854497077643356
0.4996982086343815
0.4967928136872337
0.4961325206080624
0.49755940969316137
0.49409219392462816
0.5063678337811066
0.49990503167539263
0.5057505166765773
0.5057505166765773
0.5057505166765773
0.5057505166765773
0.49661482665222934
0.5053547783910425
0.5053547783910425
0.4946221793701422
0.49630211409563313
0.5050761638701613
0.49714867662925094
0.4975186010516725
0.4984540011130268
0.4974718028629481
0.5048533576258272
0.49783191740112587
0.498684333083604
0.49802768324693647
0.49605825820317273
0.4967484527653829
0.5047044900452439
0.5047044900452439
0.49775725757575284
0.4969101035793294
0.49844324238227367
0.4957918435467086
0.49496028668916886
0.4987903822977379
0.49759020809078675
0.5043627483803467
0.49697425114659594
0.49944612746790723
0.49577476525265896
0.4990731825933534
0.4979090632576729
0.4982728020535777
0.4956167607808013
0.4997583868373853
0.4956174481645062
0.4959844843111708
0.4958139480159347
0.49816645341951105
0.4993796076879531
0.49682502759610386
0.49848706627986406
0.4970283100816279
0.49710161462983854
0.4964521411007221
0.49845305932445105
0.49879215941347504
0.499254955273231
0.4994393655642358
0.5016514835332813
0.4982628749424921
0.49609862382831277
0.4966076248339167
0.49750670044909207
0.4968692337830572
0.49661831711692767
0.4972151125871724
0.49744265642536584
0.4976230735965257
0.5027412877114945
0.49556758015353375
0.49927897515094827
0.4963630891713116
0.4983108768095851
0.49669812614867176
0.49562309367734675
0.49871122255337164
0.4966128097565783
0.5042507328526407
0.5020559522349963
0.5010605658543392
0.49648763540843827
0.4990358597314997
0.49911838371820505
0.500127932694479
0.49782659486188596
0.4978100298325137
0.4970419962675243
0.49872918560639173
0.5016365731651458
0.5038639841652165
0.49794428046588646
0.5016382757067442
0.5038051794066156
0.4960453307739731
0.49909843361359135
0.4960315904435408
0.4974414802695027
0.500292075664239
0.497282772448428
0.49781747741205346
0.5013654002966227
0.4985657205191375
0.4969382923638312
0.4969461344994495
0.49875677917895106
0.49770580541784915
0.5002434785590794
0.4975221626213963
0.5026996325384
0.5014875850823268
0.5008760095521181
0.5030512737826596
0.497315528366003
0.49650759838208114
0.4968273653958337
0.4974702400916379
0.5002487595144437
0.4975484101797636
0.4995955839537651
0.4966235095186826
0.49792723718470655
0.4979148847361
0.49970319589956813
0.4965473276349244
0.5020719246976623
0.4980183688948826
0.49677867300082346
0.5013617402167663
0.4988743017191818
0.5006713719604937
0.4990998016778862
0.4998708995968185
0.49878651754789594
0.4985901289977282
0.4989060107818617
0.49686195819599854
0.49848389807118126
0.49890060145447385
0.49777733353388964
0.49877013729161285
0.4981342956227586
0.4966259811963501
0.49791744702078633
0.49834897977710824
0.5025199399224621
0.5037960755746367
0.4986088934970115
0.49906480296768896
0.49726867295556765
0.49906426137549986
0.49737500612800534
0.4984677332097459
0.49793291844017173
0.49900797181103285
0.4991403236383318
0.4988664057268947
0.4992447842973806
0.4977889639484659
0.49991911232909325
0.4981671612096311
0.4985388914764779
0.4999480891786154
0.4996621293805411
0.4992034966094664
0.49921310387717327
0.4996190603196944
0.49910792903761053
0.49788595027117705
0.4997123900333178
0.49940745116952195
0.4988623671288075
0.4992725124304787
0.49903851667159405
0.4992622497380813
0.5047506185579481
0.49947129008410535
0.49973749534959266
0.49940905742447805
0.49957498141289375
0.4994673333845123
0.5041977789196195
0.5041977789196195
0.5000761096425874
0.5040314657400933
0.4997201887531119
0.4995732748898506
0.5006667940429782
0.5000251831627903
0.4998652358062705
0.503715282123062
0.503715282123062
0.4999942488421678
0.5003842365541273
0.5000507477359944
0.49969290423565427
0.5017827674639916
0.5002135384334593
0.5004307806897892
0.5004654850811708
0.5005318268274903
0.5004476893139036
0.4992461176553218
0.500033179172497
0.4984181360896137
0.5008640035789073
0.5011333707180222
0.5006045713121134
0.5001931288588439
0.501588543379726
0.5005986079422122
0.5023220930277034
0.5015643416234985
0.5015154826048813
0.5000236417407741
0.5034233660225194
0.5032316405568491
0.5042444140099938
0.5018614991666148
0.5018854373081089
0.4944200447531636
0.500920658792965
0.4954223049183902
0.49717764367261064
0.49677307844980123
0.49944486589840376
0.4989678215347247
0.4994742099486736
0.4950727311768041
0.4995205977118329
0.4989550913796057
0.501376775463081
0.505738496367136
0.505738496367136
0.5000659101869402
0.4956295031572287
0.4992769330811076
0.505125108095816
0.5005639232685307
0.500058870022509
0.5009882263959389
0.5059239144595253
0.4961800751637542
0.5008127171011857
0.49956019865015977
0.5053101872725848
0.5042231940885719
0.5005603979349558
0.5009634348922408
0.5019384423927248
0.5002462519287931
0.5045475637602068
0.5045475637602068
0.502401047520762
0.49685394035707797
0.5027343407016474
0.4970802876086441
0.49967592491714646
0.49993925023208585
0.4970553028438395
0.5044163208596776
0.500584229377364
0.501000084669398
0.4977743533760375
0.4977966699557739
0.4979003405794069
0.49762846885627077
0.49785920358928354
0.49774185062876847
0.5075735006735976
0.5023135872730127
0.5013622395452112
0.49813132776228747
0.49816881196666946
0.49818135089132237
0.49845401580199117
0.4985203291514231
0.4986963776158873
0.49839532086146493
0.49851807145937727
0.49877810122767363
0.49856743699974204
0.4987328881994648
0.49850280520071627
0.49859345992919146
0.4987225990155149
0.4987847336645676
0.49885270806681303
0.4988725744626459
0.4989671880173072
0.49895258862082303
0.49897674009020376
0.5022184115545312
0.4991367826014162
0.4991644482559776
0.49946897185140443
0.499292964628204
0.4995004965104069
0.499334884639508
0.49967713994531804
0.4997577762981507
0.49952224588308586
0.4994597418591234
0.4993650688574223
0.4998058555377918
0.4996313996904381
0.49940260719082974
0.49956695275983065
0.5053296584241642
0.49974902807514243
0.4997484257667598
0.4998108295574191
0.49992066013578945
0.4998803499834073
0.4999488299086311
0.5000073825041698
0.5044269377859968
0.5000029707441304
0.5004244279920315
0.5000924379309564
0.500220386066635
0.5002140012717533
0.5001649919857718
0.5002793310643472
0.5002415483813841
0.5045272702503432
0.5006027086236424
0.500408930921548
0.502998535567804
0.502998535567804
0.502998535567804
0.502998535567804
0.502998535567804
0.502998535567804
0.502998535567804
0.502998535567804
0.502998535567804
0.502998535567804
0.502998535567804
0.502998535567804
0.502998535567804
0.502998535567804
0.502998535567804
0.502998535567804
0.502998535567804
0.502998535567804
0.502998535567804
0.502998535567804
0.502998535567804
0.502998535567804
0.502998535567804
0.502998535567804
0.49155910717154566
0.49838741959439703
0.49442385120212984
0.4969313830441515
0.4999628026268793
0.4928646393882679
0.4956308937347088
0.49579138710322995
0.49727155201069156
0.4953591300040457
0.5066424657838379
0.4965927778429893
0.49887267180697126
0.4935356791616242
0.4977117469962153
0.5010403474861886
0.4979626950726439
0.4986315064668933
0.49701403935897714
0.49788993996695996
0.494727511763687
0.4930643608304345
0.5025979265910204
0.500610010542565
0.4989427732511004
0.5021946643915837
0.49871059866707085
0.49557651153751947
0.49729781711106275
0.49961230933392076
0.49865133877872597
0.4999190511854305
0.49604837419901826
0.5054251443259301
0.49640934304476136
0.49946433260873496
0.5002573947293866
0.49676211186836083
0.4999488679222673
0.49605892556916387
0.4971182087631809
0.49605547420167323
0.4964212216329606
0.4968356784265524
0.49626260852641607
0.5000671001770742
0.4988498017890185
0.4966019281648386
0.4962969242344881
0.4997409284456008
0.49683974979593676
0.49755719911843943
0.4971758786624761
0.49727462368618397
0.5019027603365498
0.49785195245381897
0.4979971688311265
0.49741702439456575
0.497492064715134
0.4982445923357709
0.49764992078609055
0.4978843360989673
0.49801846701383196
0.5022798408825789
0.5035721677616309
0.49848609937309735
0.4977803561669242
0.498571369096817
0.49866279910220757
0.49865880201607543
0.4987676728216465
0.4988654175360642
0.5013018854440779
0.49895921855237413
0.4986519526624949
0.4990571175932595
0.499324373952568
0.49958256288002684
0.4999484683914062
0.5024173370121986
0.500308460881628
0.5002864034311563
0.5007329397564801
0.5008823500412173
0.5010294717046332
0.501076641716339
0.5010559303789356
0.5036700623150605
0.5014283942842377
0.5014553741670232
0.501541990758047
0.5036215147119164
0.501653463958913
0.501691442903191
0.5016750484385654
0.5017726167469678
0.5018472241190359
0.5017813619352453
0.502998535567804
0.502998535567804
0.502998535567804
0.502998535567804
0.502998535567804
0.502998535567804
0.502998535567804
0.502998535567804
0.502998535567804
0.502998535567804
0.502998535567804
0.502998535567804
0.502998535567804
0.502998535567804
0.502998535567804
0.502998535567804
0.502998535567804
0.502998535567804
0.502998535567804
0.502998535567804
0.502998535567804
0.502998535567804
0.502998535567804
0.502998535567804
0.502998535567804
0.502998535567804
0.502998535567804
0.502998535567804
0.4945223133409778
0.49389077239986334
0.4923804807320085
0.4923651989393852
0.49602739492983733
0.4975643689156468
0.4941024695116005
0.4966620507316656
0.49285707219391833
0.49329773640150043
0.49436195661832083
0.4930817140788919
0.4973393535923759
0.5005238574258104
0.49789047503012407
0.4993332619917543
0.4977589253698541
0.49817811919179006
0.49378817537847247
0.4974912097279872
0.4942918194693334
0.49795068884633653
0.49460812807864574
0.4972392550684329
0.4975064088213203
0.4976183464042129
0.49432859914573435
0.4946180838022486
0.49793321062760904
0.4989648676997512
0.4958712250742348
0.4945834786808452
0.49816368468886335
0.494760784957889
0.49409978566732704
0.49472159165825313
0.49765185320913347
0.49612759707874227
0.49851791324753053
0.5059486795872269
0.494819591346424
0.49781580887924587
0.495186960412234
0.5003347720788456
0.49526388085574063
0.49887234233078226
0.49524497157520225
0.49501620253682943
0.49913025493079627
0.49474498325265853
0.49783716380296145
0.4985233170788221
0.49812488294238805
0.49871361523929153
0.49619595328318583
0.49534168065917933
0.49538674343466615
0.4988966225356803
0.49546351851271936
0.4987593960671118
0.5005009698383297
0.4990426650253085
0.4989929742890961
0.4966082619482572
0.4954242740353244
0.49482960464388104
0.5001304543133007
0.4994724044725385
0.4996240431867233
0.4984157740381254
0.4958496743692306
0.4959277006379197
0.49639383114872976
0.4991433356622928
0.4999327080010469
0.49885362290516533
0.49939080922073503
0.4989070781839554
0.4959666048197113
0.4960202541782444
0.4994308634941104
0.5055000077083778
0.49898440646254516
0.49656374562595434
0.5012269947519614
0.4989694261074488
0.5052966378565038
0.49892424632958565
0.4997739216779323
0.4992738376997157
0.495584238207224
0.499370804831426
0.4974869496183814
0.4961555141764091
0.5013966196745266
0.4997817643487824
0.49750988628112347
0.49952455418825764
0.5000532973052935
0.5024737679016404
0.49960354311391
0.500671734779029
0.49585258568721297
0.49994322961461435
0.49997800614842286
0.49666152664056407
0.5012310167353533
0.4999684803373405
0.4970110064787967
0.49638484828234375
0.49975754117152654
0.5000159258661738
0.49658928083080267
0.49674231519643014
0.5015445427167612
0.49679939265183387
0.5005495290729137
0.49668496567655446
0.4966777539793162
0.49645190920235943
0.4966355218039069
0.5003140678969995
0.4962700594494066
0.4970452808651593
0.500069602781058
0.5013437871502596
0.4964792775844071
0.49714351306533205
0.4998926679210234
0.4963498512881011
0.5051927777238889
0.4972515512858093
0.5014275228072529
0.49692537558016225
0.497382771553058
0.502231399543051
0.4968537444078473
0.4970831317820335
0.4962603102079985
0.5011888521851494
0.4968490938387649
0.49775468282608165
0.49773008469305985
0.5014135411023238
0.49703865476755027
0.49773730255858417
0.4975080090436718
0.5016526799833951
0.4980446582772522
0.49783867405864574
0.4982010197832751
0.5018726777705055
0.4976808195081335
0.49710248771339893
0.49819093149480526
0.49846146057493673
0.497951333028193
0.4976696287235749
0.49808002813928803
0.49824320202115
0.49847383924132593
0.49818272562656596
0.4984464623009274
0.49886168531109093
0.4987304399866475
0.4990681304773399
0.49924225454501187
0.4994925147139171
0.4993859103339144
0.4992865500444622
0.4992120450751101
0.49955816844872447
0.49949565509222266
0.4997078902192906
0.49984573055846815
0.5000612992220508
0.5001340648829876
0.5002006903980287
0.5001680588340475
0.500223028522608
0.5003582346494784
0.5014761861985493
0.5004281838447959
0.500463790135254
0.5005416335548162
0.5007443009856423
0.5035612299398856
0.5008490340655865
0.5019277726694893
0.5014926612828071
0.5009394679659126
0.5012513684462037
0.5013238821741838
0.5014165853425063
0.5013828648851208
0.5013416175963813
0.5015204494406557
0.5014816071669859
0.501293964119284
0.5036068688468278
0.5015681766554755
0.5017219890869473
0.5017209475435594
0.5018765611048202
0.5017965453695441
0.5018572077237584
0.5018990431804573
0.5019479376817307
0.5018766324249585
0.501923693946297
0.5019172337648655
0.5020932450947816
0.502324214159279
0.5023847911924404
0.502998535567804
0.502998535567804
0.502998535567804
0.502998535567804
0.502998535567804
0.502998535567804
0.502998535567804
0.502998535567804
0.502998535567804
0.502998535567804
0.502998535567804
0.502998535567804
0.502998535567804
0.502998535567804
0.502998535567804
0.502998535567804
0.502998535567804
0.502998535567804
0.502998535567804
0.502998535567804
0.502998535567804
0.502998535567804
0.502998535567804
0.502998535567804
0.502998535567804
0.502998535567804
0.502998535567804
0.502998535567804
0.502998535567804
0.502998535567804
0.502998535567804
0.502998535567804
0.502998535567804
0.502998535567804
0.502998535567804
0.502998535567804
0.49387901125030137
0.49803556490725115
0.5069637722914406
0.49804046782660844
0.49591816541229966
0.4949670464588395
0.49710023290868166
0.49523914160385446
0.4991682551448177
0.4975963217835755
0.4975354390154279
0.4961839451047189
0.49879974056632237
0.49753809752555533
0.4991379892765095
0.4997630328264369
0.4972226011275849
0.4979495977722111
0.49767936710095256
0.4963217186704523
0.4975688095456349
0.4971155589022969
0.49464030284212807
0.4970771409865327
0.4978112288368713
0.4955399158590101
0.4988093579328839
0.4968914305463095
0.49885095595297174
0.4962640540141921
0.5060568621624276
0.5060568621624276
0.5060568621624276
0.498438716368074
0.4985022042711889
0.49800692604056845
0.49688243467322857
0.4974462650936695
0.4983906587782163
0.4973731859226172
0.4975659458964194
0.49912482332778013
0.49940679740566907
0.498537367951514
0.4972182741444652
0.5053780607106483
0.5052315727338684
0.49848206021423547
0.49925696709186407
0.5002754576547429
0.4968418690549365
0.4980821091279101
0.4964170871086087
0.4982443580866775
0.4989375804187346
0.4973237716650822
0.49759451949115474
0.4987595395102388
0.4977947972533575
0.49813372175224885
0.4991981356180903
0.4986651069546699
0.49872761948782446
0.5010108287067061
0.4997489353599003
0.4967500748865633
0.49978277537716687
0.49904403319167834
0.5053201996362537
0.5053201996362537
0.4991878941073615
0.4997079795814929
0.49995988624719717
0.5002669390578934
0.5047510174278583
0.5045754063947303
0.5045754063947303
0.4996007294572196
0.49693282342095
0.5042934128957579
0.5043272177729206
0.4994523664564116
0.5042353027784979
0.49988796652683604
0.5011632416952249
0.5016024863130358
0.49985828862129944
0.49980745446152985
0.501105941179738
0.5005245558762591
0.5002104761184335
0.500434452989534
0.5007801395086932
0.5000835037718281
0.5000609000387789
0.4988903912839023
0.5006042456605827
0.4999439487334468
0.5011443270243963
0.501503186159564
0.49744479678362163
0.5008561024674052
0.5007840856918958
0.5000931413727074
0.49772199365177816
0.5012290277234811
0.5016663560616322
0.49879588146072085
0.5007007163730324
0.4996852114028049
0.5001964608863206
0.49970689108051447
0.4993078450885206
0.4982920318155356
0.5014416167334491
0.503991373820261
0.5010615737806343
0.5015975081828202
0.4977217356741083
0.5021443082067772
0.5002169389504368
0.5010310741036018
0.5017814977971706
0.501740292124947
0.5002973387441736
0.5014321193897945
0.49983145960032066
0.5019185176407613
0.5016368430717987
0.5019712594272213
0.49814999699925105
0.5007273212202675
0.4984390284364195
0.49834825268242583
0.5018732941979803
0.4983351479888593
0.5003424930596106
0.5021581565281479
0.5004631818114229
0.4993516490226308
0.5015975352995918
0.49845661885327847
0.4989568462177503
0.5006602691599802
0.5012126290405661
0.5029903194260813
0.4998336035785499
0.5000714768639434
0.4993838041342935
0.5034171163164817
0.4994827405956088
0.5021986541359681
0.49895053627674757
0.49954196054517574
0.4996304540714907
0.49996435703374426
0.5007123249179039
0.5005108840097282
0.5005818735984673
0.5025263663992735
0.502998535567804
0.502998535567804
0.502998535567804
0.5070420273766458
0.493428063451395
0.49683368061703964
0.49913103012409
0.4952889951379215
0.49517350841765095
0.49628011074894024
0.4960784114022742
0.4971476701965458
0.4922651997223238
0.49521881509822163
0.4957592036043559
0.49852244930804207
0.4956247815724945
0.49597666041873756
0.4918990796982456
0.495726758985158
0.4958764933248335
0.4956589747645476
0.4959119171156247
0.4940219736621046
0.4953676423902275
0.4967465194877715
0.4928642902934484
0.49641101581258296
0.4975502067054016
0.49413502255116465
0.505002574705071
0.505002574705071
0.5045798425120577
0.5045798425120577
0.5045798425120577
0.5045798425120577
0.49385673559458265
0.50434288280109
0.49388850870204476
0.504186813499018
0.504186813499018
0.504186813499018
0.504186813499018
0.49789981426339774
0.49461708781864944
0.5040741903296141
0.5040741903296141
0.503988001963744
0.5039192991728081
0.5000850315335754
0.4972357098565765
0.5038628737540333
0.5038154539480031
0.4950531464386611
0.49423974911967294
0.4979162633821001
0.4978113842515335
0.5036059584836261
0.5036141980248836
0.4954821947365046
0.4983684725860986
0.4983674603618865
0.4993070328353431
0.49577461135772816
0.4990504986397408
0.4951426655801144
0.4956676451875343
0.49525313954695727
0.49824912621789075
0.5042118682225389
0.4959788853985941
0.49471795913617106
0.4989747848046702
0.49988998554875375
0.49644469550422493
0.49961891073021164
0.49645979623330194
0.4997568393670817
0.49515939436943734
0.4973427840106604
0.4966848006082322
0.4999385605203928
0.49702493248555335
0.4981397809948042
0.4972387189107242
0.5040488860654257
0.49740796517486924
0.49818149071426965
0.5046946599518809
0.49729585044058794
0.49772828485513243
0.4978063497467302
0.4979246194570457
0.49709898387854484
0.4980938662170699
0.504043332079612
0.49721133353908575
0.4982457169046937
0.4982596953525729
0.5036696124520371
0.49823804247720055
0.4986011097913819
0.4986878091353816
0.503225098531731
0.4989490964647694
0.5032783453020315
0.49911488663011083
0.4995136905908046
0.5011623703113969
0.4996670864902134
0.5000006515927525
0.5001683305907576
0.503596945734327
0.5003387963569834
0.5016697595871026
0.5006496347633275
0.5007023081527155
0.5007233763841762
0.5007657188524464
0.5008896269508365
0.5009589509515292
0.5033074632121035
0.5018231430240769
0.5019591366532502
0.502998535567804
0.502998535567804
0.502998535567804
0.502998535567804
0.502998535567804
0.502998535567804
0.502998535567804
0.502998535567804
0.502998535567804
0.502998535567804
0.502998535567804
0.502998535567804
0.502998535567804
0.502998535567804
0.502998535567804
0.502998535567804
0.502998535567804
0.502998535567804
0.502998535567804
0.502998535567804
0.502998535567804
0.502998535567804
0.502998535567804
0.502998535567804
0.502998535567804
0.502998535567804
0.502998535567804
0.502998535567804
0.502998535567804
0.502998535567804
0.502998535567804
0.502998535567804
0.502998535567804
0.502998535567804
0.502998535567804
0.502998535567804
0.502998535567804
0.502998535567804
0.502998535567804
0.502998535567804
0.502998535567804
0.502998535567804
0.502998535567804
0.502998535567804
0.502998535567804
0.502998535567804
0.4951706843931434
0.49518737301925714
0.4965610548497163
0.49492031077359616
0.49487431826147765
0.4960064334101692
0.49749286049050817
0.497851608209932
0.49611425857974634
0.49615377020388535
0.49308824752509
0.4942110226483471
0.49621278084692155
0.49621703324019534
0.4935396839312761
0.49496180101723286
0.49697407073744737
0.49493903737688705
0.4947478857350975
0.49528352897995365
0.4971769323599135
0.4970170131557027
0.4982636028020293
0.49658502501281826
0.4994255404322
0.4966761854794549
0.4954434044220909
0.4990320828800932
0.4956957820679882
0.494387453829596
0.49578176725959694
0.4958230488002241
0.4935476008212298
0.4988940551663123
0.49943136942827854
0.4958698925510651
0.4987679219847379
0.49593355528104677
0.49669883541726223
0.49478412643632236
0.49948487089557475
0.49467643178893045
0.49560686979059043
0.49855040069806034
0.49536353983417175
0.497474696024476
0.4962404942937862
0.49675243779030953
0.49514158565802185
0.4956206442643351
0.5059151750156389
0.49754452585318776
0.49595871305859324
0.49715001423697924
0.49792542285578606
0.49703493541784727
0.5002173334858453
0.49593752194452806
0.5002248554864719
0.49737493895314
0.49580327706788613
0.4968642919457594
0.49714125943339643
0.49775713481205586
0.4979321520702583
0.4997086213871
0.49697178666965225
0.49999542703280075
0.49653456747348884
0.49623216307045753
0.4983231972565767
0.49927901984331763
0.4979576416024261
0.4981471666317586
0.496940808559341
0.4965512009937494
0.4983420299829863
0.4960783885188258
0.4987729149921405
0.4985330376945478
0.4989158528209806
0.49862091583220325
0.4991588493380743
0.49895472245683914
0.4991873243426109
0.49687774792569234
0.49892101619662266
0.49905817722682433
0.4993065819149905
0.4996109775453862
0.4983042820179284
0.5005053266988093
0.500429151062708
0.5002115670519373
0.49970800877685917
0.5005979106724306
0.4980609133334681
0.49998640176387216
0.4969965143645332
0.49917433351426155
0.49974283664088115
0.4998001080298605
0.4982285727578883
0.49961346798936573
0.4998316551836868
0.4985061501828929
0.500540948109214
0.5000921338074598
0.49769371163179815
0.5006539439048986
0.49787140213917963
0.4978078856074762
0.49784358371617593
0.4981992778957543
0.49821258375432753
0.4992880662749019
0.4986074978102699
0.49891769480764314
0.4999141388836538
0.5010691254897582
0.4997692782196625
0.4996076309807877
0.504144711047747
0.4990566087672556
0.49941567418730787
0.49945646879064404
0.5000471407235154
0.5000791425532807
0.5006101893879656
0.5004094066901125
0.5003466879467627
0.502489288273666
0.5006018958531102
0.5008603353801194
0.5024050782876025
0.5046339312618261
0.4952208419507877
0.4959706008112769
0.49510052880342464
0.4947529458274142
0.4958551052579436
0.4954429528425813
0.49855601122566495
0.4980492230009462
0.4957763381549375
0.4972287491388623
0.4960182023251568
0.5056518992519047
0.49830538270900493
0.49620100856524757
0.4973167791676413
0.49685130995689875
0.4962656026652596
0.4972405060430118
0.5064766613442091
0.4966299156218068
0.49715321440673066
0.49685513159237715
0.4968284017646155
0.5000062597484396
0.49781236577122356
0.4964937808235992
0.49765735348942836
0.49936073290301286
0.49739774841863726
0.49749958119018994
0.49780320333106504
0.49789925328933055
0.49782877444766865
0.498458127911565
0.49924946131306974
0.4986633783223733
0.499391575994277
0.49812828821406263
0.4959183544165993
0.505342685861676
0.49850416284419297
0.4987140188694664
0.4998492423345193
0.5059153158344176
0.4995769425897116
0.5056605295519866
0.5056605295519866
0.4994384993493552
0.5066398908378275
0.5066398908378275
0.49965413350062277
0.5054320709796066
0.5060220569355653
0.5060220569355653
0.5060220569355653
0.5060220569355653
0.5060220569355653
0.5060220569355653
0.5060220569355653
0.49902851421644634
0.5005213812072202
0.505624393534276
0.505624393534276
0.505624393534276
0.505624393534276
0.505624393534276
0.505624393534276
0.505624393534276
0.505624393534276
0.505624393534276
0.505624393534276
0.505624393534276
0.5053433349870114
0.5053433349870114
0.5053433349870114
0.5053433349870114
0.5053433349870114
0.5053433349870114
0.5053433349870114
0.5053433349870114
0.5053433349870114
0.5053433349870114
0.5053433349870114
0.5053433349870114
0.49983425742597287
0.49523223871991406
0.5051321641166442
0.5051321641166442
0.5051321641166442
0.5051321641166442
0.5051321641166442
0.5051321641166442
0.49956170800209904
0.5049665251946227
0.5049665251946227
0.5048323781070309
0.5048323781070309
0.5048323781070309
0.4989572100579134
0.4987630616024285
0.4966540264580377
0.4949096251298399
0.49524135913845574
0.49947806233548914
0.49802247487419443
0.49553377613374366
0.4968137097700813
0.4973499877366543
0.5018058717888846
0.4974034935478829
0.49615633785948415
0.49805458358538535
0.5008013235849947
0.49811652628501035
0.4968526148122857
0.49695738605792655
0.49869203194641826
0.4997724762495885
0.5000343779625667
0.4987229953972529
0.498427435773128
0.4977519875098247
0.4988589571996926
0.504180081064519
0.5040905528639458
0.4991939243516748
0.49933216313605067
0.4978921477775477
0.5004277342236435
0.49874170640577836
0.5037920796346768
0.5011799842644814
0.5035563928579303
0.5043720459302564
0.5035075056936883
0.5014475779037048
0.5035996838732921
0.5013291045809607
0.502998535567804
0.502998535567804
0.502998535567804
0.4949158309282404
0.49239209992275185
0.49621979790095483
0.49416043106194707
0.49726618483153406
0.4953118739151785
0.5011437559375742
0.4958707167884765
0.49686122884188866
0.49474888468873435
0.4962419800931892
0.4956680891595614
0.49831602478169845
0.4974319025608293
0.4988313949505195
0.4979379019392204
0.49784585860887004
0.4968270190553272
0.4976389887888488
0.49536246126743233
0.49633796464712404
0.49795451693767656
0.4974827256352322
0.4946156417759498
0.49727772111043866
0.49791091432331874
0.49841993844090854
0.4974504155916396
0.4970846855903856
0.49683394084105853
0.49709565969595776
0.4965807669775367
0.49821178602880395
0.49832273825237977
0.49988582053276853
0.4974436170651067
0.4989141206552275
0.4987783394161469
0.4968924204218426
0.4981572710977421
0.4975726135203152
0.4959806391118655
0.498756358072733
0.49754515144167283
0.49671235202334924
0.4992062912365775
0.4963756027043983
0.4965606338330078
0.4964108436361722
0.49804881996437067
0.4980245100824462
0.5008101930201668
0.4980753324930376
0.49809357238507296
0.4966225608604198
0.4973113836720901
0.49848129407895103
0.4989050577028136
0.49765791058445635
0.49831004481847035
0.49836342385198523
0.49814782745666825
0.4997883555643247
0.49875515966644085
0.4977323134147714
0.49833693843580074
0.4987868835783169
0.49823845965346086
0.4951798352083405
0.49827176659647165
0.4971941725826872
0.4988133502745735
0.4972613805086342
0.4997180312017309
0.49741319871168804
0.4988803871721414
0.4988822411383296
0.4986499139895917
0.49944769780306814
0.4978216464525405
0.5003082737544191
0.49832233700517115
0.49732880276770147
0.49739589867666495
0.49869281653040226
0.49739751229835777
0.4978833098506015
0.4991963272201872
0.4962351509525954
0.5016710827550569
0.4979765906990236
0.5053376388439216
0.49932394378757766
0.5051062653311944
0.5003665213849933
0.4958757144603463
0.5009750771161305
0.49807607022709577
0.49813776939563537
0.49821916480306455
0.49759220184156217
0.5002583963541436
0.4983288967080129
0.4968783475948462
0.49864359561992505
0.498763315592649
0.49846789359515975
0.49604783549335907
0.5004967718988719
0.4987752048915425
0.5008531646427979
0.49850729843640473
0.4969137668846556
0.49903298705788135
0.4984153579573249
0.4970927815228226
0.4990969562807435
0.49899503424724984
0.49972077050692537
0.49887857870297564
0.49851811167517085
0.49947003002106233
0.499674671643994
0.4996237294441122
0.4994809810624047
0.5004620291187974
0.49791340281241175
0.49959901900885506
0.5005416152642613
0.5006749447965038
0.500194983686868
0.500521246151156
0.49882715256964233
0.4984753759431131
0.49991970169677735
0.4996474173828157
0.49913071224211214
0.5012169525100573
0.5016660840436151
0.502998535567804
0.502998535567804
0.4973360414658835
0.49468476626066205
0.4928729163401116
0.49750792893888207
0.4942143471754715
0.4937414510550722
0.4957186315467682
0.49559116335319403
0.5066595046260012
0.4961055148825529
0.4973514772382777
0.49398613315948725
0.4941829219956863
0.4966678997779516
0.4935007180070765
0.4951790752252638
0.49675701951409235
0.49959483674011457
0.4975578256684338
0.4983755637638381
0.4956445708744341
0.496654829025191
0.4980699244862455
0.49500802985388487
0.49734679187706793
0.495045239215804
0.4966026030835944
0.5057824239491691
0.4954358417819491
0.49604901439920707
0.49825736000289284
0.4969400597098882
0.4961680342553227
0.4965833452387399
0.4980916988595583
0.5047801643339269
0.4970574108322554
0.49456456092987316
0.49775364200810723
0.49492964380275223
0.49470754172104237
0.49635186517203955
0.4958107294166939
0.4951315117352158
0.4990185931409561
0.4972895798911837
0.4953724618170221
0.4994129542677872
0.49849217076012736
0.4973017467019431
0.4958388013327318
0.4974169886225814
0.49688252815420786
0.4984224681288784
0.4974092158099938
0.4954574452918869
0.496519925641153
0.49626784723464995
0.49727402433473367
0.5001831458250657
0.49744676921649483
0.49803452085796845
0.4994742561361561
0.49752046397531463
0.4976118091123062
0.4967986989737412
0.49994374749824466
0.4972229293329155
0.49792754908287223
0.4973015752923246
0.49781659768982334
0.4963172674162098
0.49720785294244557
0.4968809692247378
0.4975851632299751
0.49787978167021013
0.496899934643469
0.4977262008089489
0.49783913991204193
0.5042664570237126
0.498183012526626
0.49637359585081403
0.4969526341890685
0.4975001020429737
0.4966530796728464
0.4976398081769612
0.49597693572512885
0.4975335655401455
0.4978105634189944
0.4973424450141787
0.49788140372200124
0.4957835228514221
0.4980389463706549
0.49950936371087873
0.5008163860280103
0.49801920068561495
0.49841437421752627
0.5010661356491558
0.4975365140272522
0.49975021985495127
0.4983174377118058
0.498536189216477
0.4966838007385353
0.4987717456442162
0.49920574005245866
0.4978982782381718
0.49717608166187877
0.49765390628899453
0.49841640509643226
0.49815492727278915
0.4986019046852917
0.4967225118023928
0.4991200344237927
0.4976972916167824
0.49693993808616405
0.4998819146173149
0.4990086233935288
0.4991803743019971
0.49988458507243244
0.5055644861157242
0.4993000759102851
0.4999673375772753
0.5051928597419381
0.5051928597419381
0.4975836768192272
0.4985082542975872
0.49976726395297133
0.4969783246630573
0.5047367394926237
0.4996079570258603
0.4991502186364421
0.49846761348297175
0.4988875246950123
0.49813685545287845
0.4985827332003988
0.498703588658163
0.498559367235754
0.5000013408679308
0.4997766413158693
0.4988709429646753
0.49994682140239005
0.49954562092297994
0.49978201132061184
0.49888649809667335
0.49829609803467706
0.49854460932657946
0.49889824836737157
0.4993380147931416
0.49757271222684674
0.5004384763709926
0.49651443903854175
0.49743262398359434
0.49953028160046825
0.49868962987438165
0.4995337710711075
0.4994175822344324
0.4998393677779442
0.4987172253603706
0.4978223538803832
0.49980299692752733
0.49881741232470517
0.4974254902677174
0.4977331256967091
0.49880417997762927
0.49908189083597826
0.5042527781059407
0.49943049710654785
0.4983789173836345
0.4999596284568922
0.4987962344623512
0.4991957002523815
0.4997015329904084
0.5012656315843844
0.49832312159945386
0.5012844995011086
0.5019076740229804
0.4999213628879545
0.5015030922935168
0.5043841829271928
0.5040856872383266
0.5040856872383266
0.4999678223095863
0.503759819870456
0.503759819870456
0.503759819870456
0.5003157546992695
0.5005303860420938
0.4985441146229644
0.5035792418075447
0.5022248145715114
0.5048915393411537
0.5034612072971346
0.49819015054563753
0.4995028854898376
0.5033763584934552
0.5044727378656932
0.5019784877359985
0.5041736793809076
0.5041736793809076
0.5006164940673717
0.49898536407891214
0.5038468174422648
0.5038468174422648
0.49871101745029056
0.49886486427703325
0.503745217890012
0.5032208800945162
0.5036654182754299
0.5006262787346009
0.5035008485091184
0.5008578852125719
0.5012420181481937
0.5005480272666072
0.5038996412915565
0.4995396032584191
0.49976658827155473
0.49955567228816405
0.5006392960630738
0.503470127740709
0.5006781499078092
0.5008126554735256
0.5008462364541663
0.5013085360319643
0.5036556196108315
0.5036556196108315
0.5014033767024944
0.503375416818471
0.5021347982339672
0.501465678943712
0.5012240088425456
0.5017131064079918
0.5018657202358043
0.5034733342405302
0.5016640692034314
0.503459949982974
0.502998535567804
0.502998535567804
0.502998535567804
0.502998535567804
0.502998535567804
0.502998535567804
0.502998535567804
0.502998535567804
0.502998535567804
0.502998535567804
0.4932337553036024
0.4933783896395951
0.4957958300675547
0.49605143448634575
0.4933903535409196
0.5032111181724883
0.4954526833305151
0.49492850447821235
0.4939608035216922
0.4964828668483788
0.4956491452375393
0.4941933514472585
0.49366794273693976
0.4958043481252402
0.4945282222166094
0.497955015424479
0.4965967329231381
0.4987043661499172
0.4955484344106608
0.5045663731064682
0.49577165208614704
0.4969762116694863
0.49596857500241176
0.49714199441405155
0.49769723167432683
0.49603981313812734
0.49808792718332356
0.49833852077816315
0.4963674627393014
0.4980691896715044
0.4997428956069907
0.49898616343270147
0.499316339616591
0.49881269290121283
0.4991218401651317
0.5055080855692701
0.5055080855692701
0.5055080855692701
0.5049478856989378
0.5049478856989378
0.5045947449549395
0.5045947449549395
0.5045947449549395
0.5045947449549395
0.5045947449549395
0.5045947449549395
0.5045947449549395
0.5043496586888971
0.5043496586888971
0.4993937497795233
0.5041684945229035
0.5041684945229035
0.5041684945229035
0.4993399670702501
0.5040284865588358
0.4998623266143137
0.5007055373115628
0.4980189545360225
0.49787511785717936
0.49990138022571684
0.5009123318983606
0.4999449132410732
0.504037659829311
0.5008033443215106
0.4980835475998174
0.4981789741510917
0.49818528386661304
0.5003964528918599
0.5002636395316316
0.4981417132660116
0.5011947342239678
0.4985163650317212
0.5008851550222914
0.4987195490135812
0.5045657411915287
0.49876223585252144
0.5013246164518613
0.502080767454695
0.49896399097157684
0.5019853589336658
0.501519285533733
0.49941946970847795
0.49944180447113345
0.5021582824364244
0.4997978033822649
0.499542623843299
0.5008735591958373
0.5040996200131225
0.5008011011255378
0.5008200544927068
0.5016742304059352
0.502998535567804
0.502998535567804
0.502998535567804
0.502998535567804
0.502998535567804
0.502998535567804
0.502998535567804
0.502998535567804
0.502998535567804
0.502998535567804
0.502998535567804
0.502998535567804
0.502998535567804
0.502998535567804
0.502998535567804
0.502998535567804
0.502998535567804
0.502998535567804
0.502998535567804
0.502998535567804
0.502998535567804
0.502998535567804
0.502998535567804
0.502998535567804
0.502998535567804
0.502998535567804
0.502998535567804
0.49348262679277255
0.4956119564059524
0.49136806348005474
0.49946910620297486
0.49594793285011857
0.49515822882161337
0.4952224149041978
0.49700173004321296
0.4934389266305715
0.4951390037777842
0.498210609721456
0.4942286419506852
0.4951510396734901
0.493861138994576
0.4974887350345107
0.49863789845755147
0.4948612623117066
0.49603678832775366
0.4966006376442355
0.4986562306210928
0.4973273458523586
0.49629979622436815
0.49550296771359115
0.4968965158043237
0.4967694384868304
0.4949705621666368
0.49647736510575297
0.49853319793845624
0.49797589439234186
0.49791653828727717
0.49698574442533217
0.49607324824060645
0.4983552586390691
0.49467906177632526
0.4951791419345769
0.4956657675123023
0.49715923329764483
0.49541785687031137
0.49588135822100865
0.4981407054500853
0.4961535415215022
0.49765594817970116
0.49647084120436374
0.4981335689723788
0.49914697000649927
0.4959285856912241
0.49775684542699306
0.49734149590981536
0.5040315621106175
0.4954804771271622
0.4967101210200066
0.5004416106275033
0.5006530095254206
0.49654193504030036
0.49588229378276066
0.49667380533759437
0.4957879505860436
0.49902908629315706
0.4978616860720263
0.4981739271801139
0.4973555851773629
0.4956899303546513
0.4994327505090754
0.4974075722030623
0.4982686838049278
0.49808108918911853
0.49736636746524693
0.4981064455945748
0.49629827992191194
0.4991587217889908
0.4980808001144278
0.4995125192208403
0.4988196615529853
0.4980993909993589
0.4987869545508365
0.496980319888007
0.49700242683430973
0.4995148604375402
0.49818053153914255
0.49634912651904917
0.5018067376604424
0.49803056940740303
0.49734237072266135
0.49863519377113585
0.5003590963121665
0.4966771370645522
0.5002997231562083
0.4970008666120386
0.5000171588526442
0.49966420365094816
0.4987863293572604
0.5001540803589581
0.4993471443695755
0.4996415777881535
0.49966204510299966
0.4980495306373783
0.4991283315855599
0.4972929617149606
0.4976971864268002
0.5023920115435241
0.49836670030515934
0.4999741463979812
0.5003542701565884
0.49803006545448325
0.49984806688063455
0.49803434354672993
0.49871332014433883
0.5001283134480229
0.4998910246899611
0.5005404011493824
0.5001199886326969
0.497643498820813
0.49837743294056724
0.4994195483376967
0.4982183280212727
0.4976103526576801
0.4984274856110279
0.4992828465307714
0.4985563775612926
0.4984644002234494
0.5004126705275922
0.49897392246900224
0.4994657614512422
0.4982760259377143
0.4991109659076956
0.49879395332557824
0.4993486030737952
0.49849948712467923
0.5002770371096261
0.49854510883234937
0.5000645037543037
0.5003694490553651
0.5038658784383935
0.5013987616416066
0.5013149468272307
0.5016421758484596
0.500017656933229
0.5009074865141389
0.4994495332809825
0.5009505887444134
0.5003389394615367
0.5015751977795382
0.5016460211477076
0.5004252524094669
0.5003811360161468
0.5003522009130068
0.5038519878662745
0.5018744685582293
0.5011881066610114
0.501978154163742
0.5018134477170737
0.5008755276363718
0.5023925708670596
0.5028497045134571
0.502897567776305
0.5022741791789159
0.49611507089610113
0.5022058753670572
0.49323324357660303
0.4973381862524429
0.49684610745925295
0.49587076217671844
0.4970126865011502
0.4937569335063925
0.497176678210515
0.49773380531541134
0.49764096365137644
0.505238597570903
0.49569777884259003
0.5050432508094512
0.5050432508094512
0.5050293485481797
0.4970597530707688
0.4944335024613133
0.4982849007069816
0.4980304332955844
0.4976541255924198
0.5045699170136452
0.49508866426942894
0.4934229243607999
0.4983863228977069
0.4938363794099913
0.49918031643019783
0.49344477040637913
0.4960307589293531
0.4939868070190238
0.4991994213641245
0.4955622928005634
0.4986094745709146
0.4969958680829929
0.4983622435265602
0.49434231352436514
0.49899610248118076
0.495692044909687
0.49442100539662626
0.4986422958626478
0.4963431393124865
0.4943543822044443
0.5047540756718241
0.49545530136421273
0.4966544349527973
0.49523552076376093
0.4960314170437144
0.504789098390322
0.49877122812198177
0.4950674682226333
0.49714597231278745
0.4957491675559006
0.4953753674955926
0.4954776896825425
0.4985629651729346
0.4958510201079619
0.5003336183276219
0.5041032790950727
0.4977122849526023
0.49738012442395013
0.4983331940463361
0.4967199128534157
0.5007858001365005
0.49809583871738
0.4982036389274961
0.4964687371409592
0.49910543073823177
0.49610663621823514
0.49779043549666846
0.498490574960652
0.4983002101516889
0.49655152053766
0.49843814077482756
0.498188991614725
0.4965467938731502
0.4990307830176511
0.4958538043650955
0.4967190226092341
0.5049069921180622
0.5049069921180622
0.4980129870395439
0.5043688123395733
0.5043688123395733
0.4993899354497349
0.5040765273335958
0.5040765273335958
0.5040765273335958
0.4982690520422125
0.49670547445159086
0.49900166096772525
0.4968523492821877
0.503757966217745
0.503757966217745
0.49953675887113896
0.4990138549745006
0.5035828648893562
0.49881596810177525
0.4976034107489731
0.5034699118496593
0.498779331786049
0.49692937374709606
0.49905248557514365
0.49844161643194135
0.49901585247212993
0.4995297855781632
0.4990015895433471
0.49999792813132354
0.4993797806981457
0.5000228418561198
0.5000826828842819
0.49888470824308767
0.4993034922656165
0.4980405251482566
0.5043823438539233
0.5043823438539233
0.4994294007230088
0.5040912660148028
0.5040912660148028
0.5040912660148028
0.5040912660148028
0.5000902982875505
0.5039052831919119
0.5039052831919119
0.5039052831919119
0.5039052831919119
0.5039052831919119
0.4997857557142288
0.5037746739759413
0.5037746739759413
0.503677127520928
0.503677127520928
0.503677127520928
0.503677127520928
0.49969899615695595
0.4992577395732044
0.5036010600406635
0.5036010600406635
0.4994837791310567
0.5035398082598294
0.499319977822356
0.49974859509960473
0.5034892549793171
0.5000105808442206
0.4997122858697368
0.5034103230557648
0.5001081800559296
0.5009306585165738
0.5006216079014926
0.49790749587923566
0.4978873901246119
0.5006406481521101
0.49816696954154954
0.5009416261360194
0.5009769325211832
0.49792694860952463
0.4986810983403434
0.500915437361777
0.5004620913006743
0.5002141569117615
0.4977449000265803
0.4987423953400355
0.5006960283986822
0.5010219411941077
0.5036030118327811
0.4984241863137008
0.5014269628993662
0.503492078684593
0.4991064889742249
0.49924447309778064
0.4998284361299936
0.5021298876682555
0.5000055204273436
0.49995654188817384
0.5032298755629158
0.5004744775702934
0.5011616341804127
0.5015029862927574
0.502998535567804
0.502998535567804
0.502998535567804
0.502998535567804
0.502998535567804
0.502998535567804
0.502998535567804
0.502998535567804
0.502998535567804
0.502998535567804
0.502998535567804
0.502998535567804
0.502998535567804
0.502998535567804
0.502998535567804
0.502998535567804
0.502998535567804
0.502998535567804
0.502998535567804
0.502998535567804
0.502998535567804
0.502998535567804
0.502998535567804
0.502998535567804
0.4940019742462918
0.4926562341314606
0.4954028696148696
0.4968369561352993
0.495140558892908
0.49269421447737216
0.49751776751847215
0.4958816413729732
0.495573005510137
0.4966252048608732
0.4960507971575603
0.49391717293625176
0.5066305222635747
0.49710674433844376
0.49619555055060854
0.494954367884411
0.49377946406755246
0.4964263627539229
0.49476389905629226
0.4970401512544073
0.49501840251164875
0.4982005624641709
0.4948584524355622
0.49457362963971896
0.5061120547153749
0.5061120547153749
0.49712563402973314
0.5058131812371396
0.49946559188019446
0.4960270490012859
0.5055792009793548
0.5055792009793548
0.4952597708999684
0.5053900756813587
0.49506376902779814
0.4948392727188536
0.49524003243695996
0.5051009648260922
0.49570316170624723
0.49629358954470226
0.49601448527681374
0.49643209144943945
0.4939485085023124
0.5045297327826689
0.5045297327826689
0.504478098858529
0.4938249059951226
0.5044306900347252
0.5044306900347252
0.49445692030404614
0.49614461586273706
0.49563773348630974
0.4956721378402178
0.4987713647611952
0.4962339804969526
0.4951553785096204
0.49464252716906193
0.4966841474043786
0.49448708889277915
0.4962004969780584
0.49718732229053836
0.49493300613989744
0.4951180479211203
0.49590667980177877
0.4951345469910982
0.4950020932325059
0.4943928811811842
0.4958240994216042
0.49465867835033306
0.49528612204365036
0.49703323219447987
0.49558317240509553
0.49562327449645227
0.49552089174217956
0.49551981351346874
0.49559808859491855
0.4957088489551587
0.5004459531212941
0.4987165944664759
0.4958700598420885
0.49728081189532747
0.5012058392747611
0.5011491441929566
0.4962450727256313
0.49782287377043066
0.49777770971500834
0.49771185582883215
0.49746982882090696
0.49866609929798983
0.4998031758552706
0.4985047880444905
0.49810691192000117
0.49875609343313976
0.4978947162974036
0.4967400180492466
0.49817909798541327
0.49841420229940037
0.49917033369898267
0.49714298936139406
0.4990729925477112
0.49713806491882667
0.4971722606586527
0.497184366841468
0.503716521890782
0.49761944819694454
0.49936386537616234
0.4995694760565693
0.4997292989653408
0.49966682732585743
0.4972569561123568
0.5002570467818667
0.5038576722137076
0.49788322863932066
0.4980630394631825
0.5012178656631818
0.5013212115799142
0.5003900898800637
0.5045163186378641
0.49807442496229454
0.49966281092428694
0.500259158315128
0.4982177353799087
0.49830217580364367
0.5037546808885262
0.49860150379097373
0.5004360983225806
0.5006082499934665
0.5000697058692117
0.5035882599275157
0.4986734670691429
0.49923728025158554
0.49923998499303124
0.5030986403059079
0.5022993727644145
0.5016424588770322
0.4990411791906069
0.4994921849509034
0.5000755100017831
0.50023530838958
0.5002863685295135
0.500479415548257
0.5008896803220205
0.500846623831071
0.5010141094736229
0.5012912185529981
0.5012223555689277
0.5012886459494843
0.5013404091603041
0.5018356655514687
0.502998535567804
0.502998535567804
0.502998535567804
0.502998535567804
0.502998535567804
0.502998535567804
0.502998535567804
0.502998535567804
0.502998535567804
0.502998535567804
0.502998535567804
0.4924897872877098
0.4945037382923402
0.49714293213586397
0.4949912807440153
0.49356114815421787
0.4996633987098741
0.493462820178102
0.4929723294518562
0.49412359151952007
0.4955835469221049
0.49473408754426906
0.4955283213571241
0.49738432320299863
0.499030668628555
0.4932465221771436
0.49755979111299664
0.49657829343597043
0.4961946624284711
0.4963113171735342
0.49598652987448666
0.4964630175166532
0.4971126598295792
0.49624098523559146
0.4973100353570429
0.4954209577522075
0.4969826639834695
0.4982159210612418
0.49804347115827974
0.49858761707473614
0.49693848234450716
0.4971634605653675
0.49756029678694047
0.49590505416665465
0.49680797673673116
0.49703591241653805
0.49723144870009545
0.4969141088361057
0.496742279720471
0.49709571271889513
0.5050016608190896
0.49605716752670026
0.4984327941873509
0.4979953754185646
0.5045759471380801
0.4973939870048657
0.5043920524607806
0.5047384985182691
0.4965719339585446
0.5045714095183891
0.49662611739094004
0.4984075197927385
0.4997868836612071
0.4989823850423435
0.4979524735210591
0.4986925903927281
0.5001917993079518
0.4969650446313702
0.49965125342560324
0.49832813773327306
0.4987590790217362
0.49861107841899904
0.5006669450958217
0.499584640550967
0.4975189319818192
0.5005649679101102
0.49842584889563996
0.49889878730792564
0.5002132598417092
0.4969848685126217
0.49858653244095735
0.49782857713044526
0.4973159456138969
0.5044942235089762
0.49974868779572496
0.5039807249542891
0.5036454356592405
0.4996456098544386
0.5035158187673469
0.4984705586458497
0.4997011778320639
0.49906068619404403
0.5001226604281443
0.5017058466359238
0.49943730750229465
0.49933006128913454
0.5004371347369766
0.5017943262607619
0.502238606670568
0.49683112150574704
0.5054019076014084
0.5054019076014084
0.4932469508956848
0.4951913167954841
0.49714573152169067
0.4918272114541311
0.4929628549911054
0.4965917091981696
0.4948396191870861
0.497586291263095
0.49519246486735363
0.497398743477608
0.5063100964742238
0.5057083982627678
0.49554966198458644
0.5050544342499964
0.5050544342499964
0.5050544342499964
0.5050544342499964
0.5050544342499964
0.5048533297195232
0.49810991682302186
0.49565824039742645
0.5046967160958782
0.49575914792625825
0.4983556506304955
0.49390528047438714
0.4987854717716352
0.4957423526977461
0.49459031793528846
0.5040900630511673
0.5040900630511673
0.4978912863256101
0.49632427438559495
0.4955860017692134
0.5040108739069901
0.4941573113080597
0.4950903012036318
0.4999121627606202
0.49908582470334084
0.4963888297939606
0.5006496783738501
0.49545464400053685
0.49536250549222205
0.49726311354222863
0.497378684932592
0.4956648618404924
0.4953511068000115
0.4968578008348329
0.49560061083022433
0.49597161609620416
0.4962721120293266
0.49597426045446075
0.4961795519672602
0.49726483307025765
0.49700794000200393
0.4957818508263832
0.49682527877318616
0.500254695056395
0.4991428629869648
0.4999483100260476
0.49812634996071214
0.4976188472537913
0.49761635722561554
0.4963990962991263
0.5020585614399466
0.49785721339816696
0.49628059580205097
0.50155074455969
0.49636047770361225
0.49697829369494273
0.49874202313025884
0.49786251253238173
0.4978585053698009
0.4972819895580613
0.497129790804539
0.49824716965850796
0.5042210396443002
0.49708894734825504
0.4986235013701082
0.4972912535006286
0.5029575418259534
0.4976022570577676
0.504905197703863
0.49819059350426353
0.4983853343123051
0.49981563970028375
0.5005948035714196
0.49824583513586473
0.4998696732428329
0.5003349546539169
0.49924327132330953
0.49874158765553905
0.5003733601058153
0.5004646401184347
0.4989443918982557
0.5007104390337627
0.5014474719943376
0.5004493233764483
0.4990531468275915
0.5009704150482881
0.49954710939287317
0.5039587682706926
0.5039587682706926
0.49915901310938754
0.5037707908571211
0.5037707908571211
0.5001509152380688
0.4991870526643075
0.5006878251323755
0.5036401103066234
0.5036401103066234
0.5036401103066234
0.5035433940031204
0.5035433940031204
0.5011635622129755
0.5034685942515217
0.5034088184832829
0.5009579911931608
0.4994270195280445
0.5033598261798151
0.5017694155099668
0.4994853986145578
0.4994743407053764
0.49948510420783937
0.5032279053659872
0.5022152214545081
0.49985368461741786
0.503076862642358
0.501718130902772
0.5000063801070466
0.5002376982857342
0.5002559596295214
0.5002988161863543
0.5003087041863702
0.5004034421941689
0.5022556885076865
0.5005154353693625
0.5010636555459412
0.502998535567804
0.502998535567804
0.502998535567804
0.502998535567804
0.502998535567804
0.502998535567804
0.502998535567804
0.502998535567804
0.502998535567804
0.502998535567804
0.502998535567804
0.502998535567804
0.502998535567804
0.495652218670999
0.49359357268422177
0.49411524782190275
0.4954392510043572
0.49572406004834735
0.4978580008686209
0.4937949199370667
0.49807462713642564
0.49441752351455964
0.49323272882235436
0.4929312216201546
0.495790903450423
0.4945146809523862
0.4953992935259314
0.4968852061949991
0.496450310595151
0.49679000431459547
0.4960176077237605
0.4945619537534691
0.49679903935866004
0.4957574745017804
0.49700352254364716
0.49607839106426943
0.4941399189443113
0.4944722502224301
0.49599919944744714
0.49617954914675977
0.49521924615760604
0.49425078903493397
0.4957908730778088
0.5052347435098588
0.4976708923294129
0.4970506944593128
0.5050339545984959
0.5050339545984959
0.5050339545984959
0.4963446961309502
0.5048714741839213
0.49526490928009387
0.49758943430392544
0.4937417666618958
0.4982015719690255
0.49504772149545184
0.4940243265486544
0.494187957803518
0.5045250190113666
0.5045250190113666
0.49722569113134985
0.49712178268047796
0.49814704178031366
0.49706126384443183
0.5020321277349146
0.4960754079908336
0.49548745259509647
0.4988401951365058
0.4957905623649483
0.4965109298047776
0.4936113951657635
0.49763722738395133
0.49630792879310726
0.49718275258357525
0.5041363228550665
0.4976087651620668
0.4969157341627613
0.4942227010672269
0.49680288819433666
0.4954794948382106
0.4941531888694369
0.49767657006246235
0.4964225457289921
0.49730787128501003
0.4999372268883517
0.49565585693104197
0.4966225774387046
0.49686913181384135
0.49631339427540394
0.49698424842000655
0.497154650273086
0.4946597202605662
0.5007117413884353
0.4976650058057608
0.49691622801451535
0.4991637821480098
0.4965024984509801
0.49561962277944566
0.4973571555270444
0.494942089112045
0.4980797713902294
0.4973273101180907
0.49451826150242434
0.49796585601649357
0.4991631445768836
0.49592378078033794
0.5054343051252596
0.49672335358201297
0.49929993295888014
0.4952908613230487
0.49482173005214486
0.49549893614449614
0.4942927142509452
0.49524061491192656
0.5049837716815314
0.5049837716815314
0.5049837716815314
0.4963031607672016
0.4949923990190514
0.5046919956187432
0.4969794644817024
0.4969638193924783
0.4958591085128237
0.4951104747827676
0.4965769002588917
0.4971008216227441
0.49576260037705505
0.4960453689203696
0.49560101500553355
0.4975687409785226
0.4952643721258683
0.49709149344362985
0.4970060901123698
0.49706685014341395
0.49640927551799824
0.4978090128584815
0.4976246205812345
0.4973744691047264
0.498029223426484
0.4973708968792947
0.5046872188577449
0.5046872188577449
0.49807756868961145
0.49840639939290265
0.4975869979271413
0.4973025818683504
0.49558302516228875
0.5042838849693161
0.5042838849693161
0.5042838849693161
0.4969481614425651
0.49644989647994164
0.504148560148367
0.4982483933623141
0.5038521424312722
0.4965743631098196
0.4982413350616424
0.496513373368555
0.49610608489332386
0.4974433165359595
0.4969091074840401
0.4964787930697109
0.49846195515066116
0.49706759418397767
0.5010929739585348
0.4975313351349519
0.49882006724729827
0.5054985443347276
0.4999292417039402
0.49692779550230315
0.49559969980007923
0.49837698592167473
0.49990703344368037
0.4972974771330221
0.49756449054564766
0.5046658964733299
0.4979063941152894
0.49942263991451996
0.4957962253160349
0.49714057717606336
0.4952183641916605
0.4996023190373581
0.49519584497055863
0.49887900552044817
0.4959855378353804
0.4965382004151736
0.49721657335671743
0.4986273872783548
0.49578681001784236
0.4987820541270337
0.4994276424085096
0.4989394305281645
0.49899349588682396
0.49845926904887755
0.4987049741824219
0.49642996359712516
0.4969666297884714
0.4971141426329383
0.49667384980149754
0.4991981749045852
0.49756696113568205
0.5037904290907758
0.49902309266968287
0.504500419520141
0.49869104583109347
0.49656812630663333
0.4985216593831558
0.4991016987772711
0.5041930898682062
0.49611100409097814
0.49847579636048994
0.49747433324403156
0.49638228496201914
0.4969053524499597
0.4988016857320733
0.49783355048716205
0.4991287761959857
0.49601421893701825
0.5038514277058715
0.49916034718935987
0.4969018142616926
0.4982621448660439
0.49780694667531455
0.5037942453806367
0.49621837284507353
0.4978676809598186
0.5000535093369107
0.4984335567925189
0.4973404855444045
0.49926634448779145
0.4966729859547152
0.49881547469585463
0.49775680438366937
0.49810906159661233
0.49729894378953104
0.4972973352347582
0.5007971853760188
0.49861262675830476
0.4985321772571296
0.498060606186804
0.49948680727762934
0.4999548640719807
0.4996607041539663
0.5009860454492812
0.4970966043435754
0.49764665027329463
0.49782023960058336
0.4976565804858315
0.4983128917893987
0.4976997410377908
0.4996403321369507
0.4996683261156278
0.4989162933561996
0.4976252643489017
0.5043915123352922
0.49786445285254355
0.49943192401405795
0.4994240914713918
0.4980628731138218
0.5001147321241534
0.49784565988822527
0.4980693039199246
0.4995513703599104
0.4994178037117349
0.49979451890836696
0.5039906653617595
0.4978390785525654
0.49828573752995026
0.5035789675260915
0.5035789675260915
0.5007642951623694
0.5003220561948624
0.4995313680980935
0.4994434261594325
0.5032091999969885
0.5007354458461469
0.5031708112355138
0.5004908004816627
0.500239472554573
0.5004430076950578
0.5034506251723875
0.5001657748283048
0.500725311618927
0.5032426897879793
0.5032426897879793
0.5007711376737134
0.4993549511981561
0.5031939051143696
0.49911004827030697
0.499620483884893
0.4993414478140969
0.5001711957782637
0.5005097512287078
0.501038394795327
0.5016710305283495
0.5005207925143452
0.501361824245896
0.5018804152672758
0.5025153620200683
0.5029611332876303
0.5029611332876303
0.5029611332876303
0.4965407727914008
0.4930539354873286
0.4928181164367836
0.5058856721500605
0.505424165264103
0.4988139471405029
0.5053683869856749
0.49545671601859553
0.4943815847253129
0.49668526924735407
0.4956816640444124
0.49423262464208945
0.4922294239016114
0.49508032296708565
0.4943462464314935
0.4968011227129447
0.49280488754870355
0.49872890367704514
0.4938943782131987
0.49675733214723317
0.496027196121587
0.494682827563441
0.49664059029956176
0.49522569352548007
0.4970313254699324
0.5064565982652084
0.4978729950671452
0.4960366960401075
0.4964485508439784
0.49531003996359413
0.5052235218477718
0.4971116916373453
0.5049391833422608
0.4972986701240411
0.49712271452878254
0.5045838181129116
0.5045838181129116
0.5045838181129116
0.5045838181129116
0.4960108340000628
0.4958159762524373
0.49708114218833443
0.4970546780712268
0.4956009410864475
0.49527198478885787
0.4999556315816913
0.4962553617388556
0.49497153485301665
0.5042719560342114
0.4971361764002741
0.4973325373629336
0.49713392169380605
0.4965274170961328
0.49784832925268013
0.4956033600401188
0.4960606053722706
0.49826246412544506
0.49853194067177575
0.49948305595755954
0.49855015308715905
0.5008238337077872
0.49508333342577393
0.49716934173557964
0.4985261575469928
0.4983229645510705
0.4965881227888185
0.5038595684331169
0.4990981529634288
0.49680424694779685
0.4962344016311997
0.4959611307296062
0.49746334388731683
0.4964135622005284
0.4982046315503641
0.49720913374569564
0.497183197786964
0.4968140477715296
0.49895566821190557
0.49561344352125397
0.49648424221863596
0.4972416778760151
0.4975094892349227
0.49772152437687206
0.49766808432733767
0.49722757948755586
0.49968882450014135
0.49645102504870126
0.49754833633958045
0.4973464353081867
0.49783636163412287
0.5009874470685252
0.4988143652934731
0.4986132087611522
0.4970787753285082
0.4961437423547352
0.49972661588326406
0.4985261308743487
0.5000664516907055
0.4961320417627739
0.49774410809503455
0.5001781977615495
0.49757595811939875
0.49760989468730293
0.49781637237801
0.4982234108253737
0.4975495987937843
0.4977872902146645
0.4974949988363166
0.4993734670570094
0.49850422652715304
0.49798172588856815
0.49701632359086245
0.49867088914186863
0.4985428266653337
0.4981755559471936
0.4980612617448922
0.4985947465425541
0.4985795511988648
0.5009758353174905
0.49752023008070556
0.49755975181055107
0.49898211053145364
0.4990366772861669
0.5002884899335036
0.4998381662815397
0.4978087225505811
0.5038113391192067
0.503708456491151
0.499591533782107
0.4988653289299364
0.49932495262529786
0.49972105412954276
0.49999642807666145
0.4985874076958901
0.49862449467495584
0.5043639153778666
0.5043639153778666
0.5000095711745555
0.5039661167383328
0.5037487266763535
0.5037487266763535
0.5037487266763535
0.5037487266763535
0.5037487266763535
0.501146774328635
0.5035095465078605
0.4991109062139542
0.5034349182365887
0.5003355331712745
0.5033549322506162
0.5012820987399548
0.5019382962149568
0.502343466859473
0.502998535567804
0.502998535567804
0.502998535567804
0.502998535567804
0.502998535567804
