-2.869438886642456
-0.33934977650642395
0.9171882271766663
-1.382919192314148
1.299317479133606
0.7745393514633179
0.7202879786491394
1.3154020309448242
0.6504470705986023
-2.6685030460357666
-2.5482378005981445
-1.490097999572754
-2.061387300491333
-1.2411489486694336
0.8401355743408203
-0.09837237000465393
-2.0364859104156494
-2.494096040725708
-2.9304168224334717
-1.5986930131912231
0.5084897875785828
-0.0010486921528354287
-3.2714948654174805
-1.3123584985733032
-0.7522769570350647
-0.8804260492324829
-2.3423659801483154
-1.7231156826019287
-1.4240323305130005
-3.2759997844696045
-0.3825649619102478
0.03243783116340637
-2.2653050422668457
-1.6715238094329834
-2.18277645111084
0.3321671187877655
-1.1251404285430908
-2.5979719161987305
-3.0790767669677734
-1.978795051574707
-2.630498170852661
-2.1929893493652344
-1.8945368528366089
-1.528340220451355
0.5552171468734741
-0.7896568179130554
-0.06468459218740463
-1.0905176401138306
-2.7960121631622314
-1.8445491790771484
-1.8445491790771484
-0.45640525221824646
-2.328744888305664
-2.328744888305664
-2.328744888305664
-3.0935935974121094
0.6122280359268188
1.0755373239517212
0.1599835902452469
-0.895129919052124
0.1356353908777237
-2.3962528705596924
-2.399782419204712
-2.4644553661346436
-1.709424614906311
-2.580491781234741
1.8340821266174316
-1.848860263824463
0.42552024126052856
-0.8420330286026001
-1.9434990882873535
-1.7035712003707886
0.7852312326431274
-1.810254693031311
0.32521748542785645
0.3668765127658844
-2.4266035556793213
0.05934453010559082
-1.8283041715621948
-1.200799584388733
-0.6465243697166443
-0.8620925545692444
-1.7402198314666748
-1.449852705001831
0.6829057335853577
-1.2157478332519531
-0.2808299660682678
-2.2901902198791504
0.33997130393981934
-0.08990541845560074
-2.006503105163574
-1.2222371101379395
-1.7041826248168945
-1.9807536602020264
2.1570024490356445
-1.3616280555725098
-2.1444272994995117
-1.4433410167694092
-2.3250486850738525
-2.6340551376342773
-2.7629551887512207
-1.420481562614441
-2.791724443435669
-0.09151797741651535
-1.7856132984161377
0.717830240726471
-0.7716067433357239
0.9526702165603638
-2.1202118396759033
-1.611748218536377
-1.637528419494629
-1.986106038093567
-0.8358554840087891
-2.050602674484253
-1.4923237562179565
-0.695441722869873
-0.2093757539987564
-1.8275362253189087
-0.5450589060783386
-2.032055377960205
-2.1367990970611572
-0.9818977117538452
-2.5134706497192383
-2.3367645740509033
-1.9291818141937256
-2.2819175720214844
-1.982851505279541
-2.9029200077056885
-2.9624242782592773
-1.7958967685699463
-1.9595632553100586
-3.1434218883514404
-2.8230013847351074
-2.815037965774536
-2.555988073348999
-2.434103488922119
-2.783369541168213
-2.921160936355591
-2.7319958209991455
-0.22426797449588776
-1.731557846069336
-2.7134487628936768
-2.7319958209991455
-1.969745397567749
-2.7295215129852295
-2.7295215129852295
-2.694155693054199
-2.15224027633667
-2.4613773822784424
-2.4916491508483887
-1.2780482769012451
-1.9182943105697632
-2.630542755126953
-2.630542755126953
-2.630542755126953
-2.630542755126953
-3.1382031440734863
-2.364276885986328
-2.3680918216705322
-1.9355006217956543
-1.7684613466262817
-0.8159725666046143
-1.7616746425628662
-1.7616746425628662
-1.7616746425628662
-1.7616746425628662
-1.7616746425628662
-1.7616746425628662
-1.7616746425628662
-1.7616746425628662
-1.7616746425628662
-1.7616746425628662
-1.7616746425628662
-1.7616746425628662
-1.7616746425628662
-1.7616746425628662
-1.7616746425628662
-1.7616746425628662
-1.7616746425628662
-1.7616746425628662
-1.7616746425628662
-1.7616746425628662
-1.7616746425628662
-1.7616746425628662
-1.7616746425628662
-1.7616746425628662
-1.7616746425628662
-1.7616746425628662
-0.5502005219459534
3.3675339221954346
-0.29264333844184875
1.6441229581832886
-2.986131191253662
0.9590651988983154
1.4522814750671387
0.8518693447113037
1.513929843902588
0.4358811676502228
0.329183429479599
0.7159584164619446
-1.0846797227859497
0.6412561535835266
0.7588534355163574
-0.6167253255844116
-0.33691251277923584
0.652201235294342
-0.056863173842430115
-0.27584564685821533
-1.5545878410339355
-0.738249659538269
-1.2233688831329346
-0.9415801167488098
-0.1585991233587265
-0.8678048849105835
-1.9047762155532837
0.30341020226478577
0.5999272465705872
-0.40306955575942993
0.1749301701784134
0.32797858119010925
-2.222379446029663
1.2926511764526367
-0.8730624914169312
-2.053241014480591
-0.8845445513725281
-0.6800172924995422
-2.526331901550293
-1.788789987564087
-0.7632371783256531
-0.7304114103317261
-0.3101562261581421
1.0712363719940186
1.0712363719940186
-2.2863879203796387
-1.8475476503372192
0.49477970600128174
1.6792513132095337
-1.1540058851242065
-1.352514624595642
0.7385284900665283
-0.1928669512271881
-0.768996000289917
-0.5267091393470764
-0.7333135604858398
-0.6301978826522827
-0.28032270073890686
-0.20702315866947174
0.02820318378508091
1.3483220338821411
-1.0441973209381104
0.09932144731283188
-0.9259894490242004
1.130561351776123
-1.892827033996582
-1.4226763248443604
-2.843738317489624
-1.7469156980514526
-1.5628635883331299
-1.2504491806030273
-0.6358131170272827
-0.3315674662590027
-2.4054434299468994
0.16002285480499268
-1.8075557947158813
-1.8036425113677979
0.6746149063110352
-0.5690511465072632
-1.0207875967025757
-1.9325721263885498
-1.789303183555603
-2.148491621017456
-1.7323116064071655
2.9035146236419678
-1.4718663692474365
-3.028198719024658
-1.8726153373718262
-1.8195738792419434
-0.608290433883667
-0.7545051574707031
-0.47908687591552734
-1.840268611907959
-1.4529943466186523
-1.3052006959915161
-1.9973012208938599
0.39793989062309265
-2.211902141571045
-2.5200023651123047
-2.134087324142456
-0.3787972033023834
-0.035959392786026
-1.4999748468399048
-0.7876778244972229
-0.9164175391197205
-2.1631994247436523
-2.4765868186950684
-0.10910020023584366
-1.105137825012207
-1.9815068244934082
-2.0445141792297363
-2.191786527633667
-2.1078035831451416
-2.2305171489715576
-1.4134174585342407
-2.5395071506500244
-2.5144646167755127
-1.2878178358078003
-1.8183114528656006
-1.8584867715835571
-1.0529557466506958
-1.7023993730545044
-3.06213116645813
-1.9757925271987915
-1.9572453498840332
-2.4628922939300537
-0.7225892543792725
-1.7616746425628662
-1.7616746425628662
-1.7616746425628662
-1.7616746425628662
-1.7616746425628662
-1.7616746425628662
-1.7616746425628662
-1.7616746425628662
-1.7616746425628662
-1.7616746425628662
-1.7616746425628662
0.9557021260261536
-0.10295668989419937
0.24720582365989685
0.5829324126243591
0.06669189780950546
1.3036352396011353
-0.7004073858261108
-2.585442304611206
-1.5112134218215942
-1.145315408706665
-2.289877414703369
-0.1602569818496704
-1.3002413511276245
-1.417317271232605
0.32642343640327454
-1.1746165752410889
-0.3863341510295868
-0.2613700330257416
-0.2613700330257416
-0.6967933773994446
-2.7243757247924805
-0.42476773262023926
-1.806488037109375
-0.76505446434021
-0.76505446434021
-1.408450722694397
-2.113970994949341
-2.0195465087890625
-1.6623408794403076
-2.4404172897338867
-0.46569737792015076
-1.122507095336914
-1.489842176437378
-0.6831052899360657
-0.4677697718143463
-1.7188653945922852
-0.5234346985816956
1.357662558555603
-2.2461423873901367
-2.0573580265045166
-2.4033851623535156
-0.27594688534736633
-1.4816924333572388
-1.8804173469543457
-1.9553033113479614
-1.827490210533142
-1.3154855966567993
2.0255355834960938
-1.474403977394104
-1.7889708280563354
-1.945160150527954
-0.6827590465545654
-1.1720935106277466
-2.3894355297088623
-2.264444351196289
-1.8344454765319824
-1.4069368839263916
0.4124932289123535
-2.1971635818481445
-2.2768845558166504
-2.0360686779022217
-1.8172214031219482
-1.8743969202041626
0.38184046745300293
0.502217173576355
-1.8992376327514648
-1.5232958793640137
-1.1835166215896606
-1.6043553352355957
-1.6211929321289062
-1.8839952945709229
-3.2045209407806396
-2.070077419281006
-2.6099140644073486
-0.8845402598381042
-3.859226703643799
-2.1165549755096436
-2.682251453399658
-2.1167845726013184
-2.719662666320801
-2.3610622882843018
0.03486165776848793
-2.2984917163848877
-1.9629713296890259
-0.5358958840370178
-1.6256388425827026
-1.8153436183929443
-1.8390218019485474
-2.2217769622802734
-2.1878044605255127
-1.9216924905776978
-1.6395870447158813
-1.7981470823287964
-2.4547617435455322
-2.354555130004883
-2.750577449798584
-0.8711796402931213
-0.3096591830253601
-2.752391815185547
-3.2671868801116943
-0.6615400314331055
-1.738007664680481
-3.1487669944763184
-3.4808261394500732
-2.8625946044921875
-1.280344843864441
-2.945296049118042
-2.313781976699829
-3.0744261741638184
0.18358291685581207
-2.416109085083008
-2.940171241760254
-2.940171241760254
-3.0507850646972656
-2.9878532886505127
-2.8773152828216553
-2.9444448947906494
-2.5304908752441406
-1.192765235900879
-2.148771047592163
-1.7616746425628662
-1.7616746425628662
-1.7616746425628662
-1.7616746425628662
-1.7616746425628662
-1.7616746425628662
-1.7616746425628662
-1.7616746425628662
-1.7616746425628662
-1.7616746425628662
-1.7616746425628662
-1.7616746425628662
-1.7616746425628662
-1.7616746425628662
-1.7616746425628662
-1.7616746425628662
-1.7616746425628662
-1.7616746425628662
-1.7616746425628662
-1.7616746425628662
-1.7616746425628662
-1.7616746425628662
-1.7616746425628662
-1.7616746425628662
-1.7616746425628662
-1.7616746425628662
-1.7616746425628662
-1.7616746425628662
-1.7616746425628662
-1.7616746425628662
-1.7616746425628662
-1.7616746425628662
-1.7616746425628662
-1.7616746425628662
3.50569486618042
0.2649526298046112
3.976050853729248
0.5023185610771179
-2.026226282119751
3.4446465969085693
1.318583607673645
2.1118106842041016
-0.6539766192436218
0.3163212239742279
2.8349530696868896
0.6088833212852478
-0.5895304679870605
0.5239778161048889
1.4062743186950684
1.4525375366210938
-0.26889556646347046
0.25440987944602966
-2.3260140419006348
3.653770685195923
0.003870731685310602
1.8670566082000732
1.8670566082000732
1.8670566082000732
1.8670566082000732
1.2130024433135986
4.567616939544678
4.567616939544678
-3.4477603435516357
-2.1688036918640137
3.5466794967651367
-0.9926664233207703
-1.1302516460418701
0.9238551259040833
-0.015926335006952286
1.1017183065414429
-1.635169267654419
1.7026340961456299
-1.072885513305664
-1.7860280275344849
-1.3835421800613403
0.8443193435668945
0.8443193435668945
-0.5516170859336853
-1.4644279479980469
1.9820963144302368
-1.8713057041168213
-3.2652101516723633
1.1638538837432861
2.241269588470459
0.9399953484535217
-2.340406894683838
0.4393031895160675
-2.0141379833221436
-0.2107652723789215
-1.0824323892593384
-0.17297346889972687
-1.7139637470245361
-0.07654141634702682
-1.7257349491119385
-1.598539113998413
-3.1597421169281006
1.8554985523223877
2.0245234966278076
-0.025399740785360336
0.616917610168457
0.3916524350643158
0.6356456875801086
-0.6054424047470093
1.1904929876327515
-0.3621253967285156
1.9558781385421753
0.7563638687133789
1.6841267347335815
0.5527774095535278
-0.41617318987846375
-1.3791598081588745
-1.688791036605835
0.34931138157844543
0.7645127177238464
-1.3422056436538696
1.1152948141098022
-0.6848271489143372
1.8814504146575928
1.331141471862793
-0.05600820109248161
-0.4417353570461273
-3.1791882514953613
-2.174704074859619
-1.7111681699752808
-0.1610146313905716
1.3839271068572998
0.8009873032569885
1.4061323404312134
0.40988558530807495
-0.801112174987793
-0.35884609818458557
-1.0887356996536255
2.574591875076294
0.25042879581451416
-0.3368065059185028
0.4053442180156708
0.7286219596862793
1.1208775043487549
1.2588119506835938
-1.493160605430603
2.8038830757141113
1.5073126554489136
0.5493512153625488
-1.3990306854248047
-0.12494557350873947
-0.862906813621521
0.5480861663818359
-1.1274322271347046
-1.200613260269165
1.4136406183242798
0.9588964581489563
-1.8232746124267578
-0.49385765194892883
0.5333152413368225
-1.6149975061416626
1.994143009185791
-1.25838303565979
4.044750213623047
2.119584083557129
2.456414222717285
2.6151576042175293
-0.9349010586738586
-1.6181433200836182
-0.4701395034790039
-1.1509113311767578
2.2827694416046143
-1.8953239917755127
1.2979140281677246
-1.1282658576965332
-1.2510088682174683
-0.01629738323390484
0.24354320764541626
-1.1509863138198853
2.6134650707244873
-0.9369707703590393
1.5765552520751953
1.3773672580718994
-1.405186653137207
-0.47207555174827576
-2.0602457523345947
0.47507762908935547
-1.9870898723602295
-1.727392554283142
-1.4245479106903076
0.23950670659542084
-1.702386736869812
-1.9114779233932495
-2.2451584339141846
-0.516130268573761
-1.655210018157959
-1.0249327421188354
0.21996113657951355
-1.015657901763916
1.9102706909179688
3.6695621013641357
-1.8336033821105957
-1.1899605989456177
-0.9816403985023499
-0.2209724336862564
-1.566706657409668
-1.4427772760391235
-2.6020705699920654
-2.5379035472869873
-1.7620282173156738
-2.420004367828369
-1.8422353267669678
-1.7422895431518555
-0.15599964559078217
-2.7456212043762207
-1.7178477048873901
-0.4368390142917633
-2.9118447303771973
-2.6391961574554443
-1.737485408782959
-0.5287625789642334
-1.8839166164398193
-2.409119129180908
-0.6266164183616638
-1.0182102918624878
-1.1812398433685303
-1.649620532989502
-1.9764914512634277
-1.728357195854187
1.948297142982483
-2.2438433170318604
-1.5957491397857666
-1.0212278366088867
-1.3437819480895996
-1.4832160472869873
1.045588493347168
1.045588493347168
-1.5109188556671143
1.312259554862976
-2.133066415786743
-1.603658676147461
-0.9252620935440063
-3.118082284927368
-3.128462791442871
-0.7044197916984558
-0.7044197916984558
-2.4068522453308105
-2.033247470855713
-2.8764138221740723
-2.480740547180176
-1.6479709148406982
-3.21183705329895
-2.51944899559021
-2.6848626136779785
-2.7859342098236084
-2.329559087753296
-3.605813980102539
-2.080443859100342
-3.8881258964538574
-2.7948830127716064
-1.2295514345169067
-2.583852529525757
-1.3165231943130493
-0.7071397304534912
-1.4305298328399658
-0.2875622808933258
-1.8197180032730103
-1.4614590406417847
-2.8300435543060303
-2.065295457839966
-2.3712191581726074
-0.4845070242881775
-2.276451349258423
-1.2557603120803833
-1.4084765911102295
-0.9028691649436951
-1.5911552906036377
0.0836784765124321
1.0717955827713013
-0.2569507360458374
-2.8796563148498535
-2.6207361221313477
-0.07501976937055588
-3.130697011947632
-2.596407175064087
-1.3404861688613892
-3.7092552185058594
-3.7092552185058594
-0.9982255101203918
-0.0420767143368721
-1.2796775102615356
-2.5900490283966064
-2.4849915504455566
-1.696065902709961
-2.0111310482025146
-4.453694820404053
-0.9801117181777954
-3.502861738204956
-3.3396496772766113
-3.442199230194092
-4.1167707443237305
-2.426805257797241
-3.758798599243164
-2.449981212615967
-4.1881561279296875
-3.6488564014434814
-3.6488564014434814
-1.5231865644454956
-2.9017763137817383
-3.323169231414795
-2.1810004711151123
-0.7898793816566467
-3.3642308712005615
0.7704055309295654
0.1375318020582199
-3.4745359420776367
-1.0351864099502563
-2.320366621017456
-1.785883903503418
-1.1784193515777588
-0.8204107284545898
-2.009579658508301
-0.5461805462837219
-2.40616774559021
-2.7781412601470947
-2.4826226234436035
-0.5966988205909729
-0.6870291233062744
-0.5749309062957764
-2.063833236694336
-1.0419135093688965
-0.7978091835975647
-2.471506357192993
-2.4531052112579346
-0.6910756230354309
-2.381009101867676
-2.4295401573181152
-0.7869585752487183
-1.0931057929992676
-1.366506576538086
-0.8404465913772583
-0.8072596788406372
-0.8072596788406372
-0.4240235984325409
-1.1024091243743896
-0.6970133781433105
-3.1812589168548584
-0.7461921572685242
-0.9826444983482361
-1.8870643377304077
-1.314773440361023
-1.565674901008606
-1.2297602891921997
-2.6380622386932373
-2.7350196838378906
-1.9873483180999756
-2.1321282386779785
-1.4504276514053345
-3.3212316036224365
-2.0564520359039307
-2.0261826515197754
-0.9522972106933594
-1.9704681634902954
-2.207413673400879
-2.207413673400879
-2.0266973972320557
-2.4347357749938965
-2.531424045562744
-2.236799478530884
-3.3290250301361084
-2.6381847858428955
-3.0040321350097656
-3.336071491241455
-3.3625147342681885
-3.272428274154663
-3.272428274154663
-3.272428274154663
-3.400458574295044
-3.400458574295044
-1.8348939418792725
-1.8699530363082886
-3.439537763595581
-1.7616746425628662
-1.7616746425628662
-1.7616746425628662
-1.7616746425628662
-1.7616746425628662
-1.7616746425628662
-1.7616746425628662
-1.7616746425628662
-1.7616746425628662
-1.7616746425628662
-1.7616746425628662
-1.7616746425628662
-1.7616746425628662
-1.7616746425628662
-1.7616746425628662
-1.7616746425628662
-1.7616746425628662
-1.7616746425628662
-1.7616746425628662
-1.7616746425628662
-1.7616746425628662
-1.7616746425628662
-1.7616746425628662
-1.7616746425628662
-1.4308592081069946
1.9749687910079956
-1.0296341180801392
1.6556795835494995
2.6987476348876953
-0.9756608605384827
-0.396231472492218
0.16253222525119781
0.7970446944236755
-0.2990032434463501
1.0274726152420044
-0.6101256608963013
1.7686353921890259
0.04150910675525665
-0.7710791230201721
-0.1713235080242157
0.2661450207233429
-0.6848898530006409
0.8714331388473511
-0.2996203303337097
-2.5267770290374756
1.251417875289917
1.3423341512680054
-1.009207844734192
-2.409818649291992
1.5041782855987549
-2.0393869876861572
-1.146628737449646
0.1205352321267128
0.08148092776536942
0.6351432800292969
-0.39809101819992065
-3.5959434509277344
-2.858299493789673
-2.845506429672241
-1.4320181608200073
-2.387881278991699
-1.4547092914581299
-3.036367893218994
-0.8838878870010376
-0.9153544306755066
-1.7077593803405762
-0.5187271237373352
-3.4542195796966553
-1.6577889919281006
-4.503962993621826
-0.26837223768234253
-0.5361515283584595
-2.3127667903900146
-1.7608262300491333
-0.8405710458755493
-1.7431261539459229
-1.0026299953460693
-1.7497390508651733
0.821253776550293
-2.5703976154327393
-1.5798286199569702
-2.0928027629852295
-2.2656123638153076
-2.3528640270233154
-2.118619203567505
-2.0183420181274414
-1.4116154909133911
2.7041962146759033
-1.7805958986282349
-2.5632729530334473
-2.4521265029907227
-3.1274702548980713
-2.993816614151001
-2.9556210041046143
-2.8937997817993164
-2.272145986557007
-0.8652514219284058
-1.960059642791748
-2.0206050872802734
-2.128730058670044
-1.3021703958511353
-3.3316128253936768
-2.8358378410339355
-1.6239502429962158
-2.825221300125122
-2.721454620361328
-3.213756799697876
-3.2176458835601807
-2.5072989463806152
-2.7010278701782227
-2.7010278701782227
-1.4805933237075806
-2.4294443130493164
-2.4294443130493164
-2.4294443130493164
-2.369823932647705
-2.417487382888794
-2.1780521869659424
-2.5400390625
-2.1833622455596924
-1.2273565530776978
-2.0748589038848877
-1.7616746425628662
-1.7616746425628662
-1.7616746425628662
-1.7616746425628662
-1.7616746425628662
-1.7616746425628662
-1.7616746425628662
-1.7616746425628662
-1.7616746425628662
-1.7616746425628662
-1.7616746425628662
-1.7616746425628662
-1.7616746425628662
-1.7616746425628662
-1.7616746425628662
-1.7616746425628662
-1.7616746425628662
-1.7616746425628662
-1.7616746425628662
-1.7616746425628662
-1.7616746425628662
-1.7616746425628662
-1.7616746425628662
-1.7616746425628662
-1.7616746425628662
-1.7616746425628662
-1.7616746425628662
-1.7616746425628662
0.38062784075737
-1.832137107849121
-2.7756950855255127
-2.068394422531128
-1.142186164855957
2.5404796600341797
-2.5481045246124268
0.2529844343662262
-0.3236598074436188
-4.397790431976318
-0.9695196747779846
2.0512802600860596
1.9513990879058838
0.6706323027610779
0.08575432002544403
0.06013299524784088
-1.6584354639053345
0.8930674195289612
1.1386768817901611
-0.8475804328918457
-2.5902302265167236
1.1483495235443115
-1.645663857460022
-1.4385584592819214
-0.38810694217681885
0.4645829498767853
-1.3051891326904297
-2.3415050506591797
0.5627884864807129
-0.8075616955757141
-0.6177273392677307
-1.4583052396774292
0.15008065104484558
-2.1629273891448975
-1.450043797492981
-1.7393503189086914
-0.8551701307296753
-0.4258015751838684
-0.29259681701660156
-0.24841274321079254
-2.4951670169830322
-0.7494966387748718
-2.205765724182129
2.1704678535461426
-2.5902211666107178
1.7400935888290405
-2.0552523136138916
-1.8595244884490967
0.39430955052375793
-2.0972023010253906
-0.24098972976207733
-0.42611128091812134
-0.5215322375297546
-0.7150685787200928
0.86286461353302
-1.9492981433868408
-2.2891011238098145
-1.3499287366867065
-1.8756511211395264
1.4912183284759521
-0.739020049571991
-0.5606234073638916
1.3897669315338135
-0.5968531370162964
-2.3649215698242188
-1.1015676259994507
1.0094802379608154
0.35038259625434875
0.1970348209142685
-0.9782054424285889
-1.6612263917922974
-1.3697351217269897
-1.2446871995925903
-0.9236096143722534
-0.49903765320777893
0.9788990616798401
0.6603440046310425
-0.5867620706558228
-1.8410969972610474
-2.2382233142852783
-0.42924928665161133
0.2956097424030304
-1.4581533670425415
-0.9036346673965454
1.4728902578353882
0.5184950828552246
-0.05605774372816086
-2.0267226696014404
-0.3217970132827759
-0.09702236205339432
-2.103374719619751
-1.6962926387786865
-0.8400471210479736
-2.023235321044922
-0.6851881742477417
2.303638458251953
-0.9173449873924255
0.8249819874763489
-1.5497914552688599
-0.5308754444122314
-1.4302171468734741
1.1944055557250977
-2.2011399269104004
-1.632017970085144
-1.4866634607315063
-1.503286600112915
0.04954543709754944
0.5065567493438721
-1.5492054224014282
-1.8656587600708008
-1.454647183418274
-1.1500846147537231
-0.8367633819580078
-1.8028173446655273
-1.896823763847351
-2.037099599838257
-1.2920262813568115
-2.696524143218994
-1.4820739030838013
-1.8515852689743042
-1.3574349880218506
-0.8142799735069275
-1.3667986392974854
-3.3254284858703613
-1.2630016803741455
-0.4714962840080261
-1.3627501726150513
-3.8081295490264893
-0.37680748105049133
-1.7801586389541626
0.5876567363739014
-1.0906803607940674
-0.3583618402481079
-1.45323646068573
-2.450824737548828
-3.391430377960205
-1.856139063835144
-1.0843133926391602
-2.1387715339660645
-1.5506514310836792
-1.3586043119430542
-3.5930092334747314
-3.027017593383789
-2.8263165950775146
-2.344362735748291
-1.7770525217056274
0.2244473397731781
-1.924609661102295
-2.376776695251465
-2.0245890617370605
-2.1552369594573975
-1.2484714984893799
-1.691768765449524
0.08782614767551422
-1.9950133562088013
-1.2684249877929688
-1.7187715768814087
-2.2588582038879395
-1.6198704242706299
-1.0199382305145264
-0.7067108154296875
-2.9712464809417725
-2.0957984924316406
-1.9084765911102295
-1.8705183267593384
-0.6013883352279663
-1.1704338788986206
-1.735302209854126
0.16275350749492645
-0.7485790252685547
-0.8426730632781982
-1.2993146181106567
-2.1576850414276123
-2.023641586303711
-1.6781566143035889
-2.045952558517456
-0.740291178226471
-1.988378643989563
-3.1231415271759033
-2.1089982986450195
-2.933455467224121
-2.7868504524230957
-2.4264228343963623
-2.5948376655578613
-1.060966968536377
-1.0858646631240845
0.3116559088230133
-1.1109071969985962
-0.9255558848381042
-2.294306993484497
-2.7934627532958984
-1.2988572120666504
-2.4275457859039307
-2.6297645568847656
-2.6220808029174805
-1.3664476871490479
-1.6371536254882812
-1.693316102027893
-1.6038382053375244
-1.7419779300689697
-0.9261026382446289
-1.0675877332687378
-0.8781845569610596
-1.0402486324310303
-0.37176594138145447
-1.2822340726852417
-0.3924618065357208
-0.3924618065357208
-1.3347336053848267
-0.3924618065357208
-0.9343470335006714
-0.9343470335006714
-0.8781845569610596
-1.0514839887619019
-1.7616746425628662
-1.7616746425628662
-1.7616746425628662
-1.7616746425628662
-1.7616746425628662
-1.7616746425628662
-1.7616746425628662
-1.7616746425628662
-1.7616746425628662
-1.7616746425628662
-1.7616746425628662
-1.7616746425628662
-1.7616746425628662
-1.7616746425628662
-1.7616746425628662
-1.7616746425628662
-1.7616746425628662
-1.7616746425628662
-1.7616746425628662
-1.7616746425628662
-1.7616746425628662
-1.7616746425628662
-1.7616746425628662
-1.7616746425628662
-1.7616746425628662
-1.7616746425628662
-1.7616746425628662
-1.7616746425628662
-1.7616746425628662
-1.7616746425628662
-1.7616746425628662
-1.7616746425628662
-1.7616746425628662
-1.7616746425628662
-1.7616746425628662
-1.7616746425628662
2.4803614616394043
1.9194650650024414
1.9914838075637817
-0.9469097256660461
1.589300274848938
-0.5667939782142639
-0.9041096568107605
-0.6138944029808044
0.8297972679138184
1.5438544750213623
-0.6202008724212646
-0.7994564175605774
0.18436239659786224
1.9020636081695557
1.4986727237701416
2.4492979049682617
-1.0381437540054321
-0.08784669637680054
-0.4350056052207947
1.3642096519470215
-0.49856090545654297
1.2009109258651733
-3.1646273136138916
-0.6185928583145142
-0.43794921040534973
-2.755133628845215
-1.5237133502960205
-0.17002208530902863
2.1052417755126953
-1.1692525148391724
1.5705013275146484
1.5705013275146484
1.5705013275146484
-1.3258390426635742
-0.5610558986663818
-0.7019830346107483
-1.9794565439224243
-1.554442286491394
-1.784730315208435
-0.4361680746078491
0.6557410955429077
1.5313116312026978
0.08844732493162155
0.7226990461349487
0.023447809740900993
1.0432206392288208
-0.2564433813095093
0.32893380522727966
-0.07508263736963272
0.1848064363002777
0.29706692695617676
-0.7607079744338989
-1.6830369234085083
1.7575664520263672
-0.14728441834449768
-1.3443245887756348
-1.1111910343170166
-1.0373111963272095
-1.6757903099060059
-0.9160524606704712
0.7586077451705933
-1.4796695709228516
-1.5882532596588135
1.3470253944396973
0.07770910114049911
-1.2059636116027832
0.4606555998325348
-2.010554075241089
1.4159921407699585
1.4159921407699585
-0.7543589472770691
-1.4516524076461792
-1.183135986328125
-1.5609748363494873
0.6696549654006958
1.2172812223434448
1.2172812223434448
-1.862823486328125
-1.982948899269104
0.5983336567878723
-0.6933748126029968
-2.3044259548187256
-1.3225191831588745
-1.718911051750183
-0.9089739918708801
-0.5761590600013733
-0.5860413312911987
-0.5906517505645752
1.4706528186798096
0.9952489733695984
-0.6067399978637695
-0.08285724371671677
0.7572529315948486
-1.2210514545440674
-0.016612261533737183
-2.072373151779175
-1.3810133934020996
0.7360018491744995
0.550959050655365
-0.006797077599912882
-1.5710023641586304
0.7061610817909241
0.5173186659812927
-0.15864251554012299
-1.861189365386963
-0.4729388356208801
-0.1266430914402008
-0.8650656938552856
-0.08299469947814941
-0.6439173817634583
-0.9035139083862305
-2.6229937076568604
-1.5869135856628418
-1.7733955383300781
0.9417611360549927
1.0640103816986084
0.27167412638664246
1.5823736190795898
-0.9775632619857788
0.1893664449453354
-1.4672224521636963
0.4539601802825928
0.9717392921447754
-0.5073339939117432
-1.2473564147949219
2.113811731338501
-1.9511983394622803
-0.27016550302505493
-1.07945716381073
-0.9570972919464111
-1.8224012851715088
-1.4834613800048828
-2.4277665615081787
-2.1210591793060303
2.073558807373047
-1.8141252994537354
-0.3319779634475708
0.281521201133728
-0.5320982336997986
-0.8631733059883118
-0.784390926361084
-2.6212286949157715
0.12144850939512253
-0.2355290949344635
-1.7178744077682495
-0.20236817002296448
-2.0528321266174316
-1.411719799041748
-2.458993673324585
0.2568915784358978
-2.5385427474975586
0.2772884964942932
-1.9677534103393555
-2.773423194885254
-2.564829111099243
-2.1773970127105713
-0.7387719750404358
-1.74424147605896
-2.95005464553833
-0.2001752406358719
-1.7616746425628662
-1.7616746425628662
-1.7616746425628662
2.4578099250793457
1.4932998418807983
-0.48808005452156067
0.19524972140789032
0.7926170825958252
-0.864867091178894
0.02102906070649624
0.9086369276046753
2.833275556564331
4.598089694976807
1.9680988788604736
1.1165342330932617
1.5456780195236206
0.7983505129814148
0.8687365651130676
1.1375484466552734
0.022542903199791908
0.3659558594226837
0.7383872270584106
1.9327129125595093
1.6267446279525757
2.3556442260742188
1.3386696577072144
0.3454180657863617
0.2927989661693573
0.5389344692230225
1.7998759746551514
0.1008126437664032
0.1008126437664032
0.5116617679595947
0.5116617679595947
0.5116617679595947
0.5116617679595947
0.72883141040802
-0.4597110450267792
-0.2962265908718109
0.4873300790786743
0.4873300790786743
0.4873300790786743
0.4873300790786743
1.5596693754196167
1.421053409576416
1.6469448804855347
1.6469448804855347
0.9887599349021912
0.4395248591899872
2.4460208415985107
1.953458309173584
-0.13146202266216278
-0.14531223475933075
-1.1369165182113647
-0.5470650792121887
0.8979030251502991
0.6206287741661072
2.161240339279175
2.161240339279175
-0.27294984459877014
1.306734561920166
1.2555091381072998
1.6838281154632568
-1.6073352098464966
0.431978315114975
-0.6280034184455872
0.14945007860660553
-0.863139808177948
-0.33698785305023193
1.8329625129699707
-0.9930408000946045
0.8416199684143066
-0.13502304255962372
1.124484896659851
-1.5339288711547852
0.826071560382843
-1.480804443359375
0.5065720081329346
-0.9430395364761353
2.013082504272461
-2.5068278312683105
2.062887668609619
0.17749164998531342
-2.533496141433716
-1.4062888622283936
1.5193547010421753
-1.0345577001571655
-1.3139166831970215
1.031869888305664
-0.29340803623199463
-1.043735146522522
-1.331903338432312
-2.7250239849090576
-2.104408025741577
-1.2606017589569092
2.2251195907592773
-1.8960864543914795
-3.330169677734375
-3.330169677734375
0.26282650232315063
-3.0550594329833984
-1.4644392728805542
-1.7923039197921753
-0.5435681939125061
-2.675931215286255
-3.062875509262085
-2.755464553833008
-1.6354807615280151
-3.0526134967803955
-1.78996741771698
-2.9227285385131836
-2.7157039642333984
-1.0717095136642456
-3.494446039199829
-0.8547505736351013
-3.065580129623413
-3.580825090408325
-2.9140236377716064
-2.9140236377716064
-3.1405560970306396
-3.01277494430542
-1.169350504875183
-2.3718130588531494
-1.5532715320587158
-1.7616746425628662
-1.7616746425628662
-1.7616746425628662
-1.7616746425628662
-1.7616746425628662
-1.7616746425628662
-1.7616746425628662
-1.7616746425628662
-1.7616746425628662
-1.7616746425628662
-1.7616746425628662
-1.7616746425628662
-1.7616746425628662
-1.7616746425628662
-1.7616746425628662
-1.7616746425628662
-1.7616746425628662
-1.7616746425628662
-1.7616746425628662
-1.7616746425628662
-1.7616746425628662
-1.7616746425628662
-1.7616746425628662
-1.7616746425628662
-1.7616746425628662
-1.7616746425628662
-1.7616746425628662
-1.7616746425628662
-1.7616746425628662
-1.7616746425628662
-1.7616746425628662
-1.7616746425628662
-1.7616746425628662
-1.7616746425628662
-1.7616746425628662
-1.7616746425628662
-1.7616746425628662
-1.7616746425628662
-1.7616746425628662
-1.7616746425628662
-1.7616746425628662
-1.7616746425628662
-1.7616746425628662
-1.7616746425628662
-1.7616746425628662
-1.7616746425628662
2.0864245891571045
2.010368824005127
1.2855502367019653
1.2387760877609253
0.6158717274665833
-0.8844191431999207
-0.7822449207305908
0.1266770213842392
-0.8825503587722778
0.6232509613037109
-0.6984842419624329
2.4421327114105225
-1.7234816551208496
-0.9796322584152222
0.26928967237472534
-1.4797898530960083
5.631409645080566
-1.9851263761520386
-3.055429697036743
-1.624429702758789
-0.9368690848350525
-1.7668229341506958
-1.8908227682113647
3.4526076316833496
0.704184353351593
-1.396456241607666
-0.4660196304321289
1.8886539936065674
-0.13279971480369568
-1.4405269622802734
-1.2672619819641113
-0.3729372024536133
-1.4272425174713135
-0.2943095266819
-0.8857042193412781
-1.7661781311035156
-0.7116672992706299
-0.08018669486045837
-0.16464030742645264
-2.3584134578704834
-1.987637996673584
-0.8228640556335449
-1.1899454593658447
-0.8981738090515137
-2.057187557220459
-0.20891059935092926
0.5935859084129333
-2.6893088817596436
-2.9700682163238525
-1.9167453050613403
1.120368480682373
-1.7942322492599487
-0.6308557391166687
-2.2777254581451416
-0.9561326503753662
-0.8951473236083984
-2.560729503631592
-2.076141119003296
-0.9292192459106445
-0.6286520957946777
-2.3605406284332275
-1.0064955949783325
-0.10175301879644394
-1.741386890411377
-3.2808640003204346
0.6111383438110352
0.3977876603603363
-2.56123685836792
-1.7572416067123413
-1.8789857625961304
-3.341348648071289
0.13679932057857513
-0.14264853298664093
-1.4496792554855347
-2.751681327819824
-1.6401293277740479
-1.873573660850525
-1.6397172212600708
-1.1266837120056152
-2.584585189819336
-1.0876575708389282
-2.7578132152557373
-2.9000906944274902
-2.005688428878784
-1.731712818145752
-1.5945838689804077
-1.043554425239563
-1.8411277532577515
-2.304438591003418
-2.845616102218628
-2.419757127761841
-1.6110258102416992
-0.22181737422943115
-0.5672338604927063
-3.505415201187134
-2.3809242248535156
-2.388719320297241
-2.1501576900482178
-2.261068820953369
-2.5472607612609863
-0.17570658028125763
-2.8638975620269775
-1.7091857194900513
-2.9736382961273193
-3.1505191326141357
-1.2872326374053955
-1.3941611051559448
-3.502263069152832
-2.205477237701416
-2.9906604290008545
-2.6191985607147217
-2.7019999027252197
-3.425743579864502
-2.8494176864624023
-1.5836366415023804
-2.9570815563201904
-0.7407276034355164
-3.13584041595459
-2.8115363121032715
-2.9688940048217773
-3.6325151920318604
-2.126420021057129
-0.774825930595398
-3.377659320831299
-2.977226972579956
-3.0755958557128906
-3.0766167640686035
-2.3346657752990723
-1.0958802700042725
-1.9366064071655273
-1.7393760681152344
-0.0018072135280817747
-2.150416851043701
-1.77164888381958
-1.848591923713684
-0.20146110653877258
0.4756873846054077
3.5360679626464844
1.9944493770599365
2.3523268699645996
0.8031092286109924
2.264038324356079
1.3793890476226807
2.8324451446533203
-0.9233803749084473
1.4687291383743286
-0.9837117791175842
-1.5015584230422974
0.4961388409137726
2.518181562423706
-0.7237013578414917
-0.5339058637619019
0.404850572347641
1.8591378927230835
3.0710790157318115
-1.0229079723358154
0.34084129333496094
-0.899590790271759
-0.55496746301651
0.7679438591003418
-1.6775038242340088
-0.17862172424793243
-0.1660229116678238
-0.1511787623167038
-1.965084433555603
-2.0662360191345215
-1.2186652421951294
-0.69868004322052
0.6179134845733643
0.6431495547294617
-1.1572904586791992
0.6987913846969604
1.5661958456039429
0.38773804903030396
0.14263102412223816
-1.6987448930740356
0.2720368206501007
-2.8872768878936768
0.21772147715091705
0.7847877740859985
0.38822469115257263
0.5925353169441223
0.5925353169441223
0.9042297005653381
1.0402545928955078
1.0402545928955078
0.4994647800922394
0.19757366180419922
1.7708593606948853
1.7708593606948853
1.7708593606948853
1.7708593606948853
1.7708593606948853
1.7708593606948853
1.7708593606948853
-0.23733311891555786
0.499758243560791
1.072096824645996
1.072096824645996
1.072096824645996
1.072096824645996
1.072096824645996
1.072096824645996
1.072096824645996
1.072096824645996
1.072096824645996
1.072096824645996
1.072096824645996
0.5605375170707703
0.5605375170707703
0.5605375170707703
0.5605375170707703
0.5605375170707703
0.5605375170707703
0.5605375170707703
0.5605375170707703
0.5605375170707703
0.5605375170707703
0.5605375170707703
0.5605375170707703
0.5662567019462585
-0.35977983474731445
-1.1447867155075073
-1.1447867155075073
-1.1447867155075073
-1.1447867155075073
-1.1447867155075073
-1.1447867155075073
-1.376238465309143
-0.0344083234667778
-0.0344083234667778
-0.5252967476844788
-0.5252967476844788
-0.5252967476844788
-0.10448573529720306
-0.5482622385025024
0.614043116569519
-2.118135452270508
0.6207501888275146
-1.2069653272628784
0.5492335557937622
-1.4208310842514038
-0.8032535314559937
-2.2397193908691406
-1.5009937286376953
-1.1086478233337402
-1.0913472175598145
-1.2573599815368652
0.5475274324417114
-0.43022283911705017
-2.1329221725463867
-2.4543490409851074
-0.5693045854568481
-3.866245985031128
-1.5645197629928589
-1.4503164291381836
-1.8637620210647583
-1.224751353263855
0.9635739922523499
-0.506372332572937
-2.00968861579895
-1.6985712051391602
0.5651162266731262
-2.1227240562438965
-0.6916002631187439
-1.194786548614502
-1.5549585819244385
0.02916346862912178
-1.2245500087738037
0.6478169560432434
-1.1808910369873047
-0.6687470078468323
-0.844988226890564
-0.08464030176401138
-1.7616746425628662
-1.7616746425628662
-1.7616746425628662
-0.5943276286125183
-3.589958906173706
0.2946527302265167
1.5593429803848267
0.27115532755851746
-1.4474221467971802
-2.946160078048706
-1.435233235359192
-3.804400682449341
-1.6585097312927246
-0.8039402365684509
-1.5171451568603516
1.1430823802947998
-0.9408127665519714
1.1629356145858765
-0.01529267244040966
-0.9918093085289001
-0.37616074085235596
0.48005396127700806
-0.26121750473976135
-1.4871710538864136
-1.5976355075836182
-0.7317845225334167
-1.636672854423523
0.16667331755161285
-0.31229132413864136
-1.8163725137710571
-0.1840144842863083
0.2868024706840515
0.4784814715385437
-1.13406503200531
-0.4922257959842682
0.8702609539031982
-0.8216370940208435
-1.9864214658737183
0.31279101967811584
-2.0950064659118652
-1.1810866594314575
-1.1549159288406372
-0.43602749705314636
-0.02047753520309925
0.4904118776321411
-2.1061370372772217
0.26637259125709534
0.5575820207595825
-2.1578588485717773
0.8296232223510742
-2.1185197830200195
0.963617205619812
-0.7094433307647705
-2.1678717136383057
-0.8610520362854004
-3.0106542110443115
-1.256086826324463
-1.4877777099609375
-0.7224774956703186
-1.6376667022705078
-1.542804479598999
-2.34348464012146
-1.3061723709106445
-2.732130527496338
-1.430986762046814
-1.5458946228027344
-2.7896223068237305
-1.5365029573440552
-0.29483097791671753
-2.2633368968963623
-0.20223568379878998
-1.274112343788147
-1.5130314826965332
-2.001768112182617
-0.04906577616930008
-0.3766115605831146
-0.3875003159046173
-2.8230061531066895
-2.297639846801758
-1.4951837062835693
-0.5744132995605469
-2.190556526184082
-2.5134522914886475
1.2556869983673096
-1.3201810121536255
-2.6251325607299805
-2.082165002822876
-0.6779910326004028
-0.7695439457893372
-2.4375030994415283
-1.7437021732330322
-2.527865171432495
1.0874654054641724
-1.2532166242599487
-1.937334418296814
-2.407283306121826
-2.4859232902526855
-1.9035531282424927
-0.792846143245697
-1.236207365989685
-2.3305275440216064
-2.5979278087615967
-1.4392836093902588
-2.3226377964019775
-0.5713338851928711
-1.0634229183197021
0.09931182861328125
-3.1741161346435547
-1.7062004804611206
-2.1881470680236816
0.2968297600746155
-1.5203968286514282
-3.0752861499786377
-2.1233737468719482
-2.200615882873535
-1.7390215396881104
-1.219373106956482
-1.4454318284988403
-1.5906485319137573
-4.810223579406738
-2.989603042602539
-1.7682793140411377
-2.1261420249938965
-2.4838480949401855
-4.682272434234619
-3.5657365322113037
-1.6479270458221436
-1.3911700248718262
-3.6997451782226562
-2.213266372680664
-1.744130253791809
-1.9348400831222534
-0.9337484836578369
-2.094971179962158
-2.115950107574463
-0.5454940795898438
-3.0550904273986816
-1.9469152688980103
-1.031894326210022
-1.870111346244812
-1.7365024089813232
1.6310358047485352
-1.7616746425628662
-1.7616746425628662
2.1889004707336426
3.6825015544891357
1.4316346645355225
1.2978849411010742
3.0083632469177246
1.781854271888733
-0.758813738822937
-0.16536957025527954
2.736210584640503
-0.29843589663505554
-0.014997785910964012
0.652047336101532
1.250245451927185
-1.13314688205719
-0.8414931893348694
-1.7271676063537598
-1.5849978923797607
1.841758370399475
-0.33010807633399963
0.3203390836715698
0.8155888915061951
-1.9019695520401
0.532492995262146
1.2584999799728394
-0.41394439339637756
0.34939804673194885
-1.1036123037338257
1.6186467409133911
2.289785623550415
-0.39299264550209045
-1.0899726152420044
-0.282424658536911
1.3950062990188599
-0.5107399821281433
-0.6962146162986755
0.7198825478553772
-0.5058026313781738
-3.4651525020599365
0.31157609820365906
-2.488333225250244
-0.3420616686344147
-0.7271512150764465
1.3437912464141846
0.12904977798461914
0.05727566406130791
-1.1708133220672607
-2.132120132446289
1.8069777488708496
-0.14765040576457977
-0.9237126111984253
0.6161859035491943
-1.9959033727645874
-1.3876965045928955
-0.6156047582626343
-0.7802415490150452
-0.9774158596992493
-0.2835991382598877
0.143641859292984
-0.1901828944683075
-0.49196842312812805
-1.710695505142212
-0.5200964212417603
-0.03940168395638466
-1.638708472251892
-1.1970257759094238
0.966970682144165
-0.1695868819952011
-0.21882499754428864
0.3359396457672119
-1.6899858713150024
-0.12432275712490082
0.059121981263160706
-1.4646073579788208
-2.1426050662994385
-1.8100976943969727
-1.84932541847229
-1.4280215501785278
-1.1968069076538086
0.5311524868011475
-0.6676213145256042
0.4993031919002533
-0.14595942199230194
-0.06177964434027672
-0.7648932933807373
-0.6038302779197693
-3.154716730117798
-1.979896903038025
-0.8120074272155762
-1.7601784467697144
-0.9751145839691162
0.31093624234199524
-0.9594601392745972
-0.4955886900424957
-0.28693535923957825
0.7728773355484009
-0.3800753951072693
0.7214252948760986
-0.4564399719238281
0.49554434418678284
-2.5621109008789062
-1.2014585733413696
-0.17068661749362946
-0.8803276419639587
-1.6777538061141968
-0.12595075368881226
-1.4331101179122925
-1.597348928451538
-1.8897918462753296
-0.6509140133857727
-0.9263364672660828
-1.4241819381713867
-1.1513988971710205
-1.7149393558502197
-2.0120134353637695
1.0509209632873535
-1.4352537393569946
-1.60211980342865
-1.1292730569839478
-1.6049972772598267
3.534440517425537
-1.4217045307159424
-0.8783546686172485
0.6067599654197693
0.6067599654197693
-0.5198390483856201
-0.5127821564674377
-1.9557995796203613
-2.061406373977661
-0.9853730201721191
-1.1975784301757812
-1.5150389671325684
-0.20568311214447021
-2.512817621231079
-1.2400405406951904
-0.6222718358039856
-0.8088042140007019
-0.4473867416381836
-1.0567197799682617
-2.0056209564208984
-0.636216938495636
-1.73362398147583
-1.704754114151001
-1.6003614664077759
-0.8712050914764404
-0.9393705725669861
-0.42117688059806824
-1.1877223253250122
-1.864456295967102
-1.8395882844924927
-1.8156872987747192
-1.1467946767807007
-1.7027970552444458
-1.579487681388855
-1.1670074462890625
-1.8913094997406006
-1.1792880296707153
-1.8601566553115845
-1.4382514953613281
-1.985048770904541
-1.2346032857894897
-1.4892407655715942
-2.017705202102661
-1.8951926231384277
-0.0548769049346447
-1.9209990501403809
0.8763753771781921
0.15082325041294098
-2.0536463260650635
-1.1448057889938354
-1.181288719177246
-0.1564827710390091
0.3870919942855835
-0.5876566171646118
-1.2929476499557495
-0.7387096881866455
-0.5205612182617188
-0.8381306529045105
-0.5178611278533936
0.3719871938228607
1.5661320686340332
1.5661320686340332
-1.44402015209198
-1.0034273862838745
-1.0034273862838745
-1.0034273862838745
-1.7082374095916748
0.04008074104785919
-2.6630897521972656
0.3816327452659607
-1.8220523595809937
1.1015723943710327
-0.14445698261260986
-2.519552707672119
-2.0588715076446533
-0.43326008319854736
-0.7068455815315247
-0.6457338333129883
0.7161746025085449
0.7161746025085449
-1.6815032958984375
-1.3544379472732544
-0.30761295557022095
-0.30761295557022095
-2.6661133766174316
-2.8263373374938965
0.2059575617313385
0.08683216571807861
0.9221816062927246
0.10000311583280563
-0.2674177885055542
-0.2428617924451828
-1.0511059761047363
-1.2226547002792358
-0.11577583104372025
-1.2555060386657715
-2.070868968963623
-2.244417905807495
-1.2887935638427734
-1.8140921592712402
-2.0434441566467285
-2.2553257942199707
-2.0817744731903076
-1.8859608173370361
-1.4873942136764526
-1.4873942136764526
-2.2173819541931152
-0.96515291929245
-0.869483232498169
-2.2636194229125977
-0.15186379849910736
-2.0968713760375977
-2.057527780532837
-0.5273950695991516
-0.9097371101379395
-0.016523942351341248
-1.7616746425628662
-1.7616746425628662
-1.7616746425628662
-1.7616746425628662
-1.7616746425628662
-1.7616746425628662
-1.7616746425628662
-1.7616746425628662
-1.7616746425628662
-1.7616746425628662
-3.824542999267578
-2.3763296604156494
-1.31691312789917
-2.2883143424987793
-2.5725364685058594
-0.26212018728256226
-1.5110454559326172
0.6626562476158142
1.256791353225708
-1.2643316984176636
-0.5538235306739807
-0.9348176717758179
-0.7286884784698486
-1.107068657875061
-2.851229429244995
-0.7514293789863586
-1.2515933513641357
-1.1162538528442383
-3.4318652153015137
-2.725738048553467
-2.779820442199707
-1.2556848526000977
-3.374657392501831
-1.8602776527404785
-2.311276912689209
-3.1613643169403076
-0.9320102334022522
-1.6935131549835205
-4.071946620941162
-0.7133596539497375
0.28407326340675354
-1.0883893966674805
-1.7691131830215454
-1.4001057147979736
-1.0287748575210571
1.2009751796722412
1.2009751796722412
1.2009751796722412
-0.2601184546947479
-0.2601184546947479
0.04765263944864273
0.04765263944864273
0.04765263944864273
0.04765263944864273
0.04765263944864273
0.04765263944864273
0.04765263944864273
0.2737056612968445
0.2737056612968445
-1.370550513267517
0.8874651193618774
0.8874651193618774
0.8874651193618774
-0.2404651641845703
1.4168548583984375
-0.7993118762969971
-0.2893984615802765
-1.2027502059936523
-1.4325745105743408
0.06816230714321136
-1.5673240423202515
-0.47843611240386963
0.34530672430992126
-1.4900742769241333
-2.105178117752075
-1.076867938041687
-0.8238834142684937
-0.6241625547409058
-0.9267588257789612
-3.484025716781616
-1.4597244262695312
-2.3704442977905273
-1.185305118560791
-2.0742149353027344
-3.1533899307250977
-1.3198745250701904
-0.27243563532829285
-1.7290220260620117
-1.1367213726043701
-0.9944913983345032
-0.37162286043167114
-1.6975878477096558
-1.6931304931640625
-1.7439444065093994
-3.077845335006714
-2.965210199356079
-2.6455352306365967
-0.9037864804267883
-2.6455352306365967
-2.6455352306365967
-1.222609519958496
-1.7616746425628662
-1.7616746425628662
-1.7616746425628662
-1.7616746425628662
-1.7616746425628662
-1.7616746425628662
-1.7616746425628662
-1.7616746425628662
-1.7616746425628662
-1.7616746425628662
-1.7616746425628662
-1.7616746425628662
-1.7616746425628662
-1.7616746425628662
-1.7616746425628662
-1.7616746425628662
-1.7616746425628662
-1.7616746425628662
-1.7616746425628662
-1.7616746425628662
-1.7616746425628662
-1.7616746425628662
-1.7616746425628662
-1.7616746425628662
-1.7616746425628662
-1.7616746425628662
-1.7616746425628662
0.7688982486724854
0.7271447777748108
-0.1032903864979744
2.0913894176483154
-0.5531936883926392
0.2775057554244995
1.2939348220825195
1.0328803062438965
-1.7207242250442505
-0.9633779525756836
3.2541143894195557
2.546205997467041
0.2766290009021759
-0.01213717833161354
1.5922625064849854
0.2965668737888336
-1.0407276153564453
0.16705569624900818
1.068772315979004
-0.06099212169647217
3.013007402420044
-1.2139889001846313
-1.3477580547332764
-1.2424428462982178
-0.7678314447402954
-3.236318826675415
-0.13238532841205597
-0.9981805682182312
-0.057869456708431244
-0.6693736910820007
1.128244161605835
0.041023023426532745
-0.19921909272670746
0.18867337703704834
-0.4783099591732025
1.2954471111297607
0.8387948274612427
-0.3106904625892639
1.2778639793395996
-1.3457705974578857
-2.122159242630005
-0.5906232595443726
-1.052266240119934
-1.333594799041748
-0.2919389009475708
-1.9365140199661255
-0.27594900131225586
0.5625790357589722
-1.7907661199569702
-1.954061508178711
-1.0675477981567383
-0.6000104546546936
0.3270971477031708
-1.871087670326233
1.5179147720336914
0.006660281680524349
0.7088896632194519
-1.4184848070144653
-0.8500689268112183
-0.5529272556304932
-1.3998942375183105
-1.3402438163757324
0.2882902920246124
-1.9883666038513184
0.24880394339561462
-0.40707114338874817
-1.899971842765808
-2.014801263809204
0.3727833330631256
-0.23559123277664185
-1.7532511949539185
-2.7851333618164062
-2.2195560932159424
-0.9298236966133118
-2.6968512535095215
-0.5721450448036194
-0.8092944622039795
1.0541656017303467
-0.311652272939682
-2.4165730476379395
-1.9047396183013916
-1.8247790336608887
-1.5664632320404053
-1.5587025880813599
-1.5342960357666016
-0.9404436349868774
-1.4189680814743042
-0.5626289248466492
-1.2150719165802002
-2.2532856464385986
-0.9976165294647217
-0.28583845496177673
-1.5018949508666992
-1.26655912399292
-1.9927772283554077
-1.2853142023086548
-0.725017249584198
-0.9574897885322571
-1.4345297813415527
-0.05354457348585129
-2.4646310806274414
-0.7260631918907166
-3.081653356552124
-2.2437548637390137
-1.676924228668213
-1.5405200719833374
0.007689057849347591
-1.2848868370056152
-2.754626989364624
-2.571939468383789
-2.6360440254211426
-2.2586653232574463
-1.6532105207443237
-2.5900540351867676
-1.7835760116577148
-2.593029737472534
-2.6500470638275146
-1.6997089385986328
-1.3861173391342163
-2.683194160461426
-1.8979943990707397
-2.2241954803466797
-1.6704626083374023
-3.3700263500213623
-2.205613136291504
-1.4034472703933716
-2.4108142852783203
-2.973344564437866
-1.8268896341323853
-2.21147084236145
-1.7383136749267578
-2.255944013595581
1.155979871749878
-1.3810184001922607
-2.4914445877075195
-2.523404598236084
-2.6259686946868896
-2.163266181945801
-2.019275426864624
-3.2511894702911377
-2.7630650997161865
-2.1691231727600098
-2.826462507247925
-2.59516978263855
-2.8512957096099854
-2.7633719444274902
-1.854965090751648
-1.8640869855880737
-1.8854752779006958
-3.0250229835510254
-2.639734983444214
-1.5331350564956665
-2.415276288986206
-1.0466715097427368
-0.6720757484436035
-1.2186163663864136
2.0710086822509766
3.6592681407928467
-0.3902987241744995
1.3433876037597656
0.6655308604240417
-0.7469050288200378
-1.519606113433838
-2.590656280517578
-3.5012922286987305
-0.1558883786201477
-2.906477689743042
-2.5833282470703125
0.6831080317497253
-0.9030019640922546
-0.9030019640922546
-0.9322276711463928
-1.7029774188995361
-0.9634481072425842
-2.0151262283325195
-3.0055320262908936
-2.3824920654296875
-1.1828547716140747
-1.12473464012146
-2.1567187309265137
-1.0452215671539307
-1.5470695495605469
-0.9159126281738281
-2.000152587890625
-2.9302785396575928
-2.8345093727111816
-0.19495855271816254
-0.8664353489875793
-1.7405939102172852
-1.0405296087265015
-1.6018617153167725
-0.2828739881515503
-1.1136010885238647
-1.65946626663208
0.8684505820274353
-1.8263674974441528
-0.6419289112091064
1.3933824300765991
-1.8077059984207153
-1.08928644657135
-0.9561342597007751
-3.3229126930236816
-1.0993224382400513
0.6889879703521729
-0.015016636811196804
-3.517124891281128
-1.895771861076355
-1.0453171730041504
-2.2306203842163086
-1.862542986869812
-0.6932445168495178
-1.9580339193344116
-0.4813876152038574
-1.6849559545516968
-1.9293547868728638
-1.2391419410705566
-1.5690343379974365
-1.4749144315719604
-1.5856045484542847
-0.21721084415912628
0.09126084297895432
-2.6943359375
-0.8697091937065125
-1.1536394357681274
-0.436474472284317
-1.6122883558273315
-1.2161977291107178
-3.4771645069122314
-2.2785065174102783
-2.1688807010650635
-3.843471050262451
-0.5812433958053589
-0.6713939309120178
-2.617152214050293
-0.06696438044309616
-0.06696438044309616
-1.526641845703125
1.011223554611206
1.011223554611206
-2.3744778633117676
-1.3284242153167725
-1.3284242153167725
-1.3284242153167725
-1.262375831604004
-2.519879102706909
-0.6227809190750122
-3.2431349754333496
-0.7301012277603149
-0.7301012277603149
-0.08950729668140411
-2.244072675704956
-0.14494110643863678
-0.3649352192878723
-0.8671411275863647
-0.49115973711013794
-2.1236917972564697
-2.6448214054107666
-1.541056513786316
-0.18669980764389038
-1.4202126264572144
-2.046308755874634
-1.6479744911193848
-1.0398054122924805
-1.229748249053955
-1.1734066009521484
-0.2306140512228012
0.48696914315223694
-1.4722830057144165
-2.121896266937256
3.2695984840393066
3.2695984840393066
-1.4161096811294556
0.9485591053962708
0.9485591053962708
0.9485591053962708
0.9485591053962708
-0.7503542900085449
1.2384144067764282
1.2384144067764282
1.2384144067764282
1.2384144067764282
1.2384144067764282
-1.2756236791610718
-0.18833820521831512
-0.18833820521831512
-0.5203647613525391
-0.5203647613525391
-0.5203647613525391
-0.5203647613525391
-1.386087417602539
0.853248119354248
-1.00320303440094
-1.00320303440094
-0.5953221917152405
-1.0629794597625732
2.0328614711761475
0.41176795959472656
-0.5218517780303955
0.3928752541542053
0.08268935233354568
-1.0571210384368896
-0.5610408186912537
0.1473214477300644
0.15760035812854767
-1.8083317279815674
-0.5997625589370728
-0.3850920796394348
-1.3348132371902466
-0.22636833786964417
0.002885820111259818
-0.8933177590370178
-1.4775149822235107
-0.5698549747467041
-0.45411065220832825
0.3802449107170105
-3.127309560775757
-1.6930251121520996
-0.13648858666419983
-1.2459784746170044
-0.8027558922767639
-1.4373133182525635
-0.21962019801139832
-0.7630666494369507
-2.380949020385742
-2.5059587955474854
-2.3985204696655273
-1.5812652111053467
-2.6580049991607666
-2.3297691345214844
-0.6340693831443787
-2.0562174320220947
-2.8742220401763916
0.06375307589769363
-1.7616746425628662
-1.7616746425628662
-1.7616746425628662
-1.7616746425628662
-1.7616746425628662
-1.7616746425628662
-1.7616746425628662
-1.7616746425628662
-1.7616746425628662
-1.7616746425628662
-1.7616746425628662
-1.7616746425628662
-1.7616746425628662
-1.7616746425628662
-1.7616746425628662
-1.7616746425628662
-1.7616746425628662
-1.7616746425628662
-1.7616746425628662
-1.7616746425628662
-1.7616746425628662
-1.7616746425628662
-1.7616746425628662
-1.7616746425628662
2.2036638259887695
3.4152607917785645
1.7148810625076294
2.8538906574249268
3.0220797061920166
2.2581350803375244
3.2512331008911133
2.9043169021606445
1.7209516763687134
1.0640870332717896
2.647639513015747
0.6556895971298218
2.0331344604492188
0.9495936036109924
-0.159343421459198
2.119130849838257
0.6853131651878357
-0.7620939612388611
1.8048433065414429
-0.143753781914711
-0.08682059496641159
2.7476630210876465
0.9233852624893188
0.24373535811901093
1.5153039693832397
1.5153039693832397
-0.5634262561798096
2.7971339225769043
3.8551714420318604
1.724721074104309
2.0017638206481934
2.0017638206481934
0.7796767354011536
0.9829254150390625
0.4958931505680084
-0.887437105178833
0.12304753810167313
0.09879136830568314
0.4544964134693146
0.5373310446739197
0.09463583678007126
-0.17538204789161682
-2.2153053283691406
-0.6425833702087402
-0.6425833702087402
-1.0184191465377808
0.5985558032989502
-0.5091491937637329
-0.5091491937637329
-2.4947052001953125
-0.5958539843559265
-0.41931888461112976
-0.7778651118278503
-0.38908305764198303
-1.7347235679626465
-1.5453734397888184
-1.492803931236267
-1.4752174615859985
-2.676957607269287
-1.7388752698898315
0.35752421617507935
-1.0883647203445435
-1.7060860395431519
-1.0452709197998047
-2.134744167327881
-1.4166250228881836
-2.1445565223693848
-0.6364611387252808
-1.034193992614746
-0.9592020511627197
-0.5356958508491516
-0.8999954462051392
-1.6432663202285767
-0.020510243251919746
-0.9799838662147522
-0.8849477171897888
-0.910555362701416
0.633827805519104
1.0031664371490479
-1.1774048805236816
-2.0339720249176025
-1.165581464767456
3.596590831875801E-4
-1.5455591678619385
0.27571356296539307
0.059007737785577774
-0.6397150158882141
-1.2972887754440308
1.5027971267700195
-1.4242883920669556
1.2161229848861694
-1.7160223722457886
-0.36866480112075806
-1.886670470237732
-0.9803072214126587
1.2210197448730469
0.6489914655685425
-1.003345251083374
0.5394554138183594
-0.5461605191230774
0.3511405885219574
0.2661992907524109
-0.4534204602241516
1.108228325843811
-2.1730639934539795
-1.5537749528884888
-1.501109004020691
-0.6365860104560852
-0.6477093696594238
-0.3315623104572296
-1.0562607049942017
-0.3735361099243164
-1.2904459238052368
-2.0032036304473877
0.02509441040456295
-0.20869381725788116
-0.4671679139137268
1.4253495931625366
-0.7444159388542175
-0.5532476305961609
0.30925557017326355
-1.8703328371047974
-1.6000112295150757
-0.8688634634017944
-1.939387559890747
-1.6633838415145874
-1.6042399406433105
-1.551794409751892
-0.742387592792511
-2.570157527923584
-2.815462589263916
-2.2094528675079346
-0.46264535188674927
-0.8680509924888611
-2.3668477535247803
-2.357746124267578
1.742139220237732
-1.4668421745300293
-2.6105828285217285
-2.921389579772949
-2.8749852180480957
-0.8460560441017151
-1.0107426643371582
-1.0107426643371582
-0.0697818249464035
-0.8775013089179993
-0.8775013089179993
-0.2218903750181198
-0.4702264368534088
-1.7616746425628662
-1.7616746425628662
-1.7616746425628662
-1.7616746425628662
-1.7616746425628662
-1.7616746425628662
-1.7616746425628662
-1.7616746425628662
-1.7616746425628662
-1.7616746425628662
-1.7616746425628662
-0.40714961290359497
-1.7828534841537476
0.12795333564281464
0.08314456790685654
-0.04555127024650574
2.0954198837280273
-0.3135012090206146
-0.4181165397167206
-0.029148271307349205
1.1202139854431152
-1.0628540515899658
-0.3409888446331024
-0.12544606626033783
-0.915736973285675
1.9711881875991821
-0.49526578187942505
-1.106319546699524
-0.6473617553710938
1.2684178352355957
0.45093777775764465
-1.313520073890686
-0.5100082755088806
-0.138246551156044
-0.4083535969257355
-0.9720160365104675
0.13006076216697693
-0.7356614470481873
-0.6261245012283325
0.2951018214225769
-0.44897565245628357
-0.3265003561973572
-0.49890226125717163
-0.35646873712539673
-0.8258761763572693
-0.9672917127609253
-0.36647725105285645
-2.166987180709839
-0.8055044412612915
-0.6661339998245239
0.36039167642593384
-1.3518673181533813
1.0835342407226562
-0.7335681915283203
-0.07759962230920792
-0.09250222146511078
-0.632693350315094
0.7208628058433533
-2.142988681793213
1.4630430936813354
-1.3620765209197998
-1.2907198667526245
-1.2967708110809326
-1.540353775024414
-1.7580482959747314
-1.487839698791504
0.9213242530822754
-1.6817914247512817
-0.004991872236132622
-1.306676983833313
-1.2614606618881226
-1.8565267324447632
-0.7224814295768738
-0.8250735998153687
-2.3845200538635254
-1.2373497486114502
-0.9239534139633179
-1.783421516418457
-1.4220150709152222
0.4130166471004486
-0.7760105729103088
-2.2979259490966797
-2.04207706451416
-0.6698439717292786
-1.0574991703033447
-1.9402575492858887
-2.674075126647949
-2.037184953689575
-1.8937506675720215
-3.4415462017059326
-1.6681759357452393
-2.491950750350952
-2.852346897125244
-1.3813066482543945
-1.7771375179290771
-3.070140838623047
-2.687265157699585
-1.7548856735229492
-1.1858264207839966
1.62406325340271
-3.0374083518981934
-3.0374083518981934
-4.339046478271484
0.47140952944755554
2.273172378540039
-1.6663028001785278
0.1590055674314499
1.3588283061981201
-1.846436619758606
-1.575036644935608
0.5281702280044556
-2.9035167694091797
2.3086113929748535
1.4852725267410278
1.5108834505081177
1.0334069728851318
1.0334069728851318
1.0334069728851318
1.0334069728851318
1.0334069728851318
0.5154611468315125
-0.2019263207912445
-0.13896173238754272
0.05274362862110138
0.9035184979438782
0.8240847587585449
-1.172110915184021
1.6187248229980469
-0.566348135471344
-1.2701144218444824
-0.7315106391906738
-0.7315106391906738
-1.6549128293991089
-0.21520143747329712
9.123331401497126E-4
-1.519660234451294
0.1591150313615799
-0.133760467171669
0.9795140624046326
-1.2728701829910278
-2.4432568550109863
1.4955143928527832
-3.882267713546753
-2.5027573108673096
-0.8165667057037354
0.5781806111335754
-2.378678560256958
-3.145059585571289
0.6304652690887451
-2.911729574203491
-1.4230623245239258
-1.4612852334976196
-1.2724056243896484
-2.1124894618988037
-3.4021849632263184
-2.444927215576172
-1.5275875329971313
-1.898719310760498
1.069047451019287
-0.07404028624296188
2.8015174865722656
0.04278096929192543
-2.88165283203125
-2.5153403282165527
-2.503789186477661
-0.7171078324317932
-2.687577962875366
-2.0442070960998535
1.252663016319275
-2.634890556335449
-1.0746115446090698
-1.2748785018920898
-0.7999312281608582
-1.6441525220870972
-0.9690173268318176
-1.6427346467971802
-2.4773976802825928
0.40934860706329346
-2.191009998321533
-1.23187255859375
-2.282064199447632
1.1041744947433472
-1.3626374006271362
2.18729829788208
0.21877363324165344
-1.991416335105896
-3.5435171127319336
-1.3655381202697754
-1.9170514345169067
-1.5415434837341309
-2.471863269805908
-1.324471116065979
-2.1957077980041504
-1.9745533466339111
-2.1852471828460693
-1.422899842262268
-2.1097841262817383
-0.6473751068115234
-1.9157018661499023
-1.747260570526123
-2.3583483695983887
-0.7147877812385559
4.51674684882164E-4
4.51674684882164E-4
-1.458503246307373
-1.1576144695281982
-1.1576144695281982
-1.9716994762420654
-1.846561074256897
-1.7201510667800903
-1.545360803604126
-1.545360803604126
-1.545360803604126
-2.1104538440704346
-2.1104538440704346
0.426071435213089
-1.9401459693908691
-1.5004069805145264
-2.0993010997772217
-1.7841016054153442
-2.007046699523926
-1.207648515701294
-1.4198849201202393
-1.4198849201202393
-1.1076351404190063
-1.9846656322479248
1.6874914169311523
-0.8434349894523621
-1.2807567119598389
0.0013592899776995182
-2.057295083999634
-2.7508060932159424
-2.250575065612793
-2.100888967514038
-2.100888967514038
-2.100888967514038
1.2881547212600708
-1.47283935546875
-0.7306661009788513
-1.7616746425628662
-1.7616746425628662
-1.7616746425628662
-1.7616746425628662
-1.7616746425628662
-1.7616746425628662
-1.7616746425628662
-1.7616746425628662
-1.7616746425628662
-1.7616746425628662
-1.7616746425628662
-1.7616746425628662
-1.7616746425628662
2.1529479026794434
2.168588638305664
0.2189081460237503
0.8551012277603149
-1.0367566347122192
4.035465717315674
0.18641507625579834
3.535146951675415
1.2272038459777832
-0.6964845061302185
-0.9844841957092285
1.8968437910079956
-0.030260244384407997
-1.4045171737670898
-1.780013918876648
0.8287287354469299
-0.6719207763671875
-2.647104263305664
1.3768212795257568
0.2768044173717499
1.199142575263977
0.8384139537811279
-1.1277046203613281
1.950914740562439
0.40811675786972046
-0.9295002818107605
-0.6310659646987915
-1.1308221817016602
-1.0341100692749023
-0.9966050982475281
2.338379383087158
-0.6261878609657288
0.5566280484199524
1.2483677864074707
1.2483677864074707
1.2483677864074707
0.09127634763717651
1.7446095943450928
-0.8627991080284119
1.657573938369751
-2.439697265625
2.7447285652160645
1.5606242418289185
-2.0774247646331787
-2.1610162258148193
-0.7844163775444031
-0.7844163775444031
0.3771362006664276
0.1074388325214386
-0.23832987248897552
0.20532312989234924
1.3231425285339355
1.0489751100540161
-2.2929513454437256
1.108841061592102
0.44798743724823
-1.0947089195251465
0.31178194284439087
0.12286536395549774
2.150209426879883
-0.6864928603172302
1.2643200159072876
0.2453085333108902
-0.43663719296455383
-0.759049117565155
-0.9076554775238037
1.6689271926879883
0.1670749932527542
-0.18863734602928162
1.2196671962738037
-1.0729117393493652
-0.4847128689289093
-0.8107064366340637
-1.5173920392990112
-0.5133380889892578
-0.3994985520839691
-1.3442741632461548
-0.44402724504470825
-1.1495318412780762
0.3056962192058563
1.2176326513290405
-0.6407899856567383
-0.054885685443878174
-1.7474603652954102
-2.8564465045928955
0.1928764432668686
-2.2084085941314697
-0.3011440932750702
0.07188147306442261
-2.060009717941284
-0.3585819900035858
-0.6099922060966492
-0.9368365406990051
1.964341163635254
0.09322905540466309
0.28957146406173706
-1.5277799367904663
-2.3994009494781494
0.20771512389183044
-2.712501049041748
-1.7490651607513428
1.1626332998275757
1.1626332998275757
1.1626332998275757
-0.4593389928340912
-0.9648979306221008
-0.6873696446418762
0.07780680060386658
-0.367345929145813
0.5068477988243103
-1.6709027290344238
-1.3554935455322266
-1.0050982236862183
-0.1917637437582016
-1.0061479806900024
-0.22432109713554382
-0.7587058544158936
-0.6461349725723267
-1.1386041641235352
0.3432154655456543
-0.8971601128578186
-1.8538659811019897
-1.5820974111557007
-0.10044445097446442
-0.7904008626937866
-0.3672563433647156
-0.7802313566207886
-0.6099816560745239
-0.6099816560745239
-2.255053997039795
0.1375570148229599
-1.9181702136993408
-1.0347644090652466
-1.757336974143982
-0.40896037220954895
-0.40896037220954895
-0.40896037220954895
-0.22745300829410553
-1.1373403072357178
0.09783576428890228
-1.405987024307251
1.0158782005310059
-2.232065439224243
-0.9790096282958984
2.599147081375122
-0.8897166848182678
-0.08169384300708771
-0.17128171026706696
-0.46313807368278503
-0.9794047474861145
-1.1055967807769775
-1.396437406539917
-0.07081512361764908
-0.8692755699157715
1.1444090604782104
0.7298272252082825
-1.7456735372543335
0.1896216869354248
-1.4680277109146118
-0.7206728458404541
0.12259409576654434
-1.0973354578018188
2.074699640274048
-0.23570002615451813
0.04536895081400871
-0.7126429080963135
-1.57826566696167
-0.20057089626789093
-0.5774033069610596
-1.0468796491622925
-1.4663465023040771
-3.1698267459869385
-1.3770428895950317
-0.31326723098754883
-1.4242361783981323
-0.7451705932617188
-1.1089105606079102
-1.5540655851364136
-1.6645808219909668
-1.8173261880874634
0.18511027097702026
-1.779829502105713
-2.814584732055664
-1.1404446363449097
-1.526068925857544
-1.291610598564148
-1.9848865270614624
-0.5152170062065125
0.543461799621582
-2.2242794036865234
-0.3098195791244507
-1.1668134927749634
-2.2171690464019775
-0.6753937602043152
-1.8586567640304565
-0.02808845043182373
-0.8147356510162354
-2.371217727661133
-2.4405884742736816
-2.0302772521972656
-1.8662158250808716
-1.3272473812103271
-1.1709593534469604
-1.33152437210083
-2.1655728816986084
0.490544855594635
-1.0880790948867798
-1.0901302099227905
-2.1058123111724854
-2.0625011920928955
0.8153712153434753
-1.96321702003479
-1.012730360031128
-0.3769921362400055
-1.098599910736084
-1.9028890132904053
-1.8326950073242188
-1.8495644330978394
-1.5877666473388672
-1.4932451248168945
-1.0180047750473022
0.6299688220024109
-1.2142956256866455
-1.464686393737793
-0.4410226345062256
-1.007156491279602
-2.5266661643981934
-1.0645335912704468
-1.0003703832626343
-0.8201828002929688
-0.1829390972852707
-2.511565685272217
-2.5440285205841064
-1.9206712245941162
-2.4320757389068604
-2.1708056926727295
-1.4985257387161255
-1.9906405210494995
-2.087528705596924
-1.5992835760116577
-1.670058250427246
0.1533748060464859
-2.449218273162842
-0.6652893424034119
-0.6564381718635559
-1.915456771850586
-1.6167628765106201
0.24000507593154907
-2.2269861698150635
-1.7836711406707764
-1.1538732051849365
-0.5618804097175598
-0.4978252351284027
-3.131863832473755
-2.019364833831787
-0.6617348790168762
-0.6617348790168762
-1.457254409790039
-0.6204569935798645
-0.05631555616855621
-1.8801273107528687
-0.600551962852478
-0.881138026714325
-0.9385319352149963
-1.0483474731445312
-2.122037410736084
-1.6694527864456177
0.08144991844892502
-1.0443004369735718
-1.8994557857513428
-1.0539731979370117
-1.0539731979370117
-2.671581506729126
-2.804567337036133
-1.3632309436798096
-2.623934745788574
-1.5911133289337158
-2.0054588317871094
0.22680965065956116
-1.0876240730285645
-0.20940758287906647
-2.2343361377716064
-2.8917980194091797
-1.178671956062317
-2.3644907474517822
-1.0150567293167114
-1.1601024866104126
-1.1601024866104126
-1.1601024866104126
1.4900199174880981
-0.8730077147483826
0.14509522914886475
3.0584769248962402
1.4257570505142212
0.49121910333633423
1.6739286184310913
-1.3287949562072754
-0.05437873303890228
-1.2514173984527588
0.4293939173221588
0.6560705900192261
1.7881743907928467
-3.296125650405884
-0.17006300389766693
1.877102017402649
-0.7120140194892883
1.515680193901062
-0.3188750147819519
1.2219643592834473
0.1959945410490036
-0.452673077583313
-0.6407312154769897
0.6204793453216553
0.0309729166328907
2.621363639831543
-0.19233155250549316
-1.6066612005233765
0.23742102086544037
-1.0011805295944214
-0.5050086975097656
0.6271276473999023
-1.0049537420272827
0.8951191306114197
3.158968448638916
0.07292613387107849
0.07292613387107849
0.07292613387107849
0.07292613387107849
-1.7158441543579102
0.3917403221130371
2.3020999431610107
1.2520958185195923
-1.9979541301727295
-1.200057864189148
0.32386553287506104
-0.4201861023902893
1.5528748035430908
0.22075195610523224
-0.07880736887454987
1.1665350198745728
0.8147733807563782
-0.9779910445213318
0.9030058979988098
-0.01112319901585579
0.24238817393779755
0.6948458552360535
0.5934005975723267
-0.02684628963470459
0.21208149194717407
-0.32297635078430176
0.07349391281604767
-0.18101172149181366
1.3283578157424927
0.4088914394378662
-0.04573918133974075
3.3168511390686035
-0.7235413193702698
0.2458137571811676
0.15762874484062195
-0.3361448645591736
2.674222469329834
-0.46234989166259766
0.24191102385520935
0.8579484224319458
2.909919261932373
0.944887638092041
0.40264177322387695
-1.0955256223678589
-1.699455738067627
1.0067487955093384
0.2879096567630768
0.41687971353530884
0.43884459137916565
-0.2514122426509857
2.1330373287200928
0.26319584250450134
-0.38141003251075745
0.21290519833564758
-0.4493178427219391
-1.0548278093338013
0.09084775298833847
0.8983047604560852
0.9885146617889404
-1.602024793624878
0.8188793063163757
0.319246768951416
0.33092960715293884
-2.6242153644561768
-0.41710907220840454
0.6150804162025452
-0.657990574836731
0.5175477266311646
-1.2322373390197754
0.09972944855690002
-2.5257344245910645
-1.5227216482162476
-0.8010885715484619
-0.30624091625213623
-0.6806012392044067
0.5832729935646057
-1.2442303895950317
-0.5604075789451599
1.1911698579788208
0.07111598551273346
-1.3210259675979614
-1.1434978246688843
-0.9730800986289978
-0.6005662679672241
0.2942849099636078
-1.4733814001083374
-1.2969721555709839
-0.48169562220573425
-0.9718823432922363
-0.6110510230064392
-1.1286659240722656
-1.1772342920303345
-1.307594656944275
0.12812583148479462
-1.3243913650512695
-0.630155086517334
-0.44801294803619385
-1.0475635528564453
-0.558135449886322
-1.54530668258667
-0.7970224618911743
-0.7970224618911743
-1.3898491859436035
-1.1059287786483765
-1.8794275522232056
-1.8794275522232056
-1.8794275522232056
-1.8794275522232056
-1.8794275522232056
-0.4966627359390259
-1.5424461364746094
-2.7910373210906982
-0.7172353267669678
-1.4750382900238037
-1.8934999704360962
-0.934956967830658
-0.6824062466621399
1.4334155321121216
-1.7616746425628662
-1.7616746425628662
-1.7616746425628662
-1.7616746425628662
-1.7616746425628662
