0.5636459266298058
0.6673295436528551
0.6978737193778295
0.6006036416728251
0.6160648690827536
0.5849532145827144
0.6083901403132949
0.5965186570156997
0.6965650345545197
0.5961042842606123
0.5103702668354482
0.601183030152215
0.603805292912058
0.5094056847664936
0.590018066738533
0.6654928655612207
0.6179655724451142
0.5878462962016343
0.6465948257482702
0.6424079940837785
0.5780141250901225
0.6043568119813949
0.5200744793299608
0.6287224918078093
0.6528511273316707
0.6120856204886718
0.6461101060716563
0.5160029425902978
0.6105480337654299
0.6024806907754643
0.6112332898648739
0.6174138854334448
0.5615887787765811
0.5945426548247569
0.6053392306467206
0.6320669539807746
0.5959962649308883
0.5997692831559082
0.6004398859375649
0.6048545437724219
0.5187300798845347
0.5186519047261733
0.5140333083695146
0.6047180503420433
0.5956035288742332
0.6529542136239013
0.5963756829299458
0.6081180633671339
0.6258873595739438
0.6217718604414278
0.6217718604414278
0.5152088999713631
0.6185116559797366
0.6185116559797366
0.6185116559797366
0.6158229709729722
0.6044145075423203
0.6052530783867969
0.5178353037564714
0.5960509513402591
0.6026309563307856
0.5109708369904367
0.5123770351471977
0.608217640928119
0.5145340182187415
0.6067844998568566
0.6047204975777766
0.5191063945117919
0.6078478681552719
0.6051477383368302
0.5188227795647382
0.5992475900162657
0.607682578204095
0.5194367863518066
0.6049471390516101
0.6044591581146961
0.5132553043899984
0.6010554814999445
0.6038372565009441
0.6010455336535138
0.5145919577160799
0.5178859717026506
0.5136907946209338
0.589122812963731
0.6103861877654789
0.5151802574857188
0.600953568355832
0.5157941300404375
0.6302686235669681
0.6137576332721935
0.5164539889823297
0.515506703957054
0.5143697076257627
0.516944286428377
0.6198386091439871
0.5783938014583505
0.516592147638821
0.6051117592076036
0.5140127099852817
0.5192679867214418
0.5193185341387747
0.5998561786575998
0.519725358631228
0.6038286641870046
0.5179247281244904
0.5204574830211902
0.6022366555903388
0.5204543374073537
0.5196383583776597
0.579569075755947
0.5135952236107713
0.5815434123351615
0.5200735572054491
0.5171733018848205
0.5178733059134532
0.520465140238152
0.6088215586176985
0.5205585627716501
0.6092778203533434
0.5170775655153833
0.5180320061552006
0.520855570122205
0.5171614429321407
0.5186680845413729
0.6049961463291806
0.5183339944110251
0.5175637079648843
0.5194984203808343
0.5188445427242991
0.6132981210956292
0.5188159400525958
0.5193681719134202
0.5206091757671627
0.519978954480849
0.5210916646996505
0.5231856193769276
0.5206249810017187
0.5205526015691188
0.5203795070437062
0.5877003148628903
0.5862761390185318
0.5201861699740759
0.5197028189194626
0.5703732785638604
0.5209818435060648
0.5208105611761612
0.5702271631306746
0.5573203945050476
0.593489527836137
0.5218223161225387
0.6061392942518555
0.5212316263342586
0.522112954383268
0.5223290985088707
0.5218850268917051
0.5216795032054917
0.5255382786709105
0.5226894084514349
0.5237384648089788
0.5690585795839631
0.523239483939968
0.5252222079735052
0.5238036553041087
0.5238036553041087
0.5238036553041087
0.5238036553041087
0.5238036553041087
0.5238036553041087
0.5238036553041087
0.5238036553041087
0.5238036553041087
0.5238036553041087
0.5238036553041087
0.5238036553041087
0.5238036553041087
0.5238036553041087
0.5238036553041087
0.5238036553041087
0.5238036553041087
0.5238036553041087
0.5238036553041087
0.5238036553041087
0.5238036553041087
0.5238036553041087
0.5238036553041087
0.5238036553041087
0.5238036553041087
0.5238036553041087
0.7141181869546748
0.6342503511836287
0.650629881805812
0.6721321365729155
0.5091522415649403
0.6347598385470128
0.664641170743039
0.6761414942364142
0.6872549510779075
0.6571650108669763
0.6573990839712608
0.6493938829423912
0.6348512633649197
0.6267692314435941
0.661998002153452
0.51258337539954
0.5034512334942243
0.6647358764122685
0.6555896201437822
0.5122402713964278
0.5982453883914765
0.59626438673397
0.64928948007324
0.6510351278714801
0.6473896397604781
0.5140739376422716
0.6622147809077714
0.5621432453134196
0.5593594552447203
0.5199713025161833
0.6597296756284057
0.5936004862931809
0.5148487682787143
0.6288868774203379
0.6454117041144347
0.6082690628611375
0.5113084464676318
0.5144963563292875
0.5171046493307276
0.5152105237160961
0.526189461672798
0.5875711781721532
0.5633824967741043
0.6503558394517319
0.6503558394517319
0.5104873076815387
0.5141237256269148
0.6446621590875272
0.660264488099853
0.6068636397447125
0.6384691013721167
0.6294848787230644
0.6465614562799764
0.6102999892426737
0.5637160459419001
0.5143114949980894
0.6384472325214212
0.5696234893406603
0.5662519450235761
0.6410331199520755
0.6327213502519323
0.5141583042806147
0.5590136005651128
0.609430175331823
0.6317384912626632
0.5624610571048327
0.5235648390670892
0.5142983739881579
0.5175211326623548
0.6248025626960242
0.6026113294318953
0.56157357726765
0.6174213199614793
0.5143204562373013
0.6021614607622108
0.5181221800127489
0.5952820746277623
0.606792039734085
0.5956797858106992
0.577675441690447
0.5635653503202895
0.5554791660603817
0.6267281633930988
0.5216462375445664
0.6271154339186844
0.5401843102500486
0.5198637822506329
0.516781975089912
0.5173518067671482
0.5662630130447884
0.6036895016077369
0.5657564841660129
0.5169626614263125
0.520429850219353
0.5681221190411447
0.5234779623655852
0.5679293299613741
0.5241974363662828
0.5194051541276605
0.5213514355971243
0.5480367799289335
0.5728810368612838
0.5234723058998081
0.5890463276098904
0.5959331943957479
0.5473534393908573
0.5219807680544486
0.5263961436663875
0.5728836237356176
0.5244779571857483
0.527341614139829
0.5451494615815748
0.5230938519138784
0.5240880515040007
0.5690153762424046
0.5244977023875799
0.5243521951109115
0.5717439291443932
0.5256901424758629
0.5247638698085633
0.5235764941753334
0.5250322832995237
0.5256584610650417
0.5266017890008801
0.5269439703278956
0.5271990284868688
0.5271520103099293
0.5238036553041087
0.5238036553041087
0.5238036553041087
0.5238036553041087
0.5238036553041087
0.5238036553041087
0.5238036553041087
0.5238036553041087
0.5238036553041087
0.5238036553041087
0.5238036553041087
0.5934830521887718
0.5923503166239872
0.6984409396504998
0.5855784979745783
0.5073427703051427
0.6060014344672103
0.6002251595667638
0.5104051736992249
0.5196962977815182
0.6143936164343548
0.5056087048172568
0.618048409711578
0.5060669742486564
0.6137312723779356
0.6039695917239657
0.6058658910362835
0.5180265241332059
0.6537016237161096
0.6537016237161096
0.6335408344059085
0.5759484793398394
0.6084864513874718
0.5934502620925199
0.6262285009363542
0.6262285009363542
0.6101869123228874
0.5869712576111062
0.5175747782776066
0.6072743456571941
0.5187780335973031
0.6095101186347152
0.6055068841435093
0.5127841281592912
0.6091720622528716
0.6056911122353843
0.5124173895380709
0.5098909546732272
0.6317691656877654
0.518284529537195
0.5187918868307039
0.5175125591839814
0.6047120310188633
0.5187691904342205
0.518290266377543
0.5174465915952269
0.5178262106853583
0.5183444186803555
0.6254692328784003
0.5194688852801977
0.5196717010260756
0.518127849088813
0.6138379470269645
0.5106745546908659
0.5178877550007751
0.5186853166019428
0.518954469381338
0.6002511862197326
0.6088806945224333
0.5128528417642336
0.519900405232454
0.5183408836232752
0.5189850269838802
0.5198998632659199
0.6087527372756892
0.6134021835548084
0.5186218664507625
0.5190144603018966
0.6028108640232707
0.5154250336052455
0.519312859945154
0.5879563911555347
0.5710643869550077
0.5207413170367807
0.5195746154668635
0.6196690316541928
0.5150349001782252
0.5201101932775358
0.5212964018619088
0.5197525040704437
0.52020799505891
0.5199100908132497
0.5884932382334004
0.520691738761915
0.5200783989496314
0.5926275561194636
0.5201736906141354
0.5211737612352795
0.5198962926132813
0.5218535137424873
0.5193510633914257
0.5207412621810283
0.515431378418832
0.52069378506934
0.5202680511500054
0.5207675705261604
0.5215988057412777
0.5835946997648198
0.6180618381630376
0.5808948585359138
0.5223337255158378
0.5913769234130619
0.522342649742065
0.5216416540893696
0.5221196609831443
0.5220414305386454
0.5933665421744406
0.5224498032194523
0.5224551454989407
0.5227820623209709
0.5874316797630982
0.5231101961820541
0.5233125383667043
0.5239918441419507
0.524357030559783
0.5240176760053502
0.5238879751454365
0.5242672688981648
0.5246114349415439
0.5253644381691274
0.52481489989464
0.5238036553041087
0.5238036553041087
0.5238036553041087
0.5238036553041087
0.5238036553041087
0.5238036553041087
0.5238036553041087
0.5238036553041087
0.5238036553041087
0.5238036553041087
0.5238036553041087
0.5238036553041087
0.5238036553041087
0.5238036553041087
0.5238036553041087
0.5238036553041087
0.5238036553041087
0.5238036553041087
0.5238036553041087
0.5238036553041087
0.5238036553041087
0.5238036553041087
0.5238036553041087
0.5238036553041087
0.5238036553041087
0.5238036553041087
0.5238036553041087
0.5238036553041087
0.5238036553041087
0.5238036553041087
0.5238036553041087
0.5238036553041087
0.5238036553041087
0.5238036553041087
0.6764108550094811
0.5722521362855832
0.6926500729392754
0.6729871932182105
0.5973573806760215
0.5701144637024739
0.6681337224826868
0.6970577243700221
0.5846465697147645
0.6457291642943047
0.6692479201779907
0.6248300402330947
0.6473635116750671
0.6526286175559401
0.6427370734217047
0.6340680902277633
0.5977364469849948
0.6400969762599981
0.5052085488454949
0.68941142287351
0.6478209381234667
0.6787468757849683
0.6787468757849683
0.6787468757849683
0.6787468757849683
0.596260493180397
0.671479471617843
0.671479471617843
0.511723428632016
0.5998708684015938
0.6660760103688981
0.638525932901607
0.6280111576806348
0.6341037068237538
0.6501523184094795
0.6615715952995618
0.6508600135840642
0.6436669527603204
0.6398440186327126
0.5578833240384578
0.565326952134971
0.6583208554090387
0.6583208554090387
0.6335935303784515
0.6189495494929529
0.6427593282096362
0.5508012610482462
0.5092281081092134
0.6498926107128117
0.5980841614866436
0.6503672190548672
0.5814839071776866
0.6451354348512529
0.5533729126556719
0.6375496537085079
0.6347525465444132
0.650194019837088
0.5503922637112576
0.6626801318710727
0.5554008533101281
0.554526791011108
0.5755362106595384
0.6468482812941
0.6501236112130987
0.5631164650888599
0.6367121770479097
0.568788466986288
0.6167385091435951
0.5593387753127045
0.6350161922297841
0.6336785779220719
0.6487372744070092
0.6353679046253091
0.6552455450183761
0.6289633280008535
0.5356081567373842
0.5588858762413985
0.5890587183151137
0.5650447737157983
0.5553283936527401
0.5583750897235832
0.5847936899507662
0.577563853488768
0.6563204398189596
0.5079575855493329
0.6367146883860315
0.5677251830580206
0.6070729315403429
0.5444343572346854
0.53638756191463
0.6228143938377624
0.5927556589307458
0.6273033002534545
0.6506026196290663
0.6399454332852247
0.5423317173064547
0.629141587331864
0.6202579779266635
0.6355403399970999
0.5765718643034841
0.5670429343232097
0.5575343117790861
0.598517504479505
0.6436002729412812
0.6176875908397816
0.5645969184631691
0.6500493681493255
0.6159951674536893
0.5080603861504173
0.6206364196754863
0.5323741459266078
0.5680068928056294
0.6371282698382883
0.566901234741683
0.5895359011707849
0.6409822554840497
0.5854489380830991
0.5869098000350066
0.5464990656913763
0.6138269629484041
0.5615950893258601
0.6286763433224833
0.5634367429502869
0.6555969465973411
0.6459505159638228
0.6410309708389414
0.6616610505983523
0.5530842281462579
0.5579092388914019
0.5806787576730043
0.5631123344655216
0.6250376108356892
0.5629499705723031
0.6231975666024365
0.5721310234418888
0.5844825656955281
0.5387906922391034
0.6189272469197524
0.5115765638606675
0.637024493779846
0.5849436295639207
0.509013669889243
0.6259473759464143
0.5612409702712743
0.6233418883248264
0.5657863466398264
0.6170980316018266
0.5620903597375696
0.5603327590376331
0.56201644284471
0.5092060598119403
0.5640560715247531
0.5625521667873035
0.5156027120239691
0.5708880845522913
0.5584539468246723
0.5074707001670772
0.5483826853635191
0.5561749363624549
0.6419339185345337
0.6578378910395879
0.5583853016364346
0.5609620733211965
0.5101277428923318
0.5801258619012598
0.5574839107961904
0.5527061145830197
0.5149110271616034
0.5589101441538726
0.564259746351375
0.5574522934655353
0.5568375776889498
0.5819859174702273
0.576130026359083
0.5154621000767047
0.5517765226650204
0.584195210186316
0.5633759946639694
0.558730637173572
0.559646296647105
0.5742194227908555
0.5614493101447147
0.517186468530943
0.5798783961489352
0.5685817427069191
0.5416482641810166
0.5680781301928036
0.5662555016548452
0.5604687461497794
0.6458090269891505
0.5566010121665977
0.5664863917704926
0.5572109594358092
0.5670670185443506
0.5625902599551964
0.6054199701686799
0.6054199701686799
0.5679898311258912
0.6017630336146724
0.5606103462872932
0.5574815961300529
0.577440518854277
0.5574472975192125
0.5641629796153099
0.5852895587113263
0.5852895587113263
0.5588924478690401
0.5706205008484222
0.5617940600098902
0.5577569799700357
0.5934404637761916
0.5575983623607982
0.5557290192170331
0.5594132038373196
0.5643295311709042
0.5613576669534481
0.5169127901788745
0.5561560538405306
0.5095438685620329
0.5642846039335698
0.5640602778071934
0.5605742440470862
0.5595369072409484
0.5879609186478415
0.5597501677292877
0.5912323650815516
0.5623393078429715
0.5611547088995823
0.5184547888525307
0.5613591216796836
0.5558817049142287
0.6191115651404577
0.559804235362079
0.5177885615973679
0.6547235846226391
0.6526266596940418
0.6175492622553538
0.6375690929422679
0.6474585056375425
0.678176676987323
0.6521257368998526
0.6585892854335881
0.5193449699325959
0.6635980308002004
0.6370838929459958
0.6844912922957935
0.6887212308690556
0.6887212308690556
0.6848574406424671
0.5199332143822053
0.6416870368609279
0.6737605236868027
0.660221805879117
0.6528343553258512
0.6665831749324135
0.6943667282042805
0.5241388384697406
0.6619440703223343
0.6269814836967629
0.6796267096085368
0.6473614330681219
0.6640180675571458
0.6610437099872877
0.6802207262975252
0.6347696844196644
0.6580301558081235
0.6580301558081235
0.698255568785645
0.521764450315968
0.6890391414635695
0.5212811696641582
0.6455230092479969
0.6281067889845994
0.5211167644137126
0.717047145869441
0.626043713530896
0.6620844473891918
0.5233063791013516
0.5206027325970896
0.5229773407662558
0.5230792594074949
0.5230591796311631
0.5206508458730241
0.7280337134966967
0.6541121121300035
0.6257436543117657
0.5225653660536672
0.5210728370449785
0.5212469778539301
0.524601018689762
0.523197918449028
0.5244697591278804
0.5228045494306683
0.5226752831204633
0.5242484094421175
0.522761153264842
0.5224561760189655
0.5211189631321448
0.5213605781692698
0.5222244276998211
0.5224594446038797
0.5225265264217549
0.5227250570962484
0.5228624527861818
0.5223634228265692
0.522422723558857
0.6319992848825597
0.5231708306740726
0.5226580153666798
0.5244631373663939
0.5230430107298976
0.5242283406535011
0.5230711741284508
0.5246117988788951
0.5251152686645908
0.5231971154512979
0.5234106545032025
0.5226437733169859
0.524674641871014
0.5237583731991441
0.522738420519212
0.5229644151678243
0.669381282551963
0.5235736431345278
0.523511665084399
0.5234712111988586
0.52378328986401
0.5238574849301428
0.5237486051535243
0.5237754225936859
0.6408117298547149
0.5238247311035982
0.52573671814714
0.5239880378305192
0.524250328564249
0.524524241153346
0.5240029536512337
0.5244273390822415
0.5241209475527646
0.642794577761235
0.5260620425566487
0.5244985471401846
0.5238036553041087
0.5238036553041087
0.5238036553041087
0.5238036553041087
0.5238036553041087
0.5238036553041087
0.5238036553041087
0.5238036553041087
0.5238036553041087
0.5238036553041087
0.5238036553041087
0.5238036553041087
0.5238036553041087
0.5238036553041087
0.5238036553041087
0.5238036553041087
0.5238036553041087
0.5238036553041087
0.5238036553041087
0.5238036553041087
0.5238036553041087
0.5238036553041087
0.5238036553041087
0.5238036553041087
0.5136642930913566
0.6925886766700107
0.6084059473401394
0.6730925002367105
0.6997810756615743
0.5063338704949848
0.6118299607883934
0.613753412441208
0.6799672918077216
0.6116779651652078
0.7196052058286547
0.6131921596321344
0.6918126156817737
0.5010544753967295
0.6292298488228586
0.6900330543304823
0.6285722487741278
0.667185325747369
0.6129584810039814
0.623024901938504
0.5109543187839025
0.4958612001766031
0.6958163670589892
0.6823169308225014
0.6350020126002082
0.6296248387567546
0.6266635049641632
0.5111181967058128
0.5582064779834032
0.6287137207392286
0.6254140064458344
0.6390732644429028
0.5158743915995718
0.6609927374195477
0.5164703629130796
0.6272756855105429
0.6302232253302887
0.5553456269625061
0.623937437685612
0.5098210482253779
0.5676629090416117
0.5100845426777764
0.5619558019482908
0.5153234562891464
0.5097381934968039
0.6226205238664851
0.5602541609528121
0.5092022313915837
0.5141097124932
0.611587399148182
0.5093387250240298
0.5154921168046106
0.5151822832181627
0.5109793198776663
0.6359965468888912
0.514266586530232
0.5143640890407211
0.5102990858110038
0.5106196117584446
0.5145354703258059
0.5107605749451193
0.519239589248712
0.5209461463159794
0.6556681567908752
0.6491298483906638
0.5154152901178443
0.5107690788802832
0.5150979373038853
0.5161096368258536
0.5155852831731027
0.5160102997616468
0.5160530099914207
0.5713975397977537
0.516117542854671
0.5175292747142765
0.5164410935972027
0.5195281164362832
0.5179435245690045
0.5230391498678189
0.5840947591598292
0.5228086218504875
0.5225722409489537
0.5229533524621536
0.522696860129018
0.5238265230112651
0.523291793973419
0.52291459133735
0.5801947027972947
0.523238569834263
0.5231904885689577
0.5243229824472035
0.5773473442054675
0.5242068372272417
0.5241925859653059
0.5244468694681855
0.5245183420753053
0.5255390669622539
0.5247854199599321
0.5238036553041087
0.5238036553041087
0.5238036553041087
0.5238036553041087
0.5238036553041087
0.5238036553041087
0.5238036553041087
0.5238036553041087
0.5238036553041087
0.5238036553041087
0.5238036553041087
0.5238036553041087
0.5238036553041087
0.5238036553041087
0.5238036553041087
0.5238036553041087
0.5238036553041087
0.5238036553041087
0.5238036553041087
0.5238036553041087
0.5238036553041087
0.5238036553041087
0.5238036553041087
0.5238036553041087
0.5238036553041087
0.5238036553041087
0.5238036553041087
0.5238036553041087
0.6298813059852859
0.6277630221330225
0.5048116328773032
0.5127312603746625
0.6500350851913276
0.6848080998215729
0.5745983151751943
0.6315580811345375
0.5193305820680938
0.5057897572157107
0.5492526814403079
0.5085759583767505
0.675327331538863
0.695969169694742
0.6652164371824129
0.6821967605377716
0.629374299407903
0.6448285058783424
0.5079589699643184
0.6360205930413623
0.5170452379998041
0.6318960727983066
0.5452882493573725
0.6308100815810807
0.6293110014969762
0.6364095119062761
0.5152384861301459
0.5154508792575992
0.6239127736460558
0.6590007193423126
0.5571437287346422
0.5151355047716478
0.626853795805506
0.5103741283832764
0.5020707293191354
0.5107531164706265
0.6322581497744507
0.5716938091415653
0.642774637373906
0.6851518360702844
0.5059872877710213
0.6306859579776053
0.5164546377614193
0.6831324723428625
0.512924036084083
0.6236091294998197
0.5116337090895438
0.5215479041793054
0.6460350684833738
0.5136377299655124
0.6287605998215386
0.6346041187489133
0.6187484783603645
0.6353465240967701
0.5507271579299489
0.5139103951913878
0.520944745917877
0.6356609530357544
0.5161205179331763
0.6344534990513189
0.677631175788147
0.6279614268574277
0.6370937470582712
0.5625753763366828
0.5085166872493823
0.5040581751829408
0.6706033632753461
0.6299303252025648
0.6420276744381962
0.6236446306401094
0.5186752333964287
0.5378504495080589
0.5467706188654545
0.6239052400855662
0.6478173731628705
0.6266123561831356
0.6254943214091085
0.6266022178444706
0.5150899109460361
0.5156139556651799
0.6290694994973808
0.659497803060156
0.6256041257769958
0.5451082716371031
0.6654014234341933
0.6178463595154364
0.6555814661214671
0.6209574683250848
0.6359736107096633
0.6244696070091228
0.5099503196337845
0.6243440452511146
0.5753526828081371
0.5144002366367025
0.6742399880278261
0.6247702367002858
0.574539194240912
0.620535468858055
0.6378623053072294
0.6743414050916776
0.6283196763196723
0.6363672656041903
0.5094558731473707
0.628225736602647
0.628426928035596
0.5498837295301802
0.6678150364133768
0.6208829039437644
0.5547970055788802
0.5127352656123579
0.6234791449004164
0.6286359578539905
0.5135891354365396
0.516511426773393
0.6467411171591771
0.5176515033939875
0.6460508939670099
0.5208267458463567
0.5143205969483708
0.5119434689959037
0.5139880103019578
0.6300642473740967
0.5121200133638993
0.5220155236317571
0.6242337666206773
0.6369176845697841
0.5120049732019376
0.5226770151392237
0.6179344936363145
0.5101332096613589
0.6513956319298683
0.5193161976226871
0.6362872248860957
0.512618999510224
0.5175096895047261
0.6482276700330685
0.5131730183693808
0.512944239347378
0.511412285682748
0.626125628452997
0.5120947893076988
0.5216361286386545
0.5177498557331962
0.6280571246855102
0.5126835972283283
0.5171038827537954
0.5157114748907518
0.6325115379859514
0.5187345631828374
0.5180377535724943
0.5223940750171107
0.6349400760895231
0.5156333719640107
0.5097382099381742
0.5194831838290493
0.5215026952809273
0.5154476938800494
0.5135214842722442
0.5153468750721136
0.5435766459615069
0.5168699092327903
0.5157361592168286
0.5160442486273845
0.5197940057129292
0.5170183821343953
0.5178726686816966
0.5192898591460213
0.5205277877545447
0.5169017218101105
0.52279820610755
0.518506011166195
0.524396087418378
0.5215920104533659
0.5193558449656316
0.5211623711428562
0.5190548059502785
0.5221882253167363
0.5197923692179038
0.5216713675879332
0.5218802578739559
0.5230513979019848
0.5645294012770344
0.522925086820845
0.5227446655446307
0.5219940906034659
0.5219866641344838
0.5650504518761609
0.5227942775953784
0.5591035988628774
0.5529663027857902
0.5240117353600942
0.524166798586556
0.5251104460686685
0.5251026468383109
0.5256185226221164
0.5207490112367239
0.522508198452085
0.5221411605982966
0.5196259986461909
0.565851474799748
0.521792153383633
0.5236136505875474
0.5227128199742924
0.5252894161244755
0.523292014205796
0.5235729287076816
0.5238682041579261
0.5245864354097971
0.520854810647904
0.5238083541197139
0.5228099742319191
0.5254501373773081
0.5242518027850133
0.5232417012694589
0.5238036553041087
0.5238036553041087
0.5238036553041087
0.5238036553041087
0.5238036553041087
0.5238036553041087
0.5238036553041087
0.5238036553041087
0.5238036553041087
0.5238036553041087
0.5238036553041087
0.5238036553041087
0.5238036553041087
0.5238036553041087
0.5238036553041087
0.5238036553041087
0.5238036553041087
0.5238036553041087
0.5238036553041087
0.5238036553041087
0.5238036553041087
0.5238036553041087
0.5238036553041087
0.5238036553041087
0.5238036553041087
0.5238036553041087
0.5238036553041087
0.5238036553041087
0.5238036553041087
0.5238036553041087
0.5238036553041087
0.5238036553041087
0.5238036553041087
0.5238036553041087
0.5238036553041087
0.5238036553041087
0.6514619574472962
0.6602355237054416
0.7026455191872676
0.6349834139407015
0.6103048470146724
0.57861755511807
0.5991979581361814
0.5641428987602192
0.6612168531978926
0.6227682360095664
0.6129353064761939
0.5796729781997754
0.6550324968615013
0.6115569310714101
0.6571005970040116
0.6527447940414072
0.5986136306248151
0.6405023607537632
0.6052962051172598
0.5929420861092356
0.5954754306517458
0.592540820385801
0.5084277664324908
0.5737611951832999
0.6085372544551001
0.5097100434507149
0.6215141061866933
0.6043980308707386
0.6309967097128746
0.5493513426842422
0.6929755396556958
0.6929755396556958
0.6929755396556958
0.601576260629675
0.6141319696932407
0.6018975010078957
0.6093920428695919
0.6116563480071564
0.6400724141459838
0.6105342839195638
0.6174607483208308
0.6044073084683775
0.6207348118906095
0.624768189997676
0.6049319459565163
0.664212277033804
0.6613502319754447
0.597965330611433
0.6202142718770943
0.6355271709907084
0.5503036353558315
0.6084704372646939
0.5451525003821663
0.6245204463530234
0.6197574861043423
0.5660789732001374
0.5783679526593003
0.6097487499230163
0.5928167164582503
0.6096112447582064
0.6128784331318285
0.6100123278022126
0.6071481172761438
0.6519540259273885
0.6202859408043114
0.5158403947970398
0.6055246670899901
0.6078827719859656
0.6438061146845419
0.6438061146845419
0.6047839589621635
0.6196467345522881
0.610325661111889
0.6201385645305363
0.632638154047928
0.6289012416193396
0.6289012416193396
0.6060043736463314
0.5135175873555753
0.6226201952913107
0.6232539643910554
0.6106030404234913
0.621017167511252
0.6064456256796094
0.6348911938818576
0.6554047705496296
0.6025423315583947
0.6130512892111504
0.6256596725138065
0.6101065264616198
0.6088729523197699
0.6135340087620811
0.6136107267596167
0.6068743395253623
0.6034321497616091
0.587763377964841
0.6052108702751164
0.5974446025352361
0.6282670326901997
0.6394125366381191
0.5189264813033978
0.6111244621580169
0.6134604144757059
0.6045655832773998
0.517287438587812
0.6127061875338533
0.6218324384176156
0.5774857914528078
0.6102808831208056
0.5788837315115225
0.5994008946877459
0.6021527891745173
0.59009694880248
0.5428951933551015
0.6132334042584913
0.6309727354237548
0.604537786339096
0.621692384544098
0.5156757226617341
0.6247255224541659
0.5972445903762093
0.6009829775121579
0.6166611461979875
0.6143184182480848
0.5834628410016751
0.6154178715896311
0.5794366138533497
0.6172435950016576
0.6117177173371797
0.6164416623868791
0.5167212463431085
0.5958566315839523
0.5574621039956392
0.5184204733849789
0.6190886937406658
0.5214678551062771
0.5851061188422202
0.6418140152157903
0.5826183671557259
0.5521492605780944
0.6056696277153367
0.5180652864680325
0.5256754762185861
0.5861503394542256
0.5843209606750968
0.6284477757136843
0.5571094956997558
0.5551760296057134
0.5212290937558699
0.6320880104116051
0.5220173906685075
0.5709927463830005
0.5246164227156329
0.5215305274455501
0.522090802416438
0.5405125413783064
0.5716899945651367
0.5223807039932845
0.5240813500536521
0.5565380179280077
0.5238036553041087
0.5238036553041087
0.5238036553041087
0.7300950819246228
0.6083796308944189
0.6764124013124374
0.6817105536808087
0.619863743966649
0.6174773481339005
0.6260350641819616
0.6231263873814892
0.6729935592774267
0.5021038686025032
0.6173620382048982
0.6139081287116137
0.6771126157441032
0.6093346476736211
0.6180660595604219
0.5099742306677204
0.6234139816118045
0.6094339505382615
0.554138165982337
0.6077520803357979
0.5453751755868783
0.6071495143334044
0.618361582502522
0.5010744773111024
0.6092217086863441
0.6220694061126986
0.5183465440890123
0.6588633091606791
0.6588633091606791
0.6508728611937302
0.6508728611937302
0.6508728611937302
0.6508728611937302
0.505799917776517
0.6459164890764102
0.505717244704423
0.6423692975784566
0.6423692975784566
0.6423692975784566
0.6423692975784566
0.6212848284557835
0.5142578895655996
0.6396142890798716
0.6396142890798716
0.6373593917846692
0.6354461447784792
0.6162820771096923
0.5617180609531829
0.6337798932975071
0.6322998976323088
0.5132570373571549
0.507467091150936
0.6181347540739721
0.6088009720908538
0.6246566341243338
0.6248192570726955
0.5144885554797793
0.6160198920275368
0.6211350627847996
0.6229116612850502
0.5141897793162021
0.6252017655520123
0.5090254105509693
0.5133663632812902
0.5093450674976228
0.6137396398766674
0.63847640467359
0.5159850155339024
0.5032184244631014
0.6159257153810571
0.6207160609821025
0.5143216168047664
0.6151423312786398
0.514589159133558
0.6158779536128975
0.5058982603527344
0.5539916148669358
0.5733668753475548
0.6148348650765324
0.5144552180554306
0.5633589982356714
0.5156453991740956
0.6296383101543469
0.5146880094039553
0.5600888971537058
0.64210551033617
0.5180093833430286
0.5147573921467006
0.5151936055817543
0.5153318020415865
0.5099693785697358
0.5156746238133301
0.6265151993294283
0.5099268682688664
0.515848652370183
0.5163061538603035
0.6133837418963634
0.5150437558434089
0.5170665362658816
0.517186322712478
0.5794379608393151
0.5164704390357778
0.5798833649493816
0.5173037558954854
0.5197838889523365
0.5712651149694273
0.5217272611422504
0.5204900730761151
0.5203658450943993
0.5844043211905473
0.5206533550986505
0.5683934821863994
0.5212334101955043
0.5210934221350136
0.520778502241024
0.5208039116033455
0.5210444875379623
0.5212074533177563
0.5716831295699709
0.522643240784457
0.523056457882364
0.5238036553041087
0.5238036553041087
0.5238036553041087
0.5238036553041087
0.5238036553041087
0.5238036553041087
0.5238036553041087
0.5238036553041087
0.5238036553041087
0.5238036553041087
0.5238036553041087
0.5238036553041087
0.5238036553041087
0.5238036553041087
0.5238036553041087
0.5238036553041087
0.5238036553041087
0.5238036553041087
0.5238036553041087
0.5238036553041087
0.5238036553041087
0.5238036553041087
0.5238036553041087
0.5238036553041087
0.5238036553041087
0.5238036553041087
0.5238036553041087
0.5238036553041087
0.5238036553041087
0.5238036553041087
0.5238036553041087
0.5238036553041087
0.5238036553041087
0.5238036553041087
0.5238036553041087
0.5238036553041087
0.5238036553041087
0.5238036553041087
0.5238036553041087
0.5238036553041087
0.5238036553041087
0.5238036553041087
0.5238036553041087
0.5238036553041087
0.5238036553041087
0.5238036553041087
0.6536429137204829
0.635916006587748
0.6831732833703872
0.6107736690180007
0.6197045991961936
0.5750413283607333
0.6759388122115019
0.6812509613469828
0.6242925117912183
0.620177373832726
0.5609010670498409
0.5644797044220307
0.6219708417602424
0.6171465292611048
0.510084092985085
0.5715707494313356
0.6270000667977859
0.566746679519927
0.5629967695074947
0.5668374456406301
0.6033289570340838
0.6105408941301702
0.6715595122769683
0.6092614828867243
0.6645882852547925
0.606148752223821
0.5615793775296335
0.6602204474520756
0.5614298049051863
0.5103309316666343
0.56470142278974
0.5650750547975426
0.502957805788404
0.6028220460775411
0.6653808043049617
0.5611563171281225
0.6126532340743287
0.5653358199810027
0.6050814780780961
0.5061098048098223
0.677297312562784
0.5078306245293333
0.5636447419161789
0.6330939021723995
0.5121977881602418
0.6303880862970059
0.6010078291279483
0.5660592082413778
0.5067045825598121
0.5074480738972659
0.6869122407561631
0.6032357133074279
0.5578844893452706
0.5597550610743016
0.6106689040867256
0.563050433077668
0.6396808537313103
0.5072345516536392
0.655103610911002
0.552556273351586
0.5096814571709212
0.5633101706345149
0.5563082604790288
0.5972091652723683
0.5724545128241564
0.6247736566421687
0.5347876108214793
0.6292000548539257
0.5147063030990399
0.5077539805490356
0.6167652100697953
0.6451983979889884
0.61222353666151
0.563917149372952
0.5130854681872449
0.5095907539831943
0.6102519201572927
0.50630241742675
0.6179615927191314
0.6139092077172466
0.6342403182777603
0.609639280371793
0.6315763577239781
0.6120355137092954
0.6194415705518629
0.514044844333651
0.6326296979021598
0.6134122141208899
0.6168352545998377
0.6195051827421031
0.570900344117872
0.614089999757204
0.5714822003851928
0.6035063833980606
0.6175941064500948
0.6568806094788755
0.5816170500946612
0.6093812034211838
0.5129626538131233
0.6045680785409889
0.5654325795881968
0.6101386209890246
0.5727306342746707
0.6277243706049668
0.6275030180233386
0.5657437711034805
0.6282554426553384
0.608655418694468
0.5136581381381699
0.6522885150908968
0.5135889416945492
0.5132752086350987
0.511840841410711
0.5160339748692678
0.5127920272201264
0.5503479198140786
0.5132359124842172
0.5126362890716007
0.537847185180205
0.5700916378913762
0.5471270235319673
0.5426327851771985
0.5890174041886769
0.5106716486011247
0.5131722461266811
0.5131243090519999
0.5131265658487216
0.5117285709102737
0.5189145198806696
0.5150661493483276
0.5124354360803799
0.5786723796917034
0.5117469429055387
0.5104539574931399
0.5520758331534232
0.5763351757007134
0.6746843350257827
0.6498919383666086
0.6773261884636798
0.6387279765246494
0.6392729185610053
0.6408077825525083
0.6797374440300248
0.6666181719622193
0.6475464635841811
0.6472078927352959
0.6454129470066394
0.69745343038444
0.67060211258933
0.6563710945196126
0.6494637965615745
0.6381036321480574
0.6414539373685066
0.6634144423418703
0.7069734130503413
0.6493185112709959
0.651981324831171
0.6452016433402893
0.6449322487773914
0.6968765960385412
0.6421363557935813
0.6401616361417026
0.6529601050181412
0.6625226449895606
0.6577824432112119
0.6581461236017472
0.6508788398501527
0.6515569341659513
0.6467153489675036
0.6571627386344708
0.6673851681647656
0.6578941016464207
0.6567761176838333
0.6642794686929845
0.5590144972159864
0.6856752429469289
0.648363625466048
0.6525741845259975
0.6658565863537412
0.693024640664717
0.6646955991485195
0.6883956384453884
0.6883956384453884
0.6588260370865237
0.6957742951581728
0.6957742951581728
0.6554426599305363
0.6829594756929159
0.6852817042548252
0.6852817042548252
0.6852817042548252
0.6852817042548252
0.6852817042548252
0.6852817042548252
0.6852817042548252
0.6580107666856608
0.6731395085769473
0.6781275437722211
0.6781275437722211
0.6781275437722211
0.6781275437722211
0.6781275437722211
0.6781275437722211
0.6781275437722211
0.6781275437722211
0.6781275437722211
0.6781275437722211
0.6781275437722211
0.6728153437500131
0.6728153437500131
0.6728153437500131
0.6728153437500131
0.6728153437500131
0.6728153437500131
0.6728153437500131
0.6728153437500131
0.6728153437500131
0.6728153437500131
0.6728153437500131
0.6728153437500131
0.6585579515916944
0.5448602039768556
0.668640917029971
0.668640917029971
0.668640917029971
0.668640917029971
0.668640917029971
0.668640917029971
0.6639269485367524
0.6652261509566907
0.6652261509566907
0.6623479846727909
0.6623479846727909
0.6623479846727909
0.6573338256227246
0.635382391772364
0.572358986498473
0.5109499505573701
0.5695490172220228
0.6411413838464814
0.5768609158775161
0.5508218190369922
0.5703236215178361
0.5775482573798001
0.6762170573850704
0.5756278057766949
0.5131607182432643
0.5760684680870861
0.6392203223650779
0.5722298527345296
0.5192607104712891
0.5219037099695482
0.5836539756041238
0.6103582781112882
0.612354761192444
0.5822401127318988
0.5535476299151834
0.5376891180051626
0.5789358120659269
0.6246766112511889
0.6225147993812031
0.5498399177528931
0.5847269123123521
0.5201818695276088
0.58568102589979
0.5254422227534238
0.6007390396772432
0.5869091421857476
0.5947044315156799
0.6202874303461452
0.5932724172964302
0.5823283439428438
0.5742792814538595
0.5296631212021442
0.5238036553041087
0.5238036553041087
0.5238036553041087
0.6285617815691957
0.560736781066727
0.6746494855742609
0.6042110378482023
0.6569881449031072
0.622925509329699
0.6845683406282216
0.6124625646766593
0.6345124647456022
0.5544909601913549
0.6354094602017276
0.6142294697962134
0.683921308377283
0.6458884537765601
0.6545901599603263
0.6325036690163321
0.6291620233143672
0.6327446128035602
0.640953797990395
0.5604393061827063
0.5968507397179711
0.6293785331072572
0.646068259931884
0.514459067558623
0.6420154193063788
0.6289060765594771
0.6506994881544271
0.6371734918469093
0.6004666662882109
0.626264131726261
0.6329871492922131
0.5796293655957447
0.6499611130984182
0.6546529905368648
0.6679003995165587
0.6353881538774503
0.648083687028938
0.6415850043439334
0.5759344965661847
0.6388998743359494
0.6322898274363231
0.5840310086641943
0.6391865184850856
0.6341190663991465
0.5909875937805434
0.6604354431136782
0.5954054788233447
0.58344196698549
0.5853960248988056
0.6329099124461954
0.6341444657223081
0.6858215527441555
0.6303582790114475
0.6318841744119464
0.5830526240996525
0.5932966112204043
0.6316148507244028
0.6407595686641175
0.6116645933042234
0.6286019389193648
0.6328543930905097
0.6375362985346843
0.647689299931125
0.6441405991407984
0.5966006985502328
0.6317554693537378
0.6276167260423429
0.6313396849295602
0.5114696588619858
0.6335992810596133
0.5861450397683733
0.6514584250154781
0.5887868612032225
0.6447647278605801
0.5909162528524711
0.628379752687675
0.6395455402486523
0.6209256247295439
0.6365296379592749
0.5900177336518376
0.6741164705742609
0.6353120041790034
0.5850573892985061
0.5823564610196595
0.6239494404429513
0.584860682980314
0.6143886492049548
0.633915515468106
0.5498241383628094
0.672976684265799
0.6070153939016044
0.6607501841519594
0.6333351609362412
0.6562971083004073
0.6410709010425905
0.5357889296521986
0.6424947471952245
0.5809377960372243
0.5832845601353999
0.5869235910021592
0.5793462772661397
0.6442896608964636
0.5831315589243321
0.5629130007903618
0.5935866688792579
0.586920966581368
0.5837729706510917
0.5500556255977945
0.6355759700413728
0.5938814168992156
0.6328435668360131
0.586979859447536
0.5170258212587885
0.5882305451468854
0.5787236537338368
0.5209553202744133
0.5997257498226293
0.5969468478612845
0.6183236614023349
0.5870705587633854
0.5676210585917771
0.5918448264112022
0.5925200276417113
0.5916767079634236
0.585587226644908
0.611872320437174
0.5537194906145465
0.5831956416193024
0.5948472739433042
0.5961474328480001
0.5950575016292773
0.5970775665767811
0.5250404033397161
0.5225351600079932
0.5678613808285393
0.5495014907099881
0.5296907542810431
0.5677891400338928
0.5982217752797916
0.5238036553041087
0.5238036553041087
0.6798861483992361
0.6352375709495783
0.568565232430948
0.6958931226829214
0.5818686228023447
0.5795972416745547
0.63753807824706
0.6262274043474876
0.7121093640834666
0.6201133631460225
0.6420840299974979
0.5629831591979341
0.5646059357395629
0.6298634131338962
0.5107942270095946
0.6254373030496162
0.6278393519423446
0.6841626523621619
0.6145781732988078
0.6729907544708563
0.5787497760680521
0.6563993263423009
0.6205331006525916
0.5690434817170041
0.6174883567555419
0.6084833607024811
0.6122036801110351
0.6748194257516578
0.5709680455355257
0.5691559226755777
0.636558119123348
0.6144195054024097
0.574761703673993
0.5921994102566568
0.6302797194583042
0.6552852675667546
0.5818645999018213
0.5122403159413846
0.6288410878985069
0.5151493775670312
0.516455220754863
0.5720789693914328
0.576720433626126
0.5162668572213306
0.6395562769344657
0.6120668460644656
0.5141816123569517
0.6468032960351544
0.6504760148938473
0.6167369478794423
0.5856615381633558
0.5919350444463658
0.5667000034706379
0.6253128000430247
0.5794255332554268
0.5186534878452028
0.5759982474560815
0.5769203258440943
0.5755244632781521
0.6584696944285774
0.6133693876725488
0.5901991248796847
0.6334772612831894
0.5798369235781118
0.5732877250029024
0.586396620291622
0.6282176071906126
0.5842817511516772
0.6370443893997786
0.5747341603087407
0.6188097215387771
0.5853756654406868
0.5641751546880965
0.5844367956897139
0.6256713048071229
0.5949145273667898
0.5742933846260014
0.5988782342598985
0.5773169593970053
0.6346594548853184
0.5785436557838529
0.5702956239151314
0.5740892215105281
0.5738844036779486
0.5664942176934689
0.5614298778202365
0.5152332037586153
0.5832714982904768
0.5749353891801667
0.5758111466064044
0.6091364367213518
0.5179990093812877
0.5801135760216217
0.638875168143947
0.6369814509870918
0.5741116034592643
0.6176776122383635
0.6353282942507897
0.560444168077682
0.6513547843949411
0.621953371200572
0.5752869757834373
0.5800217394471309
0.6238712274218645
0.6285491938290031
0.5781569389235243
0.5793017342583766
0.5667108625892329
0.6198818387046957
0.5713726826691207
0.6149018176182394
0.5178105187597442
0.6215272599490601
0.5792438282502973
0.5588361740653095
0.6233239712841575
0.6057208364489881
0.6308382316580318
0.6221976986527086
0.6578085949266796
0.6158593375331433
0.6326338056320164
0.6510094491260513
0.6510094491260513
0.5537818606926985
0.603811276515141
0.6251573212409456
0.518640338813954
0.6419408845331152
0.6225255238769763
0.6136197877446674
0.574124521822013
0.6133649747698637
0.5721517755580683
0.5767045631263216
0.5787214770647535
0.5848283744051608
0.6284962162754677
0.624260616761368
0.5705089731638212
0.6257679081594311
0.6129626872738482
0.6144712186734832
0.5891155535138486
0.5722619691821604
0.5760901683532125
0.5785404308666874
0.6126914302731383
0.5195100764979101
0.617624832398399
0.5118239530545834
0.5177529218464543
0.6113326534668303
0.5699980464665451
0.6096163431894644
0.577822965837569
0.5659232253488543
0.573848285552397
0.5185989175336226
0.6088067240681899
0.5704844172604645
0.5173640605731687
0.5208302123122164
0.5804443361165836
0.5672125242804553
0.6235044135782954
0.5852991419803039
0.5469650347953934
0.5817250306078648
0.574349580141209
0.5707369491328467
0.5815333337346629
0.6142279528951867
0.5202355755766819
0.6210169388772415
0.6266849051231832
0.5782028419761205
0.6233947624048889
0.6091209935456435
0.603211806341476
0.603211806341476
0.5750237214141293
0.5959391489684956
0.5959391489684956
0.5959391489684956
0.5782938877880339
0.5766952610048314
0.5216181676975182
0.591276990507979
0.6256941685995417
0.6420076758294975
0.5878189727523492
0.5178806789536436
0.5557711264936519
0.5850382706321287
0.6101050957733931
0.6272039802953517
0.6042842014392578
0.6042842014392578
0.5718012550994348
0.5237229427350623
0.5971400209766827
0.5971400209766827
0.5198385710941021
0.5211940609795332
0.5946532820157481
0.5793660578287014
0.592567981718847
0.5753477640116614
0.5877495572716213
0.5786058479509286
0.5766058224536247
0.5663329666756935
0.6295411814404379
0.5210039260027061
0.5240755478239365
0.5229848289374457
0.5247655975463178
0.5745969299472666
0.5612439954422491
0.5588268346375693
0.5581509972489386
0.5610097638369841
0.5737043545440889
0.5737043545440889
0.5547905868866355
0.5660438782476205
0.5713238371901425
0.5575173154686268
0.5280132168974008
0.5566918158961156
0.5593783218020284
0.5702515377388209
0.5251507307082193
0.5649216782641112
0.5238036553041087
0.5238036553041087
0.5238036553041087
0.5238036553041087
0.5238036553041087
0.5238036553041087
0.5238036553041087
0.5238036553041087
0.5238036553041087
0.5238036553041087
0.5788214313079536
0.6348795765065368
0.568617612868666
0.5946116042642742
0.5084599994761143
0.7091801430502669
0.5774850743122105
0.5873193279650626
0.5796583827981576
0.594521877397657
0.6041792693977102
0.5142507503108515
0.503961692753439
0.5820576634297723
0.5084928405601551
0.5971235181671608
0.5770777131400782
0.5999703369687142
0.5096743580180665
0.6387980241087702
0.5092668879976219
0.6026778393609523
0.509822551845711
0.5922273932263141
0.5977408288240066
0.509936247462738
0.5978128140643882
0.598139905441743
0.5103181091036398
0.5965788910910964
0.6161868834979787
0.6033598897565903
0.600391167312713
0.586496136358886
0.5937223495176812
0.6431929816499821
0.6431929816499821
0.6431929816499821
0.6322202102234847
0.6322202102234847
0.6248675831390786
0.6248675831390786
0.6248675831390786
0.6248675831390786
0.6248675831390786
0.6248675831390786
0.6248675831390786
0.6194959310487358
0.6194959310487358
0.5932268824639406
0.6153379204110044
0.6153379204110044
0.6153379204110044
0.5923571376990441
0.6119833795079822
0.5937531556890265
0.6333445065456378
0.5219479169824964
0.5227666369037112
0.5941335201752136
0.5977413734034671
0.5928432116722098
0.6104878053436392
0.5945665344833816
0.5217601549605868
0.5224511692947874
0.5220417784323074
0.6002495865040959
0.5913635944857457
0.5169076681852306
0.5951551796814197
0.5219919810440475
0.5920485539356005
0.5210136891081154
0.6206950200844267
0.5221091751319241
0.6010850842010342
0.6062166976702241
0.5237468158666287
0.6116030601089423
0.5991834079016181
0.5227230447926062
0.5224544231878441
0.5958784460504307
0.5215111643347407
0.5194859085884956
0.5256612068983932
0.6032800245370733
0.5240016776414327
0.5243484803762313
0.5248229688128105
0.5238036553041087
0.5238036553041087
0.5238036553041087
0.5238036553041087
0.5238036553041087
0.5238036553041087
0.5238036553041087
0.5238036553041087
0.5238036553041087
0.5238036553041087
0.5238036553041087
0.5238036553041087
0.5238036553041087
0.5238036553041087
0.5238036553041087
0.5238036553041087
0.5238036553041087
0.5238036553041087
0.5238036553041087
0.5238036553041087
0.5238036553041087
0.5238036553041087
0.5238036553041087
0.5238036553041087
0.5238036553041087
0.5238036553041087
0.5238036553041087
0.6111373111553225
0.6303576042170017
0.5091587790723493
0.6898576469993435
0.6320047887429437
0.6019725236417238
0.6065598018457019
0.6413566668600108
0.5098877036873292
0.5480214038296928
0.6629472664025216
0.541896656731524
0.5638224386838996
0.508480445632599
0.6494448587750671
0.6544628561869753
0.5680059511633391
0.5864532759661977
0.6074316637145905
0.6429430316961172
0.6283687655575272
0.5807310839455936
0.553464976962294
0.6019211982735387
0.6013595324593026
0.5124821884063118
0.5497320186341593
0.6392426731624701
0.6113220101956215
0.6129855635063574
0.6063477689999274
0.5520259259951164
0.6098383106729443
0.5136147547047548
0.5460041435261512
0.545076399002289
0.6134084058653061
0.5511711864942297
0.5568480439230379
0.6023498377907911
0.5463926899428367
0.6225557004912778
0.5516677139972156
0.6104094752614158
0.637212512931665
0.5551021510688859
0.5995159624038157
0.5841633559549169
0.7006543702073502
0.5082962592647773
0.5502043034280099
0.6578259274116889
0.6274380241603367
0.5437019862205978
0.5558997223554973
0.5632579271547519
0.55341661018784
0.6046101275340084
0.6077238368925344
0.6113584060187222
0.5527306594345017
0.5240589550633254
0.6014888877002899
0.5504519352354663
0.5843143696911515
0.6082895588597619
0.5469410049620008
0.6101474294971451
0.5489239955074545
0.6209454865459456
0.6002794033628888
0.6313390253886355
0.6132614236317049
0.597193957970701
0.6151113729348606
0.5480531407471539
0.5490859599498045
0.6200101087984488
0.5634438497053198
0.5099327468116903
0.6414444311987254
0.5514331322677422
0.54979495558415
0.5949449531441485
0.6252710586169735
0.5185375701087032
0.6314618526317057
0.5344237261263397
0.6168770863613288
0.6096122454425509
0.551945661133593
0.6164486865617802
0.6177688638720973
0.610580411999444
0.6193533255419248
0.5484096788302446
0.5933223209876689
0.5612180913061146
0.5507608496547649
0.6183140373065185
0.552372884986913
0.5987838744858511
0.6389019212008316
0.5477757189385455
0.5980072490762137
0.5507310436388608
0.5641833133845581
0.600503944802012
0.6018956680340786
0.602581030842072
0.6028536616983202
0.5524008585347646
0.5479611865632164
0.5659451613279727
0.5420505991217173
0.5138239975527766
0.5485152376941127
0.549439071114619
0.5508764762218926
0.5401215694171365
0.6036909774288787
0.5509474105961227
0.5665134680043081
0.5148585264444919
0.5520592337498669
0.5183123107152339
0.5587991254477012
0.5148621902558715
0.5483702998770372
0.514553898519463
0.5681698357537875
0.5468919632884585
0.5816067759720084
0.5527662322393841
0.569578677111904
0.5676693875681182
0.5193946944249551
0.5506977370464334
0.5260816088191445
0.5564774663491271
0.5194236212809314
0.5600533117169936
0.555293321265591
0.5186614339838377
0.5182651849960686
0.5179446489154235
0.5687380586830088
0.5492682862722329
0.552533079042672
0.557158363085819
0.5533383420265152
0.5220064913787658
0.5574116579179594
0.5571811839783788
0.5533945896226526
0.5189617170775667
0.6853260225989636
0.6803893026631384
0.5867542294738718
0.6819322794303834
0.6509753572925195
0.653301658791798
0.6428775283800398
0.5511920657411401
0.6521501853401409
0.6597954679879414
0.6540470672965434
0.6818154012543902
0.6382612121738852
0.6775641975755894
0.6775641975755894
0.6773248771236257
0.648300088810125
0.5858395272535903
0.6516352793553516
0.6480411425045994
0.6506037927238044
0.6661914002622107
0.5800144684332399
0.5120448753985211
0.6451327724419423
0.5135191107037466
0.6560532145070681
0.5101744211542458
0.5801410347397479
0.5126506844392306
0.6759061408359156
0.576412824498862
0.6472176342942062
0.630115612871687
0.6477159430508465
0.5120457127671413
0.6462590620800908
0.5768297352002242
0.5395752534658976
0.6439732522282949
0.5776639443775194
0.510131375159757
0.6645062346630917
0.5758155473426659
0.5737046296768296
0.5136325342869461
0.5562718980893175
0.6558293997711957
0.627310284835019
0.5135179426633557
0.5869937507179404
0.512858663468387
0.5114717232077909
0.5188888272772503
0.6028811019614235
0.5128464271637997
0.6489632781607454
0.6371713347549668
0.5814668918253563
0.582437830835568
0.5882595931472399
0.5502070738143486
0.6346924085862844
0.5763133524017002
0.6022875192663741
0.5573967785295221
0.5949719976820073
0.5121583710766664
0.5826833201506125
0.5965605342891859
0.5847154915971972
0.5132521618023221
0.5912642111938026
0.5922774857531916
0.5131982014059061
0.5936108420952987
0.5081595939825758
0.5130599520552838
0.632560405918443
0.632560405918443
0.5854077004042476
0.622977125900466
0.622977125900466
0.5944854540473741
0.6170260600892457
0.6170260600892457
0.6170260600892457
0.5590759829881182
0.5126763357083595
0.5841888909449531
0.5130674070931879
0.6096099501860643
0.6096099501860643
0.6000493371760394
0.5833545001487215
0.6048897787966778
0.5838854775280815
0.5228548694164593
0.6014600837568002
0.5878998737304811
0.5131412480603199
0.5886455642728126
0.5774646674472941
0.5905675582436509
0.5877505395727805
0.5885426502345456
0.5921570516708657
0.5890447596615235
0.5910596552697688
0.5915687852696658
0.5841076200658281
0.5859161016776331
0.5223131366031376
0.6199994091954893
0.6199994091954893
0.5872165243544143
0.6141397566563404
0.6141397566563404
0.6141397566563404
0.6141397566563404
0.5910446133709067
0.6100143523741556
0.6100143523741556
0.6100143523741556
0.6100143523741556
0.6100143523741556
0.5885160521130912
0.6068758226467519
0.6068758226467519
0.604362118101782
0.604362118101782
0.604362118101782
0.604362118101782
0.5811446452814761
0.5826171519113005
0.6022741483863419
0.6022741483863419
0.5787022803457438
0.6004920445777089
0.5782282631972177
0.5883636637873196
0.5989388118392548
0.593026238872521
0.5856994355805997
0.596326552308423
0.5849615135627587
0.5939277503175844
0.5871382396222478
0.5178904320482126
0.5188937989348895
0.5872565975711905
0.5196852087336382
0.5928950891654345
0.5930769976357599
0.518656957397673
0.5220136965871254
0.5880383249953514
0.5862347650816694
0.5849224465667929
0.5176001305741015
0.5242021486173947
0.5891411951399833
0.5875449826383276
0.5994824628351271
0.5187731551175242
0.58900463000796
0.5941756208764702
0.5198699523654724
0.5204041419868006
0.5233018043230221
0.5913934053096734
0.5235039579216307
0.5227376463019262
0.5677816788929427
0.5264499596404082
0.5264437338414751
0.5263492597988277
0.5238036553041087
0.5238036553041087
0.5238036553041087
0.5238036553041087
0.5238036553041087
0.5238036553041087
0.5238036553041087
0.5238036553041087
0.5238036553041087
0.5238036553041087
0.5238036553041087
0.5238036553041087
0.5238036553041087
0.5238036553041087
0.5238036553041087
0.5238036553041087
0.5238036553041087
0.5238036553041087
0.5238036553041087
0.5238036553041087
0.5238036553041087
0.5238036553041087
0.5238036553041087
0.5238036553041087
0.6500332997678009
0.5842493260656194
0.669158253318594
0.6882390685725192
0.6645933835134621
0.5720303652843175
0.698281447585312
0.6647286143454307
0.6584451555794218
0.6764977134326281
0.6679156969733546
0.5763652319916371
0.7225910929488223
0.6626561572753306
0.6514849117664234
0.5875343498628659
0.5709201364959651
0.6558790649376057
0.5858544251270026
0.6576111260655007
0.6124214137589354
0.6714221550543623
0.6180877535821713
0.5813505416870287
0.6953004521718963
0.6953004521718963
0.6518058810689465
0.6896900104504181
0.6754408791411387
0.5968402297996785
0.6851011072277902
0.6851011072277902
0.5715951993787823
0.6812374892454613
0.581290731094892
0.5641978472995737
0.5688851934868671
0.6749936584520864
0.5773536609217269
0.6257548578920842
0.5805612815806707
0.5939898629671386
0.5123567519167114
0.6608525829958906
0.6608525829958906
0.6593877908814697
0.5169317549939328
0.6580057007804802
0.6580057007804802
0.5132805387101523
0.5788781519155369
0.5789756070135511
0.5786019467922615
0.6501124439263659
0.5734702588041154
0.5691201293028172
0.514797420811742
0.5798513773561631
0.515781532394838
0.5672779120529786
0.5741986659982186
0.5149211888290453
0.5133977419277923
0.5669229078645682
0.5143574560407382
0.5140500363969913
0.5105320324707087
0.5648733081792802
0.5079007514441166
0.5141783554500882
0.569606795093489
0.5131245745994691
0.5144507781234096
0.512678289247307
0.512430036835236
0.5132942857812609
0.5159966996256895
0.6468752978542635
0.5848118521576864
0.5166359261967207
0.5628169436487774
0.6738850016546142
0.6581667782060568
0.5146301874079888
0.5618610029586159
0.5669521294134038
0.5721855351960413
0.5681947094103451
0.5735492375977629
0.5960894256065258
0.5730849841147478
0.5752078612433027
0.5842176663764388
0.5749221351703613
0.5147563601599981
0.5618076132654803
0.565709139564976
0.5812747097691635
0.516264339779462
0.5838100467758768
0.5160861278357304
0.516021945009636
0.5162820576786704
0.6001738929898484
0.5212693412401398
0.5780164499945831
0.5844266785085345
0.578745566848758
0.5810758634506662
0.5148341179628168
0.5817649088275729
0.6568000387757224
0.522516585734546
0.5170520284688874
0.5857838389908572
0.5962017593445013
0.5909477172938291
0.6118012817142199
0.5166005980135275
0.5634703417892026
0.5801146318580216
0.5170546780598712
0.517169493784436
0.5956460358253215
0.5240978285551195
0.5760139269555649
0.578980008668907
0.5734976652094085
0.5891640519255233
0.5176018543487444
0.5236436950586298
0.5232572597596119
0.5738774221540383
0.593934182141174
0.5764888638128309
0.5184719977234673
0.5234664317181408
0.5230112948483896
0.5244074040239655
0.5245779273568686
0.5255732790019993
0.5252674275244636
0.5238671933993302
0.5254395928825512
0.5262322016738047
0.5253474554997584
0.5259554916483222
0.5262801518362593
0.526538539414598
0.5238036553041087
0.5238036553041087
0.5238036553041087
0.5238036553041087
0.5238036553041087
0.5238036553041087
0.5238036553041087
0.5238036553041087
0.5238036553041087
0.5238036553041087
0.5238036553041087
0.5551069135321522
0.6155884820310876
0.6821562115708203
0.6059151632520325
0.5481774378551332
0.7038336743330037
0.5158929236006911
0.5029154912610934
0.5616867992571564
0.5753937478265071
0.5585346153579988
0.5699278189937772
0.5857903207481509
0.6580575759581976
0.49784285286537133
0.6040388205446023
0.6078169581534824
0.564566889623209
0.6002560332046053
0.5692006657537895
0.5666798340200889
0.6036773382911738
0.5664320359847046
0.5803191019927363
0.5559210525538222
0.5683156827752014
0.6075981414004926
0.5955956123447176
0.6056122930858323
0.561327013354551
0.5606268678643966
0.569312033043828
0.5527251792756829
0.559120950718768
0.5602715954652758
0.5634910612447606
0.564608384441883
0.5471172695838362
0.5615524625074787
0.643853986960596
0.5119495867396728
0.5691420126167417
0.5636217206265823
0.6347979786771198
0.559777240766636
0.6304842369899969
0.6319368002041613
0.516612519425054
0.6284342531298911
0.5102741339379756
0.5723458542000817
0.6109586158322875
0.566640882823612
0.5658106757030602
0.5635998501999644
0.6010394260515424
0.5131817946443819
0.5911873215550209
0.5674824605577448
0.5658226407949046
0.5572795005879364
0.5970051977238103
0.5745584469425521
0.5133734419200058
0.6117018403144107
0.557362186484639
0.5644151995396837
0.5921407273387673
0.542223118471619
0.5697151711925913
0.5131608179659655
0.508674776545208
0.6209425376301346
0.5625837677671606
0.5903764231191324
0.582288385268964
0.5504032015250764
0.5786683725292632
0.5183555587658902
0.5503610190970338
0.5192877839870144
0.5547640168976219
0.5751550300984063
0.5187483840660405
0.5155631875500531
0.5192930471143021
0.5171211876013122
0.5191853318984696
0.6766970146618297
0.6945311568573906
0.6945311568573906
0.6168431829458596
0.6373932186003497
0.666441680440908
0.5123820122689092
0.5058273060527696
0.6373476072371131
0.5767359536101896
0.6584730236973687
0.5773308947092038
0.6401370682923511
0.6890402016130904
0.6786627052379532
0.5849736556790273
0.666437157799535
0.666437157799535
0.666437157799535
0.666437157799535
0.666437157799535
0.6623796044440647
0.639893516680761
0.5855121588412044
0.6590777980803142
0.5895242447625815
0.6378162019897469
0.5066053847981709
0.6451599965760975
0.5594775830167434
0.5136884462278243
0.6442007007008694
0.6442007007008694
0.6227609516317619
0.5865640554679084
0.5738722388101146
0.6418682707016802
0.5219684060711518
0.5145410719405247
0.6495219043618943
0.6312818950060574
0.5565546223377844
0.6508045938664798
0.5166447497599699
0.5158224526498375
0.5773728011924545
0.5745384410667572
0.5155791458709177
0.5156416350447938
0.5561134499391642
0.5179519678064425
0.5148327685409038
0.5162099023927683
0.5136107511620861
0.5145232233862652
0.5628103855547102
0.5638616863806041
0.5151644452014704
0.5622728450174677
0.6291688406983243
0.5612303615308282
0.5775445580430796
0.5726515016488045
0.5644416695631097
0.5595567878235649
0.5152192412191884
0.6379664383561787
0.5648921519133434
0.5149488615285711
0.647686914188781
0.5154152310483415
0.5170915428708086
0.5668525929156469
0.5542932971143139
0.5681107666887875
0.5171333810571163
0.5159159605585883
0.5572404569970077
0.6164399975321945
0.515951596720281
0.5568936347091459
0.5161125067384483
0.6440473983063991
0.5174305229745655
0.6525339710358204
0.5178774219587279
0.5178499729723497
0.5999064066791288
0.6020526175115332
0.525084116870075
0.5683046989251451
0.5781320802848808
0.5549736181293248
0.5256468033076704
0.5758957327310453
0.5761810623314919
0.525364742876589
0.5784655355394688
0.5875683906002317
0.5712325401571585
0.5250122411984758
0.5967532508857808
0.5237227978934604
0.5964057884068017
0.5964057884068017
0.5248824784354124
0.5923928956122245
0.5923928956122245
0.5657820780810265
0.525468802865145
0.5736790471029779
0.5894035657877226
0.5894035657877226
0.5894035657877226
0.5870403638598081
0.5870403638598081
0.5819239539508538
0.5850924136333246
0.5834368492033725
0.5760706266566089
0.5254828489202686
0.5819964336958612
0.5997958913758129
0.5248164014704768
0.5247662061522785
0.5244298046946964
0.5775710771746299
0.5879184073199689
0.5224322571244931
0.571024223552811
0.5725127982572253
0.5254050739383115
0.5261159533815345
0.5253818815837601
0.525022443970104
0.5252306492756704
0.5259957024801892
0.574362463674562
0.5242761339039513
0.5264041224069889
0.5238036553041087
0.5238036553041087
0.5238036553041087
0.5238036553041087
0.5238036553041087
0.5238036553041087
0.5238036553041087
0.5238036553041087
0.5238036553041087
0.5238036553041087
0.5238036553041087
0.5238036553041087
0.5238036553041087
0.6636895871357574
0.611797384921276
0.6051465425292158
0.6523705952594989
0.6473957916576463
0.686965092019213
0.5980113547072233
0.6727871908970161
0.6074620064557809
0.5685007162702205
0.5533663026623681
0.6619696864955367
0.6012017754826292
0.6146657828349937
0.6501360417814332
0.6581725916242968
0.6454663570398073
0.612698223402027
0.5985649647713898
0.638999648885086
0.6394571318277529
0.6472312067150693
0.6135604055487524
0.590140048734562
0.5589647929028478
0.6139484192193404
0.6125410137340778
0.6224785578004186
0.5968828147702654
0.6154198743973378
0.6778564993534065
0.6362417877660878
0.6473923658233187
0.6738372210390356
0.6738372210390356
0.6738372210390356
0.6054713665437415
0.6704340670109169
0.6099793997751217
0.6238627872953392
0.5493269120261443
0.6570485959065478
0.6176990561552126
0.557686385343676
0.5529639033237157
0.6625658340151898
0.6625658340151898
0.6515583881143185
0.6097769985073106
0.6438495611310198
0.6159869023076081
0.690601645795094
0.62162974867712
0.6264093130793029
0.6531843716326443
0.5957600142968981
0.6051008168072346
0.5496448815720258
0.6353130907529703
0.6219333994225559
0.6120437390809536
0.6521666978289712
0.6261461979481927
0.6174040036500038
0.5431170487441285
0.6061818060791543
0.6270404856724274
0.5451017762575535
0.6396399877790383
0.6413301773111192
0.6045884575534993
0.6791250014956152
0.5608464585682043
0.5995616905948966
0.6085935056758106
0.6302519105433133
0.6027846439698723
0.6172775795677805
0.5131946601776373
0.6883828502157956
0.6448574983843482
0.6008383565585145
0.66629277663899
0.5694765571365451
0.5557003295174938
0.6022155325336882
0.5160648649432186
0.6146757226723861
0.604187715207348
0.5601950052786118
0.6253215584124261
0.6460038257793786
0.5990770132904244
0.672076396603198
0.6089481813168229
0.6213875647139581
0.5537338920284265
0.5596446627398933
0.592487133657736
0.5117306648269844
0.5465269770492187
0.6632717466037344
0.6632717466037344
0.6632717466037344
0.6043601974122513
0.5117582839661489
0.6570097749013243
0.6068142227220439
0.6143173041234982
0.560229990562528
0.5170592876738148
0.5684381583949357
0.6093107583561735
0.5925034477438338
0.5544278480263365
0.5604804082322101
0.611110912932372
0.5583105691719769
0.6023233477975771
0.5632407772073007
0.6019034497509094
0.5993382475146269
0.6429897892770906
0.6083225709261978
0.6104420062540147
0.6146499633380899
0.6088710301018617
0.6425031231134263
0.6425031231134263
0.6103666301864202
0.640542145116964
0.6038376866508192
0.598439685889426
0.5124654824778784
0.6342105989095175
0.6342105989095175
0.6342105989095175
0.5985658202942149
0.5567210074661996
0.6311767869101902
0.6078860944549046
0.63425461845381
0.5522591616212643
0.5929594003464741
0.5463946666699773
0.5164943322152237
0.6047141501598433
0.5936843083595709
0.5612007477693927
0.6076771712562916
0.5632375112242506
0.6588376810483213
0.565834772721792
0.6083981150106256
0.6539817327795512
0.6235853519208073
0.5602702183950106
0.5581406245512534
0.6140125510662339
0.6174650116210413
0.5656466210645438
0.5709796741245949
0.6389503932626758
0.5951718456787558
0.6191671996110701
0.5125901411689142
0.5679633776210432
0.5143114119906843
0.6214393757347475
0.5083564403987549
0.6108260067557734
0.5157429697947101
0.5786352979801025
0.5662600059472522
0.6119959140053529
0.5112110465394955
0.6072889583746149
0.6158924264369203
0.6059582944988382
0.6044839128965523
0.5970558953653741
0.6032877977597311
0.5184249688858193
0.5598797576827649
0.5660836457857684
0.5598148629894053
0.6076920195543455
0.5631761677134531
0.6190338794235166
0.609709250505443
0.6350631134295652
0.597713233551387
0.5168260756048605
0.5998396260782559
0.6124797153588099
0.6283524850410859
0.5117136263043147
0.564348609365984
0.556603065865241
0.5129935758072449
0.5163718934684369
0.6072214006879032
0.5868298605438906
0.5988245629950512
0.5147014495488096
0.6196745991638389
0.5785035700376011
0.562346246096507
0.5612760331829892
0.5587236437260785
0.6180263435737569
0.5171363034257511
0.5675121939444091
0.6202889742390869
0.5658087006270681
0.5587224694637808
0.607624927489742
0.5350122770563723
0.5950366324414016
0.5558498555117145
0.5560728209965268
0.5156874921938825
0.5204130022450989
0.6123338500600568
0.5637828339853818
0.5558838109206031
0.5936327237944771
0.5678906581100763
0.5616117601384066
0.5707536202942731
0.5793200810087198
0.5173476115472546
0.5409909195519832
0.5621346128629587
0.5187139371852276
0.5588072646930493
0.5153529701610124
0.5626626770307788
0.5635538619829634
0.600717740615642
0.5199839214938969
0.6211528958898183
0.5174971347984176
0.5697135326442067
0.5717546718254384
0.5180582189427183
0.5878085568566754
0.5729918214766356
0.5173412384664283
0.5610564542606133
0.567309884177131
0.5693802940467589
0.6108033113787374
0.5165803567264384
0.5183199091450795
0.5864034679938045
0.5864034679938045
0.596747622700266
0.5693633144487845
0.5577226238728149
0.5766713899311946
0.576501018033952
0.5713086295758079
0.5752039897583628
0.5705201183026768
0.575261256896776
0.5645950716553795
0.5818068393137755
0.5761225246053474
0.5653217017393534
0.5755074698375822
0.5755074698375822
0.5666530183568405
0.5223506834739352
0.5740103018277818
0.5213610637928996
0.5227010172239116
0.5400286499111507
0.5564715857310101
0.5642206893088569
0.588030057935635
0.5804058312293544
0.5275813024480935
0.5248554460766885
0.5224472081593071
0.5232001492576835
0.5248027169632496
0.5248027169632496
0.5248027169632496
0.6560143706800737
0.5973906543456038
0.5703307849390878
0.6955955651924556
0.6878885351147283
0.6908529666308781
0.6856870571661858
0.6075616677290091
0.5621220628153432
0.6461930433492533
0.5986301521920956
0.580899833987131
0.5128009453946575
0.6511915771155908
0.5745818281240515
0.6323925690427932
0.5136981203476536
0.6621499444386149
0.5620237750785178
0.6110745464917068
0.579289664818123
0.5591007841877925
0.6307922006057295
0.5831948759282864
0.6280911700143834
0.6853198392728433
0.6327555623263998
0.575329447356275
0.6118471594517979
0.5729457469835444
0.6638166838027876
0.5991385294157094
0.6582609444019244
0.6117039448465944
0.617126088107271
0.6507592761794267
0.6507592761794267
0.6507592761794267
0.6507592761794267
0.5660748174667499
0.5788278722727822
0.6149333460498357
0.6189232486827994
0.566572285057334
0.5516359177432675
0.6269213671927878
0.5717060367944883
0.5568615647143116
0.6434405086368182
0.5957366561361134
0.6151472113576373
0.6133976102739053
0.5995084470453244
0.6224970118468689
0.5702936260873409
0.5653760863985645
0.6237704668029987
0.6133777985586758
0.6276285331995637
0.6213124199014931
0.6424023665205999
0.5363357242855809
0.5964746664989934
0.6253727683504084
0.5712063492465127
0.5724299545011972
0.6309720735941331
0.6309522911263206
0.5680309951221364
0.5694860066408717
0.5879540314024122
0.5934373912539646
0.584721053545484
0.6166703038374974
0.5749263999264054
0.577596729932502
0.5618746989762348
0.6359914075589264
0.5155833518682297
0.5539851854437123
0.5954200923070798
0.5757490779366661
0.56333326036496
0.5976064666731914
0.5471910871592865
0.6219616047484459
0.5644233672244118
0.5660377506322337
0.5772764084821473
0.5675060275668593
0.6326482559592014
0.6159244415529135
0.5968368668887911
0.5550337428326418
0.5368872122334475
0.5760329449984475
0.6147659120504282
0.6292731580594223
0.5157641848399322
0.5742964188817203
0.6252078099265687
0.575557037250353
0.573516010992213
0.567378951035459
0.5666155501398199
0.5785110337583724
0.5671958114227637
0.5449376252413526
0.609282147244185
0.5799433306947439
0.5651486247080644
0.5198407047983289
0.5865694232540396
0.6037470682551113
0.5673847087457714
0.5613072424054386
0.5819167641370517
0.5608905926466521
0.6225114806779757
0.5508606435002666
0.5207323896842335
0.5722716651734506
0.5820920329201071
0.60853804821497
0.5898409711550557
0.5204823763151646
0.6025839051349718
0.6000697634218554
0.5635369633069834
0.5693546485571843
0.5724455883841961
0.5752345532042431
0.5751651590662579
0.5269390075529152
0.5265547427310371
0.6047596895769347
0.6047596895769347
0.5645111698071745
0.5971363003962711
0.5925428486495805
0.5925428486495805
0.5925428486495805
0.5925428486495805
0.5925428486495805
0.5927867600814095
0.5868606260483563
0.5271267318340409
0.5848666961514238
0.5690703482835036
0.5828035323136552
0.5783245436990099
0.575206685756643
0.5730813003093796
0.5238036553041087
0.5238036553041087
0.5238036553041087
0.5238036553041087
0.5238036553041087
