0.08944447898771614
0.10856798624309401
0.0736581173663338
0.04003084515531858
0.05433300646487624
0.0555319104801553
0.050729098642089715
0.051276940192716815
0.04806764962462087
0.039182469677956154
0.02403076957911253
0.036131232858169826
0.03708761731628329
0.020842980054051927
0.061188526938979824
0.047381615234383695
0.03185950233135373
0.029178219826814407
0.03422472138889134
0.0430741467513144
0.04700122276941935
0.03603332360042259
0.032128900642662
0.05267760923675572
0.04031975328534221
0.042944658134753504
0.03759997778649753
0.017693910793944573
0.035127169116943455
0.031120222876779735
0.03579944519636532
0.04255856037450333
0.022408671425267434
0.03418564061789463
0.028718676588808497
0.04876240366371348
0.03139281634435368
0.02496897184755653
0.02778560025151819
0.031541482082102446
0.023420350238059957
0.024881188544289518
0.024379159948245313
0.03117321604862809
0.04496249076289435
0.09375770137645305
0.037494102428512026
0.030492613381162905
0.04490738373172159
0.0395803603491125
0.0395803603491125
0.015522800451144576
0.035515311187288415
0.035515311187288415
0.035515311187288415
0.033690709879156205
0.03355406230587202
0.03814901355886832
0.02205427821667399
0.024391205241360393
0.03423876762506552
0.017004983186294946
0.016628729511091175
0.03144372333850091
0.012924928335705773
0.03218304746085778
0.04249989140119093
0.01970103073263696
0.03753255640078957
0.03580662970353539
0.017235237505325737
0.026870384948172916
0.04183438933842505
0.027934881491431345
0.03852637079311535
0.03079205227394899
0.012656426336228226
0.03782425527383263
0.03018498784241577
0.0282191377854906
0.015056732146379849
0.022139368801532933
0.013576693492941558
0.03675463593720148
0.04307941399204234
0.015324470933992416
0.02834961893192182
0.01225200148532167
0.07993674286020298
0.03768642935436219
0.011955082481727004
0.013572339637515446
0.011178138798568398
0.02150833754451014
0.04436671961098909
0.042233157828450205
0.013033378334560742
0.02964758447526644
0.01012218802041995
0.010956730350929623
0.010832410004998868
0.029225360484560953
0.010934623188416785
0.03610182380458961
0.019836107719456778
0.012651154441215718
0.031502989589547115
0.01287487356341444
0.01068491823777246
0.04128321116169294
0.012404781190368036
0.03719034377213878
0.02318704101179416
0.012238617620896548
0.014258064181000615
0.027733612100128084
0.03654868130106479
0.010936500717652961
0.03646537131785105
0.01302192997885868
0.012721321439991395
0.0282943178457208
0.013066956499824301
0.012604769266908988
0.03048438818193972
0.012027445378480479
0.011724111392395571
0.01119119510287419
0.011172783874596158
0.031674808277748524
0.019516872775275262
0.010996995724271983
0.013620085464790464
0.01054962984441469
0.011841477109119296
0.013204643367401635
0.010968641308136285
0.010619790800847113
0.010512491773115471
0.05208695949365695
0.045136375724493215
0.010658367819075162
0.010724944809141258
0.022627132640918715
0.010071668841798479
0.010136286821604395
0.020580129291241367
0.020335664827531824
0.04686133185401559
0.010532993291271851
0.0323032887885347
0.022979779957483213
0.010579793665480489
0.011177462866762654
0.01125150400485533
0.011525059878282869
0.01507259590551257
0.013917468105598043
0.026825273474678397
0.037504156907865155
0.0326365319697652
0.03166096395580098
0.021414932251597445
0.021414932251597445
0.021414932251597445
0.021414932251597445
0.021414932251597445
0.021414932251597445
0.021414932251597445
0.021414932251597445
0.021414932251597445
0.021414932251597445
0.021414932251597445
0.021414932251597445
0.021414932251597445
0.021414932251597445
0.021414932251597445
0.021414932251597445
0.021414932251597445
0.021414932251597445
0.021414932251597445
0.021414932251597445
0.021414932251597445
0.021414932251597445
0.021414932251597445
0.021414932251597445
0.021414932251597445
0.021414932251597445
0.08913622918383529
0.09593824928005536
0.04728301420186957
0.08843523407510172
0.04015758751231867
0.06903109478143354
0.07036068810460468
0.08986542677351585
0.08105930232287695
0.05502993840569009
0.05502993840569009
0.06261238269818326
0.04616621559097742
0.056289923266352467
0.06176011242748548
0.030276056150517736
0.03610419397397588
0.06777432721884301
0.06525675042842825
0.03198401022702455
0.054012276586145165
0.034750152686610816
0.04366666124512752
0.049314916861088326
0.04428736175255229
0.03462623110506684
0.051526618065157286
0.041236430671997365
0.04146979358512908
0.03433163471442337
0.05245931954976792
0.04783420459677776
0.028859347433317452
0.042794199183505646
0.0463821268787918
0.03306729562270145
0.022348083186661826
0.028413717558141798
0.01858218428096734
0.020274244527487707
0.03041786623148558
0.042603706973604855
0.027777195926755666
0.06833026964683085
0.06833026964683085
0.02835379821481183
0.025034328193869443
0.04577592084029069
0.07368420128865788
0.03509560300192485
0.0465172830899246
0.053253246697907645
0.06002233421080746
0.05027738280516739
0.024770940794454268
0.024226577239654337
0.04736449426893766
0.029300537737241637
0.027377928000253935
0.047328807529993355
0.04243767596936474
0.01954921771849816
0.022480196319908524
0.0391484810745654
0.05146841945204263
0.02490919711999595
0.023572671871321896
0.020058715982207407
0.01822288532333914
0.04380416718583244
0.025005375601661703
0.025102858430085084
0.02893891469032193
0.015953050861911226
0.04498543981695548
0.019442507655670245
0.02256928811625888
0.03886795847560279
0.028218397515205045
0.03034249848336913
0.022552332311170174
0.023827979043902207
0.05234440744233628
0.023923079463808488
0.08313702517344305
0.02057037110129992
0.01446649311343208
0.016442651356725645
0.015279980720564102
0.024844298136498157
0.0392329373746179
0.02646465354482643
0.01492906330114541
0.0213319571238632
0.025618194024233768
0.01636057321622502
0.023098515473733035
0.01629474244332717
0.013084657207752268
0.015209409900320074
0.02377760500802348
0.06267976050808405
0.020010141584401328
0.031018125301925464
0.049239096585661175
0.011879628909130892
0.011392345924396068
0.024287159371888266
0.030892725786349426
0.010973938277456909
0.027741541368304753
0.01565008025499992
0.010592713626877715
0.01121514187543653
0.03754840154433623
0.010410738123270372
0.010499197768513113
0.03652278441237286
0.01221192322128142
0.012105832383191835
0.012641720516063893
0.016041777830105276
0.011890520822101583
0.012789328980337208
0.013660186281582961
0.012667142041027545
0.0191885950579308
0.021414932251597445
0.021414932251597445
0.021414932251597445
0.021414932251597445
0.021414932251597445
0.021414932251597445
0.021414932251597445
0.021414932251597445
0.021414932251597445
0.021414932251597445
0.021414932251597445
0.08377355614366631
0.06858334067588051
0.07820228382013739
0.060549848660981904
0.03488696242372195
0.07162168858728062
0.05133348393564423
0.021080682776325074
0.0426869396547166
0.041775180261271694
0.026671923358226195
0.04269686410436407
0.020193218447190398
0.03125721878372133
0.05590726260406276
0.030462129287576925
0.02206019872566685
0.08419467605107153
0.08419467605107153
0.05926560826987649
0.042139996906237986
0.029169572438889492
0.024514459665709486
0.04169974766128386
0.04169974766128386
0.028357909088178226
0.045058411354354275
0.016162558880556996
0.025210744886814306
0.01880821009244149
0.03157996005456274
0.02518168692709878
0.027363879970507696
0.026769955561030657
0.027584608544129877
0.02590761552215554
0.03650025171693414
0.055742280757209904
0.01797223703120835
0.019313241630249348
0.018735392879849922
0.030280134272761643
0.01956606196530629
0.01834008271670124
0.018942882948516246
0.0196523305849405
0.016972632141356976
0.053474300136634456
0.020117257669529258
0.017398395554434197
0.017654637211041213
0.03985122546398391
0.024870995513629167
0.01881095836540529
0.020504151490943815
0.01840140282777914
0.028837453634478153
0.035592995250287154
0.014795166039839387
0.0157151960923026
0.01704041821571688
0.01780235813309749
0.016285710733694336
0.03600385416764766
0.03801547384199997
0.016751983143234006
0.017497223226043086
0.03559734964355205
0.01607791462680325
0.018125857623914877
0.024122540260044237
0.019029760454432106
0.012728387386693308
0.011947899605923643
0.03400023203886424
0.011992773139694084
0.011215340973964582
0.01825910873070825
0.011418709679661939
0.012732537447785337
0.011448439663896958
0.03097093457627731
0.011311254227378716
0.010954655203968287
0.04230841171190453
0.011595083587647726
0.019169513091716606
0.010844162247764567
0.02051591903184696
0.010811673070614536
0.010594765071291477
0.012372561180964112
0.009710842003890623
0.01050737803025792
0.02169779927081739
0.009903588098629068
0.029853654068817074
0.04645353226689622
0.023281309998322588
0.02382599428916971
0.033425628592958674
0.024513209167247016
0.009910116273288926
0.00909082762974625
0.023528382922522725
0.03701626201199057
0.02296985377557576
0.018462155677067736
0.013792673297381649
0.03066353219250838
0.014562072642535591
0.011013848930209255
0.011103069202896828
0.012247494464972988
0.012190941983135417
0.012802000224667912
0.012706485244367892
0.014894000402806947
0.01974301562877372
0.01922343387035653
0.021414932251597445
0.021414932251597445
0.021414932251597445
0.021414932251597445
0.021414932251597445
0.021414932251597445
0.021414932251597445
0.021414932251597445
0.021414932251597445
0.021414932251597445
0.021414932251597445
0.021414932251597445
0.021414932251597445
0.021414932251597445
0.021414932251597445
0.021414932251597445
0.021414932251597445
0.021414932251597445
0.021414932251597445
0.021414932251597445
0.021414932251597445
0.021414932251597445
0.021414932251597445
0.021414932251597445
0.021414932251597445
0.021414932251597445
0.021414932251597445
0.021414932251597445
0.021414932251597445
0.021414932251597445
0.021414932251597445
0.021414932251597445
0.021414932251597445
0.021414932251597445
0.10044773196491102
0.0804218016557085
0.11199115718404452
0.06930249107070267
0.05646168663321684
0.07359434330370278
0.0670882135835321
0.10375783520595482
0.06009792609295497
0.05662705999178191
0.09748147341112295
0.05679244209546596
0.05221514761913568
0.06276164674355338
0.06462838081992231
0.059288619476525736
0.042334739432359735
0.058198919747956095
0.03605615085068469
0.11016415286343545
0.06171455469331704
0.09909835080150514
0.09909835080150514
0.09909835080150514
0.09909835080150514
0.060597942213838296
0.09428019943181426
0.09428019943181426
0.02806111075372125
0.03380859619743812
0.08181008478781829
0.047593534257806214
0.04418520594753014
0.0765690258347119
0.03893431932781823
0.061937836666281026
0.040078146018010255
0.06755275969393551
0.051174060401584336
0.035607973100074256
0.047238892928386726
0.06036602777739366
0.06036602777739366
0.049403550890662395
0.04909744544886053
0.08775373389051917
0.04507100797529953
0.039016500138677655
0.053438228419981894
0.09574509259856616
0.052274179117909325
0.042879371591843664
0.08036430011076542
0.042582652163303765
0.06226297106632652
0.04326386440894567
0.040980799545844396
0.044348927228323495
0.04050604246362733
0.03602692847683405
0.0398818007860488
0.0334990452901305
0.051165411793626846
0.05520596467501794
0.05529100758334001
0.048419908776025596
0.043544896236465624
0.04184110626306695
0.05243260783997054
0.04454426270482751
0.051406425935371466
0.0611125128227286
0.05230975262704305
0.05799681337860723
0.04348059533784787
0.038854255141147105
0.03745033526249851
0.04160587873038215
0.08225825373549014
0.05285794700806339
0.03717027801865091
0.052765737754913666
0.04850140530887681
0.0647332053957507
0.0339588365276965
0.06719386534222091
0.05219161992504572
0.036314360648781685
0.022930645533682157
0.028121480498618137
0.049632677919386574
0.03639280894344362
0.04583109756310781
0.06531135606424263
0.05055950703138175
0.03468064839175592
0.04816147166925172
0.03445454464294016
0.08961441909351076
0.03423565890834046
0.035163168187718835
0.05410523864130179
0.07610053638306757
0.06629313736921176
0.04661583445655803
0.03529000313176463
0.05871617769201597
0.0475860583782196
0.043042186563834545
0.05573175482917577
0.028385745409565667
0.034494985567095376
0.04158733162951345
0.034167010725165405
0.025714451996221518
0.06388997231610119
0.05459819033974782
0.03311437009833753
0.03849094808974769
0.08006888474803418
0.03380780764739029
0.0818195273866877
0.027978516465906676
0.07581844423121463
0.05945595997114045
0.09934956225877006
0.07385069334103415
0.03165164585399907
0.03139794103956471
0.03769471765573447
0.027772832349486028
0.08724297998628269
0.028547829595627263
0.08984937455194691
0.032319559871296706
0.03810920788518463
0.023377513384912164
0.08019558925724898
0.04163866678408037
0.07291642243275419
0.026765609894646332
0.03881202657784646
0.06266432059928775
0.032383649413241074
0.078157523459134
0.0350790722136541
0.07242804558870072
0.03232456777167196
0.03174482872515606
0.03218706767462815
0.023189017254432353
0.032217727908088516
0.032750140470452604
0.017880130674069128
0.05030905103388553
0.032088676147395745
0.02606488436460495
0.03121106156342042
0.0343989183268665
0.06861719560343772
0.06668982778986295
0.028325235935820578
0.03563338209098826
0.023401485847619672
0.04189756819202254
0.031468304532269634
0.028366310236936747
0.017329916237698247
0.028587708595441654
0.032387558188444625
0.02722620896801042
0.027236577881267293
0.04049679302920898
0.056004020255059
0.01714432970698302
0.02852043948485516
0.04744403736355404
0.033216742330696436
0.025269297258540366
0.030259732217139877
0.042625405446160586
0.026347077934187838
0.024784810824203304
0.02692925537781169
0.036696774031734096
0.022709328808511297
0.024216932370327415
0.02342919257663501
0.028324567967598947
0.05975210739222045
0.02906318061829855
0.025512605977322286
0.027094324720092117
0.02262772284875003
0.024719235552668882
0.05800465615776678
0.05800465615776678
0.030185095331010717
0.05488889192696661
0.0225884865084663
0.02708833846108367
0.041678493373716874
0.02949028160966312
0.022761990492775417
0.05635607806034386
0.05635607806034386
0.02449536256802579
0.02742179812436613
0.022400991302759698
0.021696239221685877
0.034033260748255995
0.022493987767181048
0.02816966738474245
0.024415488152299075
0.02373647825481991
0.021918991923642654
0.010138558069787298
0.022140739588066935
0.016909679632711536
0.025884410139794152
0.0452507434769844
0.02367240708709384
0.029891241271592057
0.027451521994856495
0.025374508136883377
0.036073275990784165
0.042214352768690636
0.04078548320258657
0.010309658185578883
0.03180468745141601
0.02982694503424379
0.03968791492671395
0.04601680275984108
0.0337459086587963
0.07374537977312381
0.04467276993401659
0.04856721167336218
0.03643888790509663
0.041578399622036764
0.0302374299953226
0.02831252708565444
0.02674322572614377
0.04198553553704793
0.026069520304057126
0.033333191551888984
0.030708116393070667
0.03733552479844851
0.03733552479844851
0.025423438186213995
0.04124469947108689
0.027637316602437446
0.03139218558945383
0.021848887806603063
0.024639483243227005
0.024206400238520775
0.03718811902256372
0.0482029918988701
0.02226451912506794
0.032831180687838545
0.03266528628300876
0.03314469559971864
0.023589072320998335
0.022606553947553037
0.0242685852975895
0.028936227962064246
0.028643168585840612
0.028643168585840612
0.03714392632789289
0.0328264657400238
0.02891956293101733
0.030087045826173078
0.02172337907056014
0.02924690938865145
0.035951700813602654
0.06471961009316146
0.031040516966798652
0.021555850205477328
0.028188447236122252
0.028826023518534687
0.028994347254241194
0.02765814604606324
0.02829837081313599
0.029835305417266984
0.06853403398146232
0.022021699228013555
0.03226668852148577
0.025420464483516602
0.024863501711321685
0.024619126446583928
0.02788690464590521
0.02467427267867606
0.028715283082371267
0.025762189396773466
0.023646002818713895
0.02578760919335764
0.024400187646388075
0.019272849246432695
0.02165808685608984
0.02181225611556632
0.021609633244612875
0.02068559414493696
0.02097508755764769
0.021336274413430754
0.02033924974365315
0.019498571072278235
0.020591004003654233
0.031587955134067064
0.020689197117850805
0.020029963871541743
0.024687896681328616
0.01820740371903715
0.02466154847953779
0.019003550145231807
0.022822609601619963
0.022501612935836118
0.01803224696506125
0.01901148951961659
0.0185724276121861
0.022168787784564
0.016666891135973857
0.017773847588105126
0.016633095318684354
0.02399186272872612
0.017361467957186204
0.017726049325428903
0.016667683593307933
0.016656374176188062
0.01715669916089003
0.017127015170796463
0.016785608925080547
0.03261908377908791
0.016598945738902936
0.01677056378801353
0.014957070994423702
0.015390165656572207
0.015614485651021824
0.014873075962144261
0.016171108951869732
0.015142163537675515
0.03421191004648184
0.020994331487842525
0.015715542496182025
0.021414932251597445
0.021414932251597445
0.021414932251597445
0.021414932251597445
0.021414932251597445
0.021414932251597445
0.021414932251597445
0.021414932251597445
0.021414932251597445
0.021414932251597445
0.021414932251597445
0.021414932251597445
0.021414932251597445
0.021414932251597445
0.021414932251597445
0.021414932251597445
0.021414932251597445
0.021414932251597445
0.021414932251597445
0.021414932251597445
0.021414932251597445
0.021414932251597445
0.021414932251597445
0.021414932251597445
0.06535841532362004
0.09606393193205198
0.07296759468425686
0.08348022646891574
0.10559902496635915
0.04332346646891286
0.05558413504700487
0.05958093040079499
0.05841324313078076
0.06381765128501381
0.07700023884574572
0.05150060317246243
0.07143430797072749
0.0322303575098825
0.0444858214375563
0.048432392853622636
0.046338239785594246
0.032889703455536316
0.04144678891131965
0.0406700091669336
0.027892079323452588
0.03650255311358099
0.06182437052484602
0.03168329727913564
0.03583922303747386
0.04220568854594603
0.03297670055025568
0.024321332587084424
0.048159146840528896
0.04954330306655417
0.047446765591545655
0.040184809622199585
0.02433242034011831
0.051281674249718585
0.021222478574685132
0.03571445748209953
0.03351996066281572
0.043285572788057225
0.0289402769637915
0.02503180669834061
0.04919090962270275
0.02844319205187882
0.046923728893355776
0.019425710054347293
0.029999169401125982
0.029518040454325576
0.030111239577333134
0.023992626239002373
0.018859178182513762
0.02716321818996221
0.022425699751280868
0.014771651029198741
0.017552051946986467
0.014568261635722592
0.052425409583374855
0.015493064142065123
0.012949410978859911
0.012796935354902719
0.012370339673555766
0.011848331844278921
0.01158029901678674
0.01940065367166729
0.025599666326500785
0.043347327873731654
0.04149290296947584
0.011329998312673221
0.011602363171599184
0.010959640780929475
0.01154663047908495
0.011405962912055354
0.010997609079349786
0.01168976999586448
0.027625988109502942
0.011927426259110993
0.01718973807815928
0.011149698176498836
0.02116970490392608
0.008723712869298956
0.018823946156383803
0.025940251132900206
0.014142975700475896
0.014465009603882209
0.023977444352349265
0.0144198222795967
0.01312063316310135
0.022340679722062003
0.021979377095897992
0.03394848797625551
0.025586514921160416
0.025487155886755014
0.01944841318957818
0.03381776340616246
0.025587914144077028
0.026101179068209603
0.021905032351302603
0.027162845156077916
0.0250067505100742
0.023914110145221153
0.021414932251597445
0.021414932251597445
0.021414932251597445
0.021414932251597445
0.021414932251597445
0.021414932251597445
0.021414932251597445
0.021414932251597445
0.021414932251597445
0.021414932251597445
0.021414932251597445
0.021414932251597445
0.021414932251597445
0.021414932251597445
0.021414932251597445
0.021414932251597445
0.021414932251597445
0.021414932251597445
0.021414932251597445
0.021414932251597445
0.021414932251597445
0.021414932251597445
0.021414932251597445
0.021414932251597445
0.021414932251597445
0.021414932251597445
0.021414932251597445
0.021414932251597445
0.07704589761638393
0.07184303385050346
0.06318032309257736
0.051036808884236964
0.0832807520016407
0.12174589445193608
0.058987152939662335
0.07935810865368693
0.049803004374261946
0.040159945009121054
0.05310221976988638
0.06478247944576045
0.08533019656237836
0.08949239776314546
0.07234524363419041
0.09403924750785032
0.05239656370754043
0.05903444248251617
0.052281074268588176
0.04702341430510084
0.03733582249260507
0.05418031456725051
0.04033602502235832
0.041563744667607046
0.04516006124826769
0.050001844400539994
0.03718392929450298
0.030952773524525887
0.04129487909531842
0.04899688625824638
0.04666705531184562
0.028175704926640417
0.041413968230287236
0.02533044774706165
0.04190171339044658
0.024119113128011425
0.04355929864260057
0.041476061480740706
0.04782328452914953
0.07825503142395367
0.034218867976451295
0.04311198667157441
0.025274190763399627
0.09651094172925999
0.026945904647776235
0.041510669628623875
0.02477331451838836
0.03490654815065985
0.04062703936050335
0.028998864485959834
0.03849975804720695
0.03961231490752349
0.035788500860023005
0.04111263203279426
0.04479985002389488
0.024162310072376084
0.027268775925428295
0.042370166070759295
0.021773891395811613
0.039470280084448556
0.04444325036757315
0.038142573799317084
0.03885046447472026
0.030182968883697564
0.03276320883383354
0.039023222307053705
0.04357725242269225
0.03897282161594679
0.04931474881712347
0.03476546592932815
0.019799615791610752
0.031297682910614334
0.02762105282008027
0.033696261260968946
0.03793613575127286
0.03689113991800696
0.03680577524239197
0.03410290336313968
0.0216753068077378
0.024160059653998662
0.03453078501275741
0.07582155889288211
0.030890039934311064
0.033450513830951725
0.058561906618997454
0.03827919173326033
0.0593964387406595
0.03069576169907426
0.03653202597051859
0.03571162905738068
0.028690884824997435
0.028666455153531084
0.035304474642810724
0.021925537795371687
0.04464129026591157
0.04251599994371645
0.035609865935208894
0.03933221042777101
0.03753475560961912
0.06769877315343668
0.033823752991544706
0.044370573377236724
0.029995384557017436
0.035454406196561955
0.0356189916546767
0.03475761719242049
0.03379673140007071
0.04008497676579282
0.03757875118482237
0.021896040893237417
0.03843549384619109
0.04398663124651648
0.03446320869998696
0.0212905234482605
0.05782126684828351
0.019319442043003315
0.044882691949217894
0.018522267589578405
0.018289358124602587
0.028989282961313922
0.01843502772777962
0.038448433633117625
0.030744929524759452
0.02199682653377143
0.033163326798627775
0.046798748689082764
0.028049909820159275
0.025929650495915363
0.04097060578215557
0.029561135723100353
0.07444062090013176
0.02262552405629928
0.04722262010133515
0.025214312410292525
0.013321131590443352
0.059677264882872505
0.022635062857686232
0.025411176630295813
0.027994170302990826
0.042315791699414455
0.021746855530655012
0.021785942331965392
0.012634975775144995
0.039693323764950036
0.02057373441096085
0.013784847259521484
0.04558652647848552
0.04162179908559968
0.013995256245834753
0.015330266911381235
0.02206274842765803
0.04153777503874153
0.014915183722235574
0.0273767699006324
0.012259950653533452
0.016362364548646535
0.015753676942355622
0.0166897381345431
0.01532364845353489
0.017993312551795194
0.025393066386847445
0.016424137296465535
0.013156606246096393
0.021131720960644695
0.013253225652345766
0.022650330661175153
0.019238092270679772
0.01619318697679167
0.027858437433606012
0.03311175492805584
0.019021915699898577
0.021985803124456044
0.022251419623498806
0.017214377852311977
0.01694881253759377
0.014223369385969515
0.02731341872131452
0.014366566520572329
0.012022046732793872
0.02314187415797884
0.014350984528815995
0.02652394259503732
0.020199401816741253
0.011832069802330807
0.021656825318932534
0.022641198854738226
0.030995991247085235
0.02245351274109756
0.03238410068675876
0.019967269900759373
0.017277436176470172
0.026402046064225335
0.02331612979566368
0.021291804435507704
0.01642819389157618
0.02158676757205588
0.020309057377744466
0.017620737156442676
0.023520462677503625
0.03851127262149627
0.02854877942086508
0.021003681203971305
0.028566785013147942
0.019283482681882257
0.020593142124901837
0.024343076299798365
0.022750728492392226
0.0231285937242986
0.029375763685287288
0.0218737569063281
0.02251689777787154
0.021924592776146407
0.023494585986870032
0.024166566296092543
0.021414932251597445
0.021414932251597445
0.021414932251597445
0.021414932251597445
0.021414932251597445
0.021414932251597445
0.021414932251597445
0.021414932251597445
0.021414932251597445
0.021414932251597445
0.021414932251597445
0.021414932251597445
0.021414932251597445
0.021414932251597445
0.021414932251597445
0.021414932251597445
0.021414932251597445
0.021414932251597445
0.021414932251597445
0.021414932251597445
0.021414932251597445
0.021414932251597445
0.021414932251597445
0.021414932251597445
0.021414932251597445
0.021414932251597445
0.021414932251597445
0.021414932251597445
0.021414932251597445
0.021414932251597445
0.021414932251597445
0.021414932251597445
0.021414932251597445
0.021414932251597445
0.021414932251597445
0.021414932251597445
0.09641580331760148
0.07781174286579093
0.10784924112570783
0.06610587550870453
0.052128106183372436
0.04465478201551984
0.045773368110725035
0.053089281261588135
0.07104109592890988
0.07568384217408797
0.07782383606924365
0.05213300912485768
0.058819700015786416
0.07638768481245885
0.07012144761237626
0.07180195116282752
0.04490335230327522
0.05074853034534802
0.037260585443582385
0.03821796134890368
0.04616443052034204
0.04512030036111052
0.021090868283451223
0.055283584028171996
0.03461151985451579
0.03688377255845505
0.04999817780219019
0.04359090859225641
0.05762194488585616
0.020075366389161596
0.04778885301318951
0.04778885301318951
0.04778885301318951
0.033659615212430556
0.03568525704632824
0.03482498606123651
0.04276334931453069
0.039005843255047995
0.03594382833689451
0.034591912398270024
0.043293986797798424
0.06967617828942214
0.07097269093928238
0.05262630604595567
0.04117956211324781
0.05909961599390954
0.05669585469334076
0.05064925778346757
0.04844426253655305
0.04562288208398968
0.02040547101215149
0.037576370479073376
0.036801802654129766
0.03798207995404179
0.04647694039779405
0.04227638116106391
0.036482218254823236
0.03651633417544266
0.04318219647354757
0.03008309624933948
0.04542234574444592
0.031291147163913895
0.0298169655026868
0.06053974080287541
0.042538729729906966
0.024041530151541035
0.05837894801671306
0.027874177576353153
0.0833839736909916
0.0833839736909916
0.028267986485734583
0.03231135559268296
0.043981066072980565
0.04420993313038101
0.06148724477582922
0.062042635288089516
0.062042635288089516
0.029975135087346037
0.02216788867333283
0.05825904441842188
0.05775163127109408
0.030395365722166997
0.05652594037819654
0.03299032719961057
0.053168130558915436
0.04454365579333777
0.039529727975217005
0.05028742546060433
0.07387049352284521
0.07300092239088068
0.04263642167362074
0.05080099505682786
0.07259213219241549
0.04944064673501998
0.0450893522783493
0.03272248693586637
0.0458712093733872
0.04256950066424906
0.05777720790666838
0.06315104725615432
0.018881761205654282
0.06180817344070723
0.06657899319970359
0.06291665704765667
0.018191041504809012
0.058942564595490694
0.0657965597898389
0.02936570637548963
0.06145414136660596
0.03759400018878902
0.0423928538399438
0.031495684639085086
0.0319020309803697
0.021910584024929753
0.06608483710015814
0.07960243175271899
0.06128997014525036
0.07532762225251645
0.02066892251605168
0.0662923867146795
0.03277345322848608
0.05484333309888219
0.06839967265725136
0.062273356754643225
0.0321599799192821
0.06964987135026604
0.03028835930240651
0.0618915444239974
0.055725040159498654
0.05016129028828194
0.016175265985851485
0.03689308143686503
0.01952498484965569
0.010605608455371111
0.0644565197173506
0.018643777209799737
0.031057192212125908
0.06273426737170666
0.03761519268077488
0.028493173129002874
0.04593488075925658
0.010864078276014577
0.01913263144902885
0.030558009218657388
0.03416159775612566
0.05753259044295798
0.018621067584220632
0.0184398850662789
0.011586810617397228
0.06048459476713712
0.012312557559926062
0.04812582806296026
0.021073885632989307
0.010748860697106769
0.01085303788461412
0.014235418719472363
0.02210569166151496
0.011774721902329475
0.012511625257320701
0.029450691833626478
0.021414932251597445
0.021414932251597445
0.021414932251597445
0.08872181431856006
0.0853215735196136
0.06160708919245129
0.060889151899997766
0.07195602079931025
0.0640020399269027
0.06585434659228971
0.06635105783585458
0.06685861342120916
0.061239374639311187
0.07350377752290417
0.07118018557550386
0.06913635299153005
0.0667432058796597
0.07016152944027756
0.053476424931238095
0.056872546340649324
0.07117947257356719
0.04456192554983621
0.06915758597664536
0.05442849892191589
0.055873644206828124
0.05368385358558347
0.05443640073683734
0.054540280434302986
0.05429584484469766
0.04197649732775365
0.04583133694482967
0.04583133694482967
0.043872522687694676
0.043872522687694676
0.043872522687694676
0.043872522687694676
0.03797963364282623
0.04246840628795326
0.038170299904110534
0.04368672219415506
0.04368672219415506
0.04368672219415506
0.04368672219415506
0.053322161736432463
0.03033328431619642
0.04450919288831452
0.04450919288831452
0.04542598066696276
0.04507807413581759
0.09950378393443922
0.04173036554634261
0.04336196821803848
0.04515423456517358
0.024392365044526135
0.03523115577020993
0.06228849494907384
0.052258096636117746
0.0542128803456823
0.0542128803456823
0.021785074365131246
0.057055779407576966
0.060528688332997266
0.0624501913615192
0.02089277172732788
0.05820582082495093
0.04038565081699441
0.023704285963710086
0.04170342571567744
0.049995940492954104
0.05705255532482018
0.026172817913272108
0.043072189410837985
0.043128349873392535
0.04625101887388155
0.019406823647441344
0.04239124999769653
0.019887239173597967
0.0416764887693959
0.038412402347506334
0.03530180677868581
0.03472625393110017
0.04303534600573281
0.020996597580766926
0.023604209266680602
0.016306015326020617
0.042066670692681024
0.015624170927718903
0.02395742626550297
0.04901876390368367
0.025882547667715698
0.013864568590652198
0.012073167485650628
0.01268787584772023
0.022437600696769852
0.012452483004502331
0.03961794345717256
0.02349669695055733
0.01222187350775736
0.013068326491629706
0.04024904770213955
0.013006666044627005
0.023459711113634207
0.02326579503870259
0.024711593252917132
0.014921270837076008
0.023455112751495713
0.014073269452201203
0.021475235120548556
0.019346286149229855
0.026248794125082592
0.014818622178087631
0.013996917401673272
0.03471811055787839
0.012176401050528512
0.02238688998312379
0.018679301274629932
0.018101424796817204
0.01339453983392256
0.01342438574686336
0.018846157285152
0.019737014210550116
0.032068093869602306
0.03148028870113194
0.03289081783033907
0.021414932251597445
0.021414932251597445
0.021414932251597445
0.021414932251597445
0.021414932251597445
0.021414932251597445
0.021414932251597445
0.021414932251597445
0.021414932251597445
0.021414932251597445
0.021414932251597445
0.021414932251597445
0.021414932251597445
0.021414932251597445
0.021414932251597445
0.021414932251597445
0.021414932251597445
0.021414932251597445
0.021414932251597445
0.021414932251597445
0.021414932251597445
0.021414932251597445
0.021414932251597445
0.021414932251597445
0.021414932251597445
0.021414932251597445
0.021414932251597445
0.021414932251597445
0.021414932251597445
0.021414932251597445
0.021414932251597445
0.021414932251597445
0.021414932251597445
0.021414932251597445
0.021414932251597445
0.021414932251597445
0.021414932251597445
0.021414932251597445
0.021414932251597445
0.021414932251597445
0.021414932251597445
0.021414932251597445
0.021414932251597445
0.021414932251597445
0.021414932251597445
0.021414932251597445
0.10787006200446436
0.09821709250255177
0.09075727590514968
0.07574767422862351
0.07560642158923049
0.06612754874009018
0.08374160433653742
0.08793167958656947
0.05626767082527901
0.053572762950789186
0.06836511135023708
0.08180576181116825
0.049513549498127155
0.04526029155007563
0.050664892299876856
0.05240904832491651
0.10768948019171755
0.053245179522782564
0.053851758195863415
0.05824145752005279
0.052244007625461865
0.04029843279936662
0.04472076583576078
0.08452378560245657
0.08635687571174154
0.0577499411542279
0.05130834872911995
0.09537468845645587
0.04844681401348983
0.03339670119884734
0.03947961207789679
0.048076834885869175
0.024695212410297245
0.06384050009772181
0.08377367051783949
0.04640809552666421
0.06011060385343929
0.048970110167283566
0.04055625577146808
0.0320636033367676
0.03499188619782217
0.03127105899620801
0.06408790498816719
0.0366500613388295
0.025839968311289947
0.04049337728259464
0.03750802695479554
0.03506842970770473
0.03151411258615553
0.03286297848060106
0.04446773815512036
0.03625323211075738
0.03802613510051742
0.04395680471633871
0.03642194930231199
0.03368929316755384
0.03149861915813138
0.03170590416334259
0.03733794958796352
0.026874424729612656
0.023961578702243667
0.02917774472463255
0.030089148671055832
0.03305658593424596
0.030291054266660164
0.04888413223282744
0.03868457990465686
0.030068840399229278
0.022864473530983864
0.03389772469527088
0.0352422003261745
0.03712812015398716
0.038777521334122864
0.03245277206801499
0.015222327788554443
0.02206939350250953
0.035287877360048396
0.036117112833308054
0.03512302140394847
0.03352508778683841
0.03563925280119293
0.031051293949907025
0.03180014660892387
0.03292697053868324
0.03738102013788496
0.01928544767065129
0.03649545875882419
0.03299175691790879
0.03304889566730708
0.03723721225823586
0.026931581387761982
0.03973341629374772
0.05857405707317715
0.0634546383555668
0.03050821666838601
0.03975944029632956
0.03512877518932025
0.032373919224676986
0.023853454930164542
0.02483873959708338
0.04663431358601277
0.025519459194038065
0.041947143474438536
0.02774958558070163
0.02600542105734348
0.026833667161602837
0.032567052225737525
0.028083697761564205
0.02261274567785828
0.027478112521348522
0.017075507852908536
0.01796590627268112
0.01697717698077516
0.022351850479026325
0.020146157292765567
0.023245982070996738
0.0380367890970471
0.010534558133998265
0.019569980072168012
0.03431398902864506
0.01798844500153791
0.019439532440931846
0.05224284189365183
0.010555150664877146
0.012823132303698609
0.012850164036111285
0.01507119221884447
0.020193434988614173
0.01959144834894687
0.02239914609856593
0.023341758543004593
0.04546958254417405
0.025842358915833755
0.028117157780798152
0.04692482846944283
0.05907845147807772
0.1111028103188922
0.10126683109284688
0.08891899979052444
0.09122484694855909
0.0774998013380294
0.09039298016112297
0.09977395897731185
0.10395459446124733
0.06098812204591619
0.07988258109544404
0.04313661490062562
0.09526279456020954
0.08983807987067849
0.05767342942456404
0.046483494247853134
0.037949920899700375
0.05698980773682706
0.06215490431369593
0.10342412514456858
0.04003738168588219
0.045928765006441004
0.03879308810418782
0.039400237419564894
0.06776468688777337
0.05590681965152423
0.04507225570773395
0.04493297279152709
0.07221820971773317
0.04810036954198343
0.04244516048541603
0.039154951258484894
0.039245693243962404
0.041216857564868405
0.050069565900291005
0.060352399765203395
0.0499931593084087
0.06183977597470706
0.05348243691919682
0.052238517217726134
0.05310223588448328
0.060505723151533554
0.038163027997361494
0.06212794810223083
0.0714195843359145
0.058232813480620586
0.06591225953074172
0.06591225953074172
0.051589856680172186
0.09108545111181836
0.09108545111181836
0.05988457207257549
0.056302385938664275
0.06875468958790104
0.06875468958790104
0.06875468958790104
0.06875468958790104
0.06875468958790104
0.06875468958790104
0.06875468958790104
0.043589945710264144
0.08290292219569285
0.06033429166612526
0.06033429166612526
0.06033429166612526
0.06033429166612526
0.06033429166612526
0.06033429166612526
0.06033429166612526
0.06033429166612526
0.06033429166612526
0.06033429166612526
0.06033429166612526
0.05400592926268776
0.05400592926268776
0.05400592926268776
0.05400592926268776
0.05400592926268776
0.05400592926268776
0.05400592926268776
0.05400592926268776
0.05400592926268776
0.05400592926268776
0.05400592926268776
0.05400592926268776
0.049406455292288834
0.03580493362930914
0.03947828189508679
0.03947828189508679
0.03947828189508679
0.03947828189508679
0.03947828189508679
0.03947828189508679
0.05719492697933068
0.038266256395727394
0.038266256395727394
0.03687264030682855
0.03687264030682855
0.03687264030682855
0.04444316739061226
0.03438776978563207
0.04360552075862264
0.029788779186783357
0.05126351697991292
0.035785029326022295
0.05172026536660269
0.03850033782888204
0.034334023871924725
0.03158515059311564
0.05272875569450359
0.03244730981299654
0.019367530727759003
0.03292607466690242
0.04453737873622837
0.028765004478239764
0.02507858764807073
0.03600006596650928
0.027426054719059418
0.025647941644613943
0.029276160183362664
0.03103274415091922
0.019738274129728475
0.019392035480123013
0.038365791554097084
0.041170057632649935
0.039372053984552624
0.01674598975883176
0.03499861773181086
0.020294200693412374
0.04053446269128472
0.023603525157086552
0.04286529417460164
0.03752928532815228
0.04949843287002295
0.05690072666388005
0.0512514226231724
0.047681689620173225
0.03772222890906657
0.03294844023844538
0.021414932251597445
0.021414932251597445
0.021414932251597445
0.0785896830772981
0.06338425686660533
0.09257607747412597
0.08659218585661922
0.0865059832111001
0.06056555318956574
0.09464683437836356
0.05946589482016861
0.04192554094401809
0.062459560252415634
0.04963356546941213
0.047778144207162164
0.08948119510741283
0.043112886570161206
0.08324432014720515
0.04605330701723384
0.040815798955736685
0.04622068414231762
0.050313685247674586
0.04599361804702009
0.037563831554725764
0.03726967030903325
0.0418173325395522
0.02880294880247675
0.05781681704490135
0.03965184135905778
0.042116759487738215
0.044864257536052415
0.0376236670910536
0.044109751105230924
0.044570902259244274
0.03748793523098963
0.0583150427772974
0.06645651905642201
0.0500549934610414
0.04879631322187682
0.046725784783096365
0.04237961639960607
0.04160342451456624
0.042408188159267106
0.041881410697630295
0.03839245920147126
0.03937787594196076
0.038317925025088094
0.04006445165995198
0.05411217474223425
0.04567598006532838
0.039170148333068935
0.04324232856859453
0.03975684616714716
0.04019290615338832
0.03955144949257374
0.036867957059293986
0.03805960756571342
0.03269004457940658
0.038402142412184426
0.03763521840718265
0.03590061506954953
0.0321605944315282
0.03740133721769477
0.037419857669932145
0.0375812874858578
0.04293096624159565
0.03491688120411709
0.038959381215584774
0.036563630614740154
0.032958068230655044
0.04047701738153895
0.026906545740397025
0.03646760792781909
0.040718573689227926
0.04655904040594275
0.03620252405914168
0.04176869068294763
0.037511387054498
0.03431083109074583
0.03490046438217784
0.03616759299843882
0.03747695174611484
0.03329212307929993
0.068860304125119
0.033274403505492954
0.035939606787481655
0.038218868565745655
0.04079201916775976
0.03801496153115295
0.039165590261109176
0.0394737776562882
0.029160335829947145
0.06339598311111332
0.04425139803361768
0.051178316946607086
0.032315398356877266
0.04896267375831182
0.03750819148340573
0.030029469747872403
0.03885210659044484
0.037726952819308886
0.030552088818512856
0.0338612589558276
0.030560614381489964
0.0335582550878947
0.03435422041298201
0.034209344391711055
0.035409639300778506
0.031035193206431964
0.031732922149046015
0.02731486999041711
0.03487184500166526
0.03336440834294384
0.033522009464601675
0.02943781327223405
0.018442162270657717
0.030445461517665535
0.035797635595469425
0.024668666378129273
0.032013965669708946
0.031306573497131465
0.033822155279728275
0.04099791810382158
0.024475978890356298
0.03239078378227229
0.036722132901195435
0.030355229633084187
0.04024240502311538
0.025005233169843752
0.021192487511822643
0.03313239745174845
0.0410205888034155
0.03571050435615083
0.031619815689045934
0.03232767231684799
0.02481590592768043
0.015615691229274186
0.033170643305250755
0.0243199232868695
0.029532322190352716
0.042525673053072144
0.03591665721614845
0.021414932251597445
0.021414932251597445
0.1085618438416471
0.10388705915460984
0.07079530893824995
0.10167041949617366
0.08741919833545883
0.07499539820322146
0.04512042143964209
0.055502747313585135
0.09934338059586784
0.07184172713508209
0.0452994001780947
0.05141568277652065
0.07849744483906154
0.05652699649023513
0.035557226704744004
0.047438057044831415
0.047964055825335285
0.06185236867206792
0.040905219089084614
0.05007858324640741
0.057026019460366416
0.04022905491408892
0.038166134209216884
0.048015456361075244
0.038055983127948514
0.051924069988696524
0.04411261317591804
0.06475656016419332
0.044827262342441825
0.042198881978013865
0.0363143868096328
0.03984827105111132
0.046176485302858054
0.03239146164346797
0.04353391445629919
0.041896763020195064
0.047698327197382845
0.0228750434005633
0.03558436368980134
0.020932141467928888
0.020421093891297155
0.041864772632252426
0.04996067562761406
0.017788212423135216
0.03415313732499878
0.0339323982646844
0.02234856318294381
0.046501448934044065
0.035130043708874535
0.03306283064807455
0.058385337776659677
0.04490140813868493
0.032791843606779975
0.034726696586003525
0.04544470984566336
0.01952340500235247
0.04454432604601607
0.0435774855564038
0.04132526159286499
0.0304962009890005
0.034182433209692435
0.048156471104982
0.03026342500389243
0.04523062042581538
0.03744892850207786
0.05906407334686568
0.03780089518831422
0.05505109438827882
0.0561673079097333
0.03737869852067282
0.03525025346005956
0.05549749020797511
0.021573823138605803
0.040256383242861675
0.039510630926427745
0.04193107472965494
0.0363777010437722
0.03382485324400477
0.0508886408386752
0.0501436044590082
0.05025392495561391
0.03678251526706541
0.04117787271660442
0.04216640712150062
0.028297883461539945
0.018568946207718304
0.02190196341718547
0.04332474022793273
0.03956467662549888
0.03642002792408069
0.02576450433349237
0.020716115647228434
0.04154242481648301
0.0478508459792162
0.04421614825880776
0.03588156879413873
0.039857059546435876
0.03206414654152468
0.03012772843222289
0.026587065893302984
0.028346060811697195
0.04382256719283759
0.04835479488208269
0.028861579404522976
0.03910861123353243
0.04016602063629155
0.03856418527973195
0.029428107893521276
0.028597068457553783
0.03635748342804921
0.03079659928412487
0.01797916162953091
0.03316243401185299
0.04756449339445681
0.032309834997480115
0.04098809418423722
0.03527302060509101
0.030486844007391482
0.02927491583318139
0.07817394350500156
0.03398414195670436
0.034951137637253854
0.07125058340684821
0.07125058340684821
0.0215807164060728
0.025708643548035374
0.030859135715290906
0.017010347467536727
0.055177429688628765
0.032812054625246674
0.029066915564083806
0.03312198760376001
0.02168271225799496
0.028665752344143886
0.035066259275966634
0.03668158000645538
0.04774266142630949
0.03404669336897011
0.03128936499434834
0.03024561386128577
0.031499605850161365
0.02591927629041796
0.030271058176488928
0.040071016333531585
0.035257499912404455
0.03143047651896874
0.03591689011470104
0.026137274604601166
0.016325092278808975
0.028516958174295722
0.019825909040130985
0.016980064439509685
0.02549315314274281
0.02929412153471882
0.021279948186905432
0.03484815085151543
0.032580617185449225
0.030768831565316457
0.015133237024225915
0.02734710508491844
0.03094467698208367
0.01331929775653407
0.014284837446175515
0.042600960641478496
0.02102930783953828
0.04099529328600814
0.04676156614907086
0.019103367219407422
0.03665562348983561
0.03091739590667809
0.027170336708271254
0.031789461911345525
0.0421742928486007
0.019805909183342008
0.05405797763494775
0.05800434304013227
0.028742891331203283
0.057308436942597234
0.06386255422141403
0.06499950884841382
0.06499950884841382
0.027166620584127183
0.06103005169114719
0.06103005169114719
0.06103005169114719
0.031055184881746148
0.045328482736367734
0.011796055990271271
0.05768781544174999
0.053432136015035214
0.058768583245885866
0.055302219779696314
0.012752475012869885
0.0205225913793159
0.051971861481821785
0.055715284583469235
0.053567460624035446
0.05996270344747851
0.05996270344747851
0.0382459300958241
0.013840754450454067
0.06034073108341545
0.06034073108341545
0.01156721249455586
0.009637692173710093
0.06127427930478006
0.040072990353219214
0.05949684293785443
0.030417149733984843
0.05605436588637531
0.031039561397240806
0.03877766434491302
0.03358525361516513
0.04680217662360519
0.022217081879110385
0.012058285449941954
0.011000527303355436
0.013240758808872972
0.03645618229561175
0.02186371426214464
0.026474225147782516
0.020230667401337995
0.022286539697864403
0.03484666639356874
0.03484666639356874
0.02032289593790968
0.021285499656417718
0.041334802280568204
0.02134424672733682
0.014587081982754171
0.02279587071505375
0.022691239641280846
0.043858401572409396
0.017149502395186575
0.03813908999591755
0.021414932251597445
0.021414932251597445
0.021414932251597445
0.021414932251597445
0.021414932251597445
0.021414932251597445
0.021414932251597445
0.021414932251597445
0.021414932251597445
0.021414932251597445
0.07809860896008711
0.0749022507877089
0.043963465055761236
0.03449230642601227
0.02875341440550983
0.06942712642873326
0.041660698467943194
0.03955653084325604
0.047490919796206676
0.03874153323859597
0.04294024300063029
0.02696123881964013
0.048609437927370894
0.03836832555010915
0.028486285938027624
0.04131493308154555
0.03641189568908885
0.04567408905830234
0.026369980385061352
0.040299619906581936
0.027095239295158537
0.03505066942734023
0.023737443551265947
0.02650501932327946
0.02503100492525846
0.0222270975021335
0.02710817106611406
0.025228312312780568
0.02480961480915236
0.02385539665662994
0.05131893071190764
0.026597050783069183
0.02464164870791137
0.017804311042030653
0.020374653385952114
0.0866477558001255
0.0866477558001255
0.0866477558001255
0.07354589024093001
0.07354589024093001
0.06181342655171951
0.06181342655171951
0.06181342655171951
0.06181342655171951
0.06181342655171951
0.06181342655171951
0.06181342655171951
0.04897411450122793
0.04897411450122793
0.021154703337233512
0.044813334872790926
0.044813334872790926
0.044813334872790926
0.02094785978940005
0.044973081313849736
0.021838353509859493
0.02294993867476781
0.024300593953618468
0.025605128856259398
0.0226783480697001
0.03036251275334507
0.022094855526617416
0.04360926294776921
0.030971843907609584
0.02196925150230527
0.023144805524498224
0.021208006954208637
0.027411666825258484
0.022226837261890373
0.013526188584122186
0.03157350985643764
0.0176480968973677
0.024249405482939135
0.019218954019597733
0.05310660211136565
0.01673359036600838
0.03376535957523932
0.03982417288934812
0.014876153735288729
0.03875128807500005
0.031292847889320304
0.012696324312904229
0.011892958101040373
0.029465206239838154
0.010895663112557182
0.009509430968513092
0.013556230987499779
0.04317522334633395
0.012654231703684975
0.013242529450217262
0.020304420078949382
0.021414932251597445
0.021414932251597445
0.021414932251597445
0.021414932251597445
0.021414932251597445
0.021414932251597445
0.021414932251597445
0.021414932251597445
0.021414932251597445
0.021414932251597445
0.021414932251597445
0.021414932251597445
0.021414932251597445
0.021414932251597445
0.021414932251597445
0.021414932251597445
0.021414932251597445
0.021414932251597445
0.021414932251597445
0.021414932251597445
0.021414932251597445
0.021414932251597445
0.021414932251597445
0.021414932251597445
0.021414932251597445
0.021414932251597445
0.021414932251597445
0.08268038043441872
0.09256068504570673
0.057113188058913994
0.10188690822571517
0.05913531106896699
0.05549110238595555
0.05594622576764474
0.0507892449789991
0.0319443772919476
0.04283974767740195
0.07164279280463233
0.06317746880153816
0.050444688622374084
0.027984816303942353
0.056314569991858056
0.057536731655709446
0.05338462854269892
0.044056779592453195
0.042990701890860995
0.04631284814987642
0.06537641126895323
0.047815911511424926
0.03601039243706813
0.0322658644678692
0.032953859597910196
0.027620101204762857
0.04486864868861933
0.03185779070210022
0.04401263183914125
0.04164173339648793
0.041873287288472054
0.032151137540349733
0.03664637418153385
0.03137684372641767
0.040515733156353234
0.028846183071145788
0.05398427699770158
0.04126961852229821
0.032257324748982984
0.040431866973328096
0.03061982070095837
0.03370730854726086
0.042792937389264506
0.035545110095602774
0.031833213570450124
0.03418393436392459
0.030775765214348213
0.044811847859527916
0.0637001508862401
0.02893786760008273
0.027074070579061905
0.03904293314088136
0.05411552745305623
0.027778977716031175
0.06238508422044106
0.03268135555787012
0.04742555126664229
0.026249982924200596
0.03977992230793461
0.04452737659448758
0.025618839942617343
0.0470021355280187
0.03783720826186861
0.02409239224468668
0.04032827166064332
0.03420877505792305
0.021166716798519093
0.027806731822590032
0.03706054274109192
0.04575940981352081
0.025023463855031878
0.02969198301512127
0.02860268292327722
0.025732701148372145
0.025995740265740704
0.030501142749950912
0.026951848587874944
0.042064400655217465
0.02415162103017792
0.0274963187375882
0.03957086878091407
0.021896917452880492
0.02631124487767617
0.024489718344217787
0.0333528950298205
0.024793226485295843
0.0378608699538745
0.028511004676693118
0.03860452600910018
0.025554044625411432
0.03340977707062848
0.03965220364974811
0.028282398817439873
0.02688932927713419
0.025385503662594903
0.02126502931874711
0.026273755239478003
0.04433306224566574
0.025275584572615722
0.04719535997758309
0.02022245301050134
0.022411152115091683
0.03414257617046436
0.019706004489950524
0.022861139707577725
0.02727937061417227
0.024051552599606413
0.022287775462803742
0.019255583426759888
0.030897592360464236
0.019998438238011052
0.027272608613129704
0.02119450350039794
0.02817408853559755
0.023356061103016447
0.01391025552235078
0.017323245645772357
0.019249059199161516
0.03184228745754808
0.018663204543020888
0.01993410477957999
0.021310651599196716
0.0258449752710294
0.011102939692597525
0.020103880529059096
0.01861999617210434
0.02059285545217184
0.011679587197722868
0.019427731772884725
0.012104644175851718
0.02626429499980683
0.017371267853692796
0.0482713570445776
0.025353514497013143
0.03148071532292913
0.03424133549560793
0.01317782272817567
0.018121021062834187
0.03537650619090224
0.02460310673069519
0.011981137743763005
0.036851260859208805
0.023943016049840178
0.01608205569558777
0.014540707686295113
0.016999386933942637
0.03798710568187137
0.021245036816690117
0.020503355316468515
0.029033678994358828
0.021457870127633213
0.01798644208116457
0.03455208744271658
0.0399311047718705
0.0326912534419292
0.020840307051160682
0.09464739045749108
0.10877727048782011
0.059684003392855324
0.08665623544094463
0.0920794028043747
0.05983164921286516
0.04199141040172738
0.04934955989553903
0.03705667025099198
0.05169684708545295
0.03772762904409319
0.04616187060911519
0.06629446311465775
0.04046827421019164
0.04046827421019164
0.04043019067146816
0.03483452899265103
0.04926276347755144
0.034946580447722225
0.033402851410210134
0.043074806161845725
0.04030016566704338
0.04794369034934789
0.031041392902067554
0.0395021185449635
0.031642357534728945
0.04704587639154245
0.03300243378655675
0.03743145129720991
0.03190203796994562
0.04646594470056395
0.04418738678524581
0.03488945584123333
0.039348978819325565
0.037939139262307436
0.030039379610291992
0.03411330819285164
0.039878825588384646
0.03950329295708798
0.03745383869080494
0.04250804143065276
0.02877695141088528
0.03450363404621991
0.04774911847974484
0.0423042070811304
0.02327016114916963
0.030598054693546147
0.04951027027874564
0.040577022427848226
0.024140384637285024
0.03550173564814031
0.024996996835883085
0.023450806722588216
0.02110546247451566
0.039617321404318014
0.021704442577514176
0.036149990846558164
0.03668370859464631
0.03176037112716586
0.035600833079467216
0.03678571780677885
0.038140060388638326
0.032357603174168616
0.04252898993048196
0.03568114087296029
0.023756211954168976
0.03657629855442792
0.01951508676322798
0.03490503770687307
0.02783849647656704
0.03210204275712992
0.01597261016489938
0.02864309066052859
0.02532126964457954
0.01605913393975546
0.027448620117114235
0.031293671236683925
0.01543962218100205
0.06607227977753306
0.06607227977753306
0.032219126011089734
0.048451996244645364
0.048451996244645364
0.022894006319887316
0.03763799904923265
0.03763799904923265
0.03763799904923265
0.020305779480452958
0.015290136671780297
0.03358766905342539
0.015135081574165573
0.043224812936193
0.043224812936193
0.033538766792044046
0.026882472334546038
0.04190440023861205
0.03149457067095985
0.029892992589933175
0.043618325338078044
0.02787188980107506
0.015967679653549567
0.027492651539699486
0.027713326124746043
0.028320154147998742
0.028759578183914225
0.0290312927782846
0.026488957871915773
0.027512487845184903
0.030009825823362916
0.035626086992366864
0.028953801897199205
0.027680587229163698
0.025127848258513646
0.058092424350325016
0.058092424350325016
0.02654689015277351
0.05189223057357594
0.05189223057357594
0.05189223057357594
0.05189223057357594
0.030050228263717144
0.05216145322347681
0.05216145322347681
0.05216145322347681
0.05216145322347681
0.05216145322347681
0.029077959874800097
0.05097936334243665
0.05097936334243665
0.047731927304218214
0.047731927304218214
0.047731927304218214
0.047731927304218214
0.027790449355573704
0.033493004695822795
0.047102991345648965
0.047102991345648965
0.028719908750305573
0.04893131436003993
0.03082755700762694
0.03212049163489913
0.04762630572697769
0.02885434843134135
0.03100322377421738
0.0449921403809761
0.029022441500176986
0.03667823295729856
0.03388985001326849
0.016495718624598036
0.0212056603981182
0.034923945135281735
0.01730189038828636
0.03254936927463859
0.03253015918812404
0.020622973862725
0.01824658959871158
0.03392110107466578
0.03413123749080114
0.031460591413585155
0.018421058519161305
0.025004468912569185
0.03332436447652678
0.035320258293068035
0.039080422101542354
0.013186219258544346
0.034708916861951974
0.03911631546293696
0.010848851703728239
0.011230823491544773
0.012720910555993517
0.03168312405352481
0.011886524345415334
0.010441171475298081
0.02510867513134144
0.02317161934256243
0.01805574178889704
0.02446579637704417
0.021414932251597445
0.021414932251597445
0.021414932251597445
0.021414932251597445
0.021414932251597445
0.021414932251597445
0.021414932251597445
0.021414932251597445
0.021414932251597445
0.021414932251597445
0.021414932251597445
0.021414932251597445
0.021414932251597445
0.021414932251597445
0.021414932251597445
0.021414932251597445
0.021414932251597445
0.021414932251597445
0.021414932251597445
0.021414932251597445
0.021414932251597445
0.021414932251597445
0.021414932251597445
0.021414932251597445
0.08856041267359008
0.086949276959834
0.11244862081327786
0.10678091478844484
0.10706744923721999
0.0726369158977953
0.07942197357925276
0.10134303863315533
0.07663677299395204
0.11034570740225415
0.10421410589944571
0.07121930212403337
0.09196844707708805
0.06357388256738583
0.058853354001961025
0.07873381961757939
0.056223036851733924
0.055956870719480016
0.07163920959457755
0.05685656195972115
0.056014701958435276
0.09049524571746588
0.06647854508521656
0.06599074606162807
0.10686026863288134
0.10686026863288134
0.05247179216821678
0.10701216882870843
0.10110302767405907
0.07596899656268458
0.09373114181216806
0.09373114181216806
0.05535948917735368
0.07422012107912451
0.06349168126781782
0.04492064296811198
0.053347325269132856
0.060744178943956895
0.05825724810672303
0.05975516327656805
0.05404477974632755
0.06337884100309263
0.02575997782483076
0.05910346637790402
0.05910346637790402
0.05756224784689645
0.038055638525014125
0.05838972403667867
0.05838972403667867
0.02551216963484573
0.050366038473633426
0.043152016556511325
0.04291548241240283
0.06039614553097636
0.04204602276246684
0.03695394216105342
0.026005858456871162
0.048929493533602604
0.027841091697725157
0.03774999126442708
0.04215618721015441
0.022898091899308685
0.02663770074218822
0.03573773367058796
0.023078439767705277
0.02439186518196948
0.019795771857801205
0.03319192614794398
0.058535579898549864
0.026150938862701877
0.04172375131320829
0.03247427800437436
0.02754781434002022
0.032576366713425765
0.03250835454440676
0.03391655916968982
0.033255224116922666
0.05074844082041333
0.04656772162299603
0.035939820776693526
0.03928184035932645
0.07194926978865017
0.05919142129365355
0.03098894584264296
0.035671997206518424
0.041745450919649256
0.044847811255604025
0.04197775345838939
0.053190305505413565
0.06268649380033214
0.048114979254702726
0.027741695332030455
0.03724051272807022
0.028641537063134215
0.03146485746217271
0.03526451337345255
0.03506187079280305
0.028310323553159832
0.029092489091757063
0.029938844739614674
0.02893371393166793
0.027937276856585716
0.022341439225710927
0.05702972889256974
0.019849951358046382
0.027693765778870633
0.033346068697671094
0.03301780974802872
0.03257547553783904
0.013841786816871414
0.03902315803493062
0.05968164893255259
0.022101913251487228
0.013638231429116179
0.04578993570447589
0.04679166200493152
0.038448120614824194
0.07091696846609315
0.013940671761520206
0.03563186953038288
0.046258431056048724
0.013466781252063811
0.012834837312499682
0.051818191101774574
0.021770975998952054
0.03049452227462704
0.03196760449791327
0.024600352971659353
0.05308102743312096
0.012578932455119988
0.016081331805714097
0.0177401819662191
0.034062747905263674
0.05821055814623833
0.04002151784913925
0.013305496960335101
0.03607414640990707
0.015384836692440633
0.012931064852358152
0.01219833039989074
0.013086972187350814
0.018354617708052197
0.018510784773388876
0.018405401361330103
0.020417362303317834
0.019649351410722982
0.01862094599986449
0.019456322522213063
0.025353533601931606
0.021414932251597445
0.021414932251597445
0.021414932251597445
0.021414932251597445
0.021414932251597445
0.021414932251597445
0.021414932251597445
0.021414932251597445
0.021414932251597445
0.021414932251597445
0.021414932251597445
0.08070002967802187
0.06993153591640294
0.08565118370112032
0.05790774050168693
0.04532021226749445
0.08413019349177678
0.03811378420252974
0.04866607424415027
0.0509263810957782
0.05539710401867827
0.04544755366553242
0.04276121778413653
0.0692058032634668
0.044416263504729915
0.03908276371580238
0.04210021156196793
0.0471611558762379
0.043169227954931555
0.05051124878693372
0.04682621501463776
0.03961836299393326
0.04021508417480315
0.039201523528899995
0.04582626877818256
0.04602682527154684
0.04748303575829292
0.031041280674592903
0.04494968737320353
0.043865521140396595
0.033434184996876865
0.03721469722959834
0.041381252421997486
0.042696997929985325
0.03991167934572635
0.031878569438122215
0.0431646355202732
0.0348836853603522
0.027779683508949046
0.037870028839291386
0.06128861816910406
0.020286804783778888
0.04419591546485511
0.028808687473647298
0.04598563064665844
0.03206737875860805
0.03811114099187156
0.05595012778881937
0.021973733823009146
0.05333073451959838
0.023836379780550487
0.0360009151052994
0.026491626497978964
0.02805910762748681
0.028097165495855735
0.02565754617758406
0.038843567956549425
0.016508601854632918
0.05264863532502204
0.02869934218120761
0.02542781937052496
0.02493481755295458
0.038078815373204025
0.03913530551440393
0.015226078680134378
0.027048508232304206
0.028934405377173487
0.02532679577707313
0.042209413342643526
0.024479786116474618
0.038056320057561
0.013876395213107268
0.012896399159023228
0.041449494681631525
0.02536389177471089
0.054721561665646734
0.05180285294695447
0.018698983700790754
0.05091273728990928
0.01751263026477924
0.01682710703035506
0.0148904437480572
0.01738335485647743
0.04378452350307877
0.01271289563504979
0.01224588468282794
0.01089220002410002
0.02641695740244662
0.02930590886855498
0.0942917780081431
0.09000691165216267
0.09000691165216267
0.07604773428523913
0.05757557936633627
0.09725471910554916
0.04037668863544241
0.05498211610130966
0.05583692818880081
0.04154398081397327
0.040033701225183904
0.044239769513563565
0.050940717636452366
0.1115951656193162
0.09059819400465736
0.08027314352492491
0.07723932669187586
0.07723932669187586
0.07723932669187586
0.07723932669187586
0.07723932669187586
0.05811122755675266
0.06095447611995041
0.043674963792630785
0.053564560430434845
0.061965212199526526
0.05996012611625095
0.03994247595701988
0.0725753344828263
0.03418777165701613
0.028293695658988628
0.05186666820198298
0.05186666820198298
0.04677146034121203
0.04693806756598254
0.05021322652076681
0.04951552484650165
0.044785376835304
0.027984744786517694
0.07059349090869849
0.051496503038021425
0.0324215209899315
0.06462474823463708
0.02724243638687767
0.025408600451191886
0.042263367093012975
0.056042086298887926
0.02498430716106668
0.024545502219116316
0.03790794974192977
0.036984211220405995
0.02779423408365498
0.027388122523746762
0.022482065401272847
0.02529095214830401
0.02743976122078796
0.026263043135404587
0.024601636354345827
0.026866382029062757
0.07509383144478003
0.028016127166338264
0.04803817824305345
0.047827010672384256
0.025237539504887538
0.024101311701815575
0.023282282147556545
0.06601004477279881
0.024427945728724202
0.022986099753373613
0.07497211045119911
0.022748988710033398
0.02958538567724948
0.028972732440258067
0.023527046016727886
0.03297629200814602
0.02808804456687843
0.0205336934607476
0.023205361843962845
0.05291481367157151
0.018899655625379333
0.021999444560691094
0.020922213743130365
0.06597456959541886
0.02642796319715368
0.05825297359998027
0.018785362909547985
0.016981189041398465
0.025100199485120052
0.033829770740121605
0.020785958369766985
0.030476815220123778
0.030062677618504192
0.026546973186389853
0.027002163997579678
0.03135903204830053
0.032011025664008534
0.027349339294596577
0.03340575203571158
0.053226617090404035
0.03549111853082043
0.02776052862017726
0.024970726065997345
0.01674767868205284
0.0548540700878948
0.0548540700878948
0.026037150316406042
0.04548371743837682
0.04548371743837682
0.023229866698384286
0.02576105130293096
0.028739156922868762
0.042442401883890854
0.042442401883890854
0.042442401883890854
0.040865309244254605
0.040865309244254605
0.03661399057872283
0.03814130487308527
0.034507825802235555
0.028385832498315722
0.02760518723167479
0.03039944137679413
0.029622064235930643
0.025591063637596865
0.025591063637596865
0.03413220239259924
0.025860068522936975
0.05206180265949418
0.016436001810943707
0.02248171027051285
0.03781512552988715
0.017633935417979956
0.015480298618786036
0.0214259307369745
0.02027448599343188
0.020941408277722076
0.022247113589352618
0.041773009083699436
0.014482852073075871
0.026755341549869627
0.021414932251597445
0.021414932251597445
0.021414932251597445
0.021414932251597445
0.021414932251597445
0.021414932251597445
0.021414932251597445
0.021414932251597445
0.021414932251597445
0.021414932251597445
0.021414932251597445
0.021414932251597445
0.021414932251597445
0.09601322174537927
0.07361613559536635
0.08160616533985983
0.0899238508520648
0.08462198996450752
0.09963739445743461
0.07262395394189904
0.10687593537382782
0.0777136185268561
0.07228675987416257
0.06476339084949966
0.08404757181104894
0.0708224952314049
0.05645571209024638
0.05435371088640144
0.06148326105748614
0.05383894798345864
0.05066037192475051
0.05864000774842377
0.052544103423133495
0.07112502531846986
0.05527187910086165
0.0549713194090873
0.06481637244733672
0.041813863030013936
0.05383493733437111
0.05695219434176882
0.08614760929097733
0.07286877791397274
0.053035207747792204
0.07795918887170653
0.04792060764467654
0.054616502893622965
0.06288288830818298
0.06288288830818298
0.06288288830818298
0.049095317103589574
0.05881095908543405
0.06729555926130464
0.06869551352535685
0.04637256046524271
0.08104189832850049
0.08259741876662398
0.04252437114172305
0.04055779110019406
0.05325815634840789
0.05325815634840789
0.04815447280028214
0.051226707696138574
0.051210664169241985
0.053268435671149444
0.09323952189646662
0.06786097472688804
0.0614927482061709
0.053511993258725854
0.061202973640368634
0.05430592815003668
0.046487188617854065
0.05309238278501046
0.06306520333979279
0.04629398407957827
0.05074228998196001
0.06854894415397818
0.043408067593506225
0.03582839109934866
0.043090624241934466
0.05396901555126533
0.04184939967856432
0.045450316603140285
0.07409217167412863
0.052924983341557284
0.084314264341956
0.033757723678524296
0.0445280519934992
0.04764811203815043
0.0470476373587735
0.03415239026304334
0.03928387044618527
0.02367330595579309
0.036086010068344575
0.04867326446187993
0.04806867193353052
0.06036256005638279
0.034613510731142015
0.03282688766834326
0.03955216960205386
0.02106465067093571
0.05287903192375476
0.046946202305456
0.03889833728938053
0.04662159425206482
0.038609944152024886
0.03535272588798155
0.07883483211975545
0.03226764988076563
0.06004541699541733
0.03146506757553046
0.03750715061246107
0.034521825053573894
0.02076819638023153
0.034518892424336325
0.04705429370359828
0.04705429370359828
0.04705429370359828
0.03267216570364932
0.028760082638279224
0.043977824438673756
0.032280724960534524
0.03806606129820769
0.0337694524298422
0.02323857742982606
0.03443937443429604
0.03406858056938897
0.0357081130387572
0.031933481123996896
0.029410574563080445
0.03502309311646968
0.02883350897037114
0.0342897245582814
0.03259345553233288
0.03649707146687433
0.03466649934727078
0.04264373856674259
0.034822532266844064
0.03101371050501863
0.04189190555907165
0.03146979473841687
0.054443144982215017
0.054443144982215017
0.034800532339916875
0.04072581449213127
0.03275136742119988
0.03424455978830034
0.03126843728901198
0.05187425452129295
0.05187425452129295
0.05187425452129295
0.03391565345460549
0.0261760263350637
0.04980424398556352
0.035649321881743766
0.04268557075760327
0.033112810274663694
0.029935790695017204
0.041455958891892804
0.02593975166673772
0.036548686621245
0.03592406439129263
0.021344278772982457
0.03175502963131294
0.025955259722735113
0.04886272297396014
0.0335833114781417
0.03717341413721442
0.08688782727035384
0.05054354531535258
0.021804614321251088
0.03326090744269701
0.034324174407714354
0.03804528220246235
0.02537830993377914
0.026664127687302728
0.05886829682315389
0.031265819997837146
0.041502454585861416
0.027984636943632117
0.03522850191375861
0.02014218573225662
0.040155167112437384
0.02654389336394767
0.029505720557644964
0.02005236963974312
0.03544154986564536
0.029032308609069635
0.03597949614282697
0.03020951060190176
0.02991493418890362
0.0391734076392216
0.032712460729138304
0.02878797588714709
0.026443823951606948
0.03967090277234092
0.02030136664165184
0.021477617005972813
0.026121960716942946
0.023531224648856246
0.03260728886118159
0.021707510139870767
0.048226937262030936
0.025461934219735364
0.056152858717056615
0.02621418809906269
0.020554003757424652
0.03032026793730135
0.035368358708607654
0.05481378881571194
0.030790486342739315
0.02069803036089676
0.021581998699111864
0.02904953879653476
0.018388627129606903
0.03177828766483193
0.028314337443055896
0.028347441986358413
0.01987777866655961
0.0482595105531315
0.03475525077587614
0.025197022928623483
0.01673933022034665
0.015388724001434942
0.04683066044080381
0.017984415841444085
0.025451586664809536
0.036499411864206195
0.017787651636948187
0.019698873823896672
0.03349749190732837
0.01700737876778779
0.028438105316987882
0.02036565806522655
0.021359417692292482
0.02084910178479428
0.0182041432041054
0.034533815534474946
0.02109216694642479
0.023351679306166866
0.030994079779484308
0.02388296609123548
0.03549063364625908
0.0349253571103327
0.05056855871885394
0.019445832156343386
0.016802582436745674
0.021913499255897476
0.017541580974745254
0.0207015868590679
0.016478415799792857
0.02488372877938673
0.024822854183536643
0.02718921915317575
0.02007727798637158
0.05214410691987723
0.015167910034457843
0.021330321868493533
0.023154660596046598
0.01679765964780624
0.025102682362388197
0.034281827743786075
0.014730945270663749
0.02868742749133768
0.02150795522184732
0.025256263290842376
0.044326349406813584
0.01562672486140703
0.015646652677096428
0.048000926709113025
0.048000926709113025
0.0309132275559629
0.030517317874667545
0.02173743283802954
0.022889902507304213
0.04671226825254659
0.038900769577594474
0.0444380719284527
0.027493262651842088
0.028168527654682595
0.027157729044168567
0.04929975391908859
0.023299376800423488
0.025693026140409834
0.04116439115256071
0.04116439115256071
0.021356745196583992
0.01041817218104067
0.03928410368816306
0.012267438586180408
0.01868440755875781
0.021294215456776632
0.024651021137445543
0.02007656914376033
0.023597791770201486
0.021384297353797592
0.012200049596916264
0.012936067717382684
0.022713398589597394
0.03028980257959726
0.014296713171837231
0.014296713171837231
0.014296713171837231
0.07896300724862765
0.08687135558885832
0.06287234943903362
0.10880819787426542
0.09722271697091249
0.07379519060991394
0.09746123801722813
0.05851360533502884
0.0583930714141267
0.0701919620235761
0.06086111776026276
0.06268087116846194
0.05685525656988223
0.07162446446794396
0.0570577256490166
0.05363727248390205
0.03644631359299334
0.059798541667017466
0.045070523746932545
0.058704119918790335
0.058282498030457645
0.044128516397904605
0.05056767055493159
0.04995382444001734
0.05462963885782907
0.0929547545298313
0.05009264782226334
0.049486162544538574
0.05722860311235611
0.05618756114738062
0.06266104234072069
0.06930385894297311
0.04481980927133312
0.058039544557686895
0.05021925826751006
0.04236241505170862
0.04236241505170862
0.04236241505170862
0.04236241505170862
0.03913105790813764
0.05225865722439873
0.05045706219233883
0.04975774133616748
0.043728080513731886
0.03795598564165024
0.05131607643949489
0.04427140001634446
0.041372726209228855
0.04212297550130946
0.06237437388005977
0.06635678255232051
0.05029640098606857
0.04782768921616177
0.05182559581939131
0.06630153374824052
0.042148845303648465
0.046661113145140314
0.06220267514620597
0.055073791543642676
0.045700440222863105
0.052820016744468984
0.03659253295976669
0.062005025943896425
0.049519168005014456
0.035240765277994794
0.04065917045809329
0.05633777389923732
0.0513592815437975
0.050894872151936096
0.057539577772840855
0.0454895115403148
0.07168944633177791
0.04990169916379576
0.05019819781106586
0.04609227333838741
0.046836917380957556
0.028543077061961717
0.050348755905870346
0.02784419496000434
0.02880144299201978
0.0783398756935882
0.046455341718004396
0.027676898361726973
0.05299827669747174
0.026023735116856794
0.055560551035838825
0.03170802551787347
0.04407443475133429
0.04247854898062845
0.03225365316184858
0.045125873781119784
0.04847637665458024
0.07884890414463977
0.02863585896634807
0.02660388796435048
0.039174662216488895
0.056645888998173174
0.05470333096416046
0.025705759344467272
0.04615959019089739
0.056859627650895465
0.04452956938728069
0.049849824807606635
0.031484297402203085
0.032374622685213884
0.04360231021031116
0.030310750337472808
0.031011811791104266
0.040522001287123806
0.032213163898947336
0.02842928153423903
0.023180951326697445
0.0347898486101379
0.029569828047727544
0.028515034422744067
0.022834210223324287
0.03946573361521587
0.022793250605852033
0.06304088278751199
0.040923894569277766
0.022063677619056154
0.02651351023154954
0.03676952027638132
0.03862953763222322
0.030253951738898954
0.02055926420337831
0.04658025835330288
0.04648171410430223
0.02239285866303059
0.027555777819749588
0.027286518036853523
0.02911350689129904
0.025737697469691435
0.02584520692335597
0.024006683010181103
0.05735165076951186
0.05735165076951186
0.030777506947827837
0.050119324664895736
0.04697334538136298
0.04697334538136298
0.04697334538136298
0.04697334538136298
0.04697334538136298
0.04321381021950704
0.04520873942490046
0.022434777699721357
0.04534213485273843
0.024863981356611477
0.04510391458480929
0.03124898056072804
0.052385464273393155
0.05022910860211899
0.021414932251597445
0.021414932251597445
0.021414932251597445
0.021414932251597445
0.021414932251597445
