1.0403600931167603
1.4441044330596924
1.4845733642578125
1.5232129096984863
1.8146744966506958
2.7962229251861572
1.6047601699829102
1.165317416191101
0.31928497552871704
0.48905864357948303
0.9079616665840149
1.024140477180481
0.7060151696205139
0.8256654739379883
0.8502242565155029
1.2324968576431274
0.25862112641334534
0.5838688015937805
0.16869013011455536
0.4415137469768524
0.408050537109375
0.7629184722900391
0.8993118405342102
0.6272514462471008
0.7238250374794006
1.3461142778396606
0.9491509199142456
0.8285307884216309
1.2728358507156372
1.6004432439804077
1.219854474067688
0.9139903783798218
0.9159834980964661
1.2130892276763916
0.4443366229534149
1.3617901802062988
1.0240564346313477
-0.07661253958940506
1.0636781454086304
0.7266219258308411
1.0208806991577148
1.5788400173187256
0.4922156035900116
1.816885232925415
0.6600582003593445
0.9848798513412476
0.4916488528251648
1.0472660064697266
1.672590970993042
0.9406829476356506
0.8691008687019348
0.5793873071670532
0.5029539465904236
0.6803264021873474
0.6827786564826965
0.4843577444553375
0.8714280128479004
0.549163281917572
0.8195978403091431
0.09916099160909653
0.4485565721988678
0.4688408672809601
0.3914617598056793
0.40384531021118164
0.33368435502052307
0.723974883556366
0.561039388179779
0.49764230847358704
0.8326131105422974
1.147190809249878
0.7348486185073853
0.87966388463974
0.4358411133289337
0.631213366985321
0.9190264940261841
0.4626183807849884
0.47680583596229553
0.8285819292068481
0.6290286183357239
0.14324450492858887
0.7416002750396729
0.4439564049243927
1.0044392347335815
0.22543178498744965
1.136607050895691
1.2205607891082764
0.539811372756958
1.0154926776885986
0.6345813274383545
0.7747393250465393
1.11476731300354
0.8466395139694214
0.8130782842636108
1.0736637115478516
0.38406214118003845
0.9438863396644592
0.9451050758361816
0.819625198841095
0.44852927327156067
0.9843684434890747
0.3837003707885742
1.540927767753601
0.7556821703910828
0.7253589630126953
0.7339999675750732
0.5619842410087585
0.5963103175163269
0.49977365136146545
0.71052485704422
0.6058738231658936
0.8778949975967407
0.45431092381477356
0.7747795581817627
0.3810645639896393
1.0375392436981201
0.38177579641342163
1.3251581192016602
0.8396222591400146
0.7182660698890686
1.0892030000686646
0.5542390942573547
0.5747891068458557
0.16536833345890045
0.3801904022693634
0.15879984200000763
0.49410387873649597
0.3184768855571747
0.9833312034606934
0.6142166256904602
0.9088093042373657
0.5103456974029541
0.3609810173511505
0.47661277651786804
0.5538528561592102
0.8605296015739441
0.5973814725875854
0.5178320407867432
0.7684764266014099
0.6336972713470459
0.405565083026886
0.8282103538513184
0.3510165214538574
-0.0997389629483223
0.6438566446304321
0.6417784690856934
0.2877650856971741
0.882919430732727
0.40869832038879395
0.2912190556526184
0.660365641117096
0.31020641326904297
0.2672787010669708
0.5831799507141113
0.33367109298706055
0.6936379075050354
-0.24231326580047607
0.12916064262390137
0.482932984828949
0.4226285219192505
0.2683021128177643
0.737759530544281
0.3882506787776947
0.5250418186187744
0.5557165741920471
0.3202163577079773
0.43537187576293945
0.6751956343650818
0.4741227626800537
0.9707903861999512
0.11797946691513062
0.39955732226371765
0.40330764651298523
0.32096898555755615
0.580437183380127
0.44752049446105957
0.32296738028526306
0.35597389936447144
-0.18114428222179413
0.3986242115497589
0.2340480387210846
1.6800299882888794
0.9188420176506042
0.7608124017715454
1.3279027938842773
0.7187638878822327
1.116349697113037
1.0118944644927979
0.946531355381012
0.48669785261154175
0.5172688364982605
1.5195027589797974
0.1466444581747055
0.43608325719833374
0.21518415212631226
0.18839100003242493
0.8270509243011475
0.3405965566635132
-0.07446668297052383
0.22622913122177124
0.3300613462924957
0.8665264248847961
0.5994061827659607
0.639288067817688
0.9220226407051086
0.7209129333496094
0.7017912268638611
0.4317956864833832
0.5191837549209595
0.3317582905292511
0.6172181367874146
0.390947550535202
0.5603532791137695
0.4126855432987213
0.5429047346115112
0.14271633327007294
0.6512787938117981
0.9288804531097412
0.7181601524353027
0.7135134935379028
0.06735400855541229
0.38780319690704346
0.7034146785736084
0.8563626408576965
0.6844452023506165
0.35486599802970886
0.4876922369003296
0.4876922369003296
0.38084617257118225
0.6226730942726135
0.40552014112472534
0.6654049754142761
0.5050044059753418
0.49204057455062866
0.7428155541419983
0.326824426651001
0.3694209158420563
0.501135528087616
0.3099595606327057
0.49996381998062134
0.33931875228881836
0.5416821241378784
0.2537540793418884
0.4942716956138611
0.677714467048645
0.4812573194503784
0.36535465717315674
0.4757095277309418
0.35605695843696594
0.3831920027732849
0.49341312050819397
0.3175292909145355
0.5570127367973328
0.15825428068637848
0.27854812145233154
0.119570292532444
0.5163265466690063
0.39472314715385437
0.3029230535030365
0.4845908582210541
0.21240131556987762
0.5346099138259888
0.18517954647541046
0.358940988779068
0.6092309355735779
0.321180522441864
0.13461712002754211
0.6622112393379211
0.09423604607582092
0.3977939486503601
0.19552160799503326
0.22638516128063202
0.7105347514152527
0.2529660761356354
0.5697914958000183
0.3583378195762634
0.5487819910049438
0.28391480445861816
0.21001532673835754
0.4247815012931824
0.3612469434738159
0.19510246813297272
0.2544451653957367
0.30052751302719116
0.20724913477897644
0.5771926641464233
0.21943281590938568
0.43724024295806885
0.4094318747520447
0.28573909401893616
0.4126235246658325
0.3344274163246155
0.09266695380210876
0.16356821358203888
0.17576029896736145
0.5352450013160706
0.5666623711585999
0.3961002230644226
0.46817752718925476
0.4316938817501068
0.14226241409778595
0.7269726991653442
0.9025043845176697
0.6642106771469116
0.36919909715652466
0.3857306241989136
0.15810222923755646
0.2226027250289917
0.7814105153083801
0.28807610273361206
0.2340480387210846
0.2340480387210846
0.9988130331039429
1.2423145771026611
1.1427414417266846
1.148444652557373
1.1395580768585205
0.816567063331604
0.9641635417938232
0.9424260854721069
0.5647998452186584
0.7927855253219604
0.9039301872253418
0.7655554413795471
0.5767415761947632
0.4782428443431854
0.6305903792381287
0.5862595438957214
0.6417567729949951
0.926715075969696
0.12841713428497314
0.8111132383346558
-0.03988661989569664
0.527264416217804
0.6293516755104065
0.7475975155830383
0.39132222533226013
0.5028167963027954
0.5648137927055359
0.39090195298194885
0.7477835416793823
0.49586883187294006
0.47480905055999756
1.3026511669158936
1.0819052457809448
0.4745462238788605
1.3724578619003296
0.5921018719673157
0.5333723425865173
0.34576690196990967
0.964630663394928
0.6585808396339417
0.6481915712356567
0.4090982675552368
0.44611606001853943
0.08063294738531113
0.5307071208953857
0.0705033391714096
0.8690163493156433
0.3275655210018158
0.39338988065719604
0.4629281461238861
0.3202160596847534
0.8474099040031433
0.17381452023983002
0.5146681070327759
0.4096020460128784
0.3353673815727234
0.15050794184207916
0.2558703124523163
0.04269755631685257
0.20422984659671783
0.3590007424354553
0.2678006887435913
0.6364423632621765
0.20709183812141418
0.025011878460645676
0.16812162101268768
0.9384171366691589
0.24989312887191772
0.18394188582897186
0.2413139045238495
0.6034582853317261
0.08252750337123871
0.013036969117820263
0.41046595573425293
0.316460520029068
0.2838664948940277
0.4382123053073883
0.4382123053073883
0.020972445607185364
0.2836543619632721
0.2102586179971695
0.4604718089103699
0.10406793653964996
0.05917748436331749
0.23675277829170227
-0.04799242317676544
0.7249212861061096
0.4539600610733032
0.5491418242454529
0.36122724413871765
0.31189441680908203
0.42187201976776123
0.19994907081127167
0.40022045373916626
0.44408121705055237
0.22812335193157196
0.35058456659317017
0.2889086902141571
0.34288015961647034
0.825840413570404
0.28445735573768616
0.46698346734046936
0.3744048476219177
0.3561108708381653
-1.8142725457437336E-4
0.2967434227466583
0.2569693326950073
0.4132802486419678
-0.0073309363797307014
0.27640625834465027
0.08195185661315918
0.3803084194660187
0.12296920269727707
0.2134881615638733
0.0010829316452145576
-1.8845548038370907E-4
0.2466927319765091
0.5282586812973022
-0.015604010783135891
0.3196685314178467
0.03926529362797737
0.2432773858308792
0.2680286169052124
0.09262435138225555
0.21229583024978638
0.44601860642433167
0.25030937790870667
0.4693850576877594
0.3198762536048889
0.27386152744293213
0.5482566952705383
0.3686816096305847
0.012584258802235126
0.19956393539905548
0.4527243375778198
0.36640504002571106
0.3660731911659241
0.4306870102882385
0.565475583076477
0.1830042451620102
0.5836606621742249
0.31368014216423035
0.2706018388271332
0.26358169317245483
0.37837013602256775
0.37837013602256775
0.6627083420753479
0.5995964407920837
0.5292173027992249
0.027781423181295395
0.20979946851730347
0.14281746745109558
0.40099194645881653
1.3206924200057983
0.3369462490081787
0.1997295320034027
0.15632840991020203
0.3891948163509369
0.3891948163509369
0.674475371837616
0.16639477014541626
0.22969940304756165
0.4336535632610321
0.16312317550182343
0.2522454857826233
0.5151132941246033
0.2502616345882416
0.28087589144706726
0.378599613904953
0.29877492785453796
0.37809574604034424
0.24714240431785583
0.2364279329776764
0.23399198055267334
0.24714240431785583
0.21851173043251038
0.2564220726490021
0.22779154777526855
0.2564220726490021
0.24570751190185547
0.6677614450454712
0.2432716190814972
0.2432716190814972
0.2432716190814972
0.2432716190814972
0.26743564009666443
0.2340480387210846
0.2340480387210846
0.2340480387210846
0.2340480387210846
0.2340480387210846
0.2340480387210846
0.2340480387210846
0.2340480387210846
0.2340480387210846
0.2340480387210846
0.2340480387210846
0.2340480387210846
0.2340480387210846
0.2340480387210846
0.2340480387210846
0.2340480387210846
0.2340480387210846
0.2340480387210846
0.2340480387210846
1.1844425201416016
1.1025804281234741
1.4026440382003784
1.0240564346313477
1.7684903144836426
1.7684903144836426
1.902937650680542
1.292304277420044
1.130242109298706
1.130242109298706
0.9660474061965942
1.23455011844635
0.9118826985359192
0.8387579321861267
0.8174307346343994
0.6208614110946655
0.4477614164352417
0.5111478567123413
0.7730972766876221
1.3777307271957397
0.3581320643424988
0.19260720908641815
0.22388342022895813
0.42907094955444336
0.32400038838386536
0.4959745705127716
0.9386458396911621
0.5757806301116943
0.5732741951942444
0.6979761123657227
0.6530424356460571
0.6419016718864441
0.69356769323349
0.7160112261772156
1.533968448638916
0.9165892004966736
1.0969886779785156
0.8320520520210266
0.8755897879600525
0.7688480615615845
1.8783297538757324
0.4882170259952545
1.4623593091964722
0.524169385433197
0.649130642414093
0.5542516708374023
0.33961400389671326
0.31322067975997925
0.2845751643180847
0.4533350169658661
0.5668741464614868
0.19238592684268951
0.4497523307800293
0.42031893134117126
-0.0064169433899223804
0.19372741878032684
-0.17226020991802216
1.1732676029205322
0.1441732496023178
1.1024318933486938
0.39860838651657104
0.0379820354282856
0.30259448289871216
0.3189903497695923
0.539435088634491
0.1895993947982788
0.369066447019577
0.5529929995536804
0.18130996823310852
0.3572491705417633
0.32463937997817993
0.301298052072525
0.36535269021987915
0.39163708686828613
0.06479069590568542
0.3504655063152313
0.5188737511634827
0.42723986506462097
0.5716135501861572
0.49349451065063477
0.42113107442855835
0.23696206510066986
0.5939109325408936
0.12240401655435562
0.43351784348487854
0.501685380935669
0.45790979266166687
0.2277427464723587
0.17450447380542755
-0.0034966582898050547
-0.015686212107539177
0.27887487411499023
0.15016722679138184
0.11280284076929092
-8.029440650716424E-4
-0.09920968115329742
0.3722858428955078
0.012239367701113224
0.4537947177886963
0.4537947177886963
-0.08836357295513153
0.22620145976543427
0.22620145976543427
0.22620145976543427
0.07365947961807251
0.07365947961807251
0.07365947961807251
0.07365947961807251
0.13860276341438293
0.25373217463493347
0.10822251439094543
0.12568709254264832
0.19059374928474426
0.2980571985244751
0.337202250957489
0.3219233453273773
0.3192313611507416
0.6831693053245544
0.27962586283683777
0.31618595123291016
0.5609854459762573
0.20388415455818176
0.2439776360988617
0.10502428561449051
0.30713409185409546
0.31828370690345764
0.17679265141487122
0.21463847160339355
0.2961759567260742
0.4517328143119812
0.11016777902841568
0.11905432492494583
0.12693099677562714
0.12724773585796356
0.0011391716543585062
0.21088536083698273
0.2320510596036911
0.19664570689201355
0.2340480387210846
0.2340480387210846
0.2340480387210846
0.2340480387210846
0.2340480387210846
0.2340480387210846
0.2340480387210846
1.2274653911590576
0.5936112999916077
0.3007775545120239
0.6896554827690125
0.5670615434646606
0.17900124192237854
0.43084806203842163
0.871213436126709
0.3390803933143616
0.8024682402610779
-0.09962717443704605
-0.1612222045660019
-0.16408461332321167
0.09089072793722153
-0.04199668765068054
0.5328275561332703
0.6084036827087402
0.3142521381378174
0.1603098064661026
0.26278531551361084
-0.02737257070839405
-0.01137770339846611
0.11843819916248322
0.09817744791507721
0.4845885932445526
0.19063293933868408
0.20918568968772888
-0.1062188670039177
0.3124791085720062
0.4139760434627533
0.2867364287376404
0.3289245069026947
-0.004862505942583084
-0.004862505942583084
0.29510220885276794
0.25330880284309387
0.4174409508705139
0.5410430431365967
0.5410430431365967
0.5410430431365967
0.5410430431365967
0.5410430431365967
0.8393921256065369
0.14922204613685608
-0.04921504482626915
0.44712164998054504
-0.05509423092007637
-0.05509423092007637
0.21789433062076569
0.5833552479743958
-0.036979790776968
-0.0094997463747859
0.5540623068809509
-0.1443111002445221
-0.1443111002445221
0.006654162425547838
0.7344381809234619
0.01722942665219307
0.17279015481472015
0.053695954382419586
0.13972461223602295
-0.005014234688133001
0.06393999606370926
0.09774263203144073
0.3320598900318146
0.14855577051639557
0.5085382461547852
0.4232710897922516
0.5179314613342285
0.02023458294570446
0.16238074004650116
0.2985221743583679
0.3118971288204193
0.6036595702171326
0.25485771894454956
-0.14831164479255676
1.1547518968582153
0.3576805889606476
0.15798217058181763
0.40050387382507324
0.4873618185520172
0.08824693411588669
0.05928598716855049
0.5406919121742249
0.2740623354911804
0.30839136242866516
0.13066339492797852
0.03493034467101097
0.429568350315094
0.16413964331150055
0.18599537014961243
0.25612592697143555
0.3288668096065521
0.2215484380722046
0.2876241207122803
-0.09573516994714737
0.14466384053230286
0.05141134560108185
0.08360142260789871
0.17238450050354004
0.07779849320650101
0.45771893858909607
0.43955686688423157
0.20555847883224487
0.18516495823860168
0.02618485316634178
0.06175234168767929
-0.03876626119017601
0.14297926425933838
0.2495873123407364
0.27358612418174744
0.07873662561178207
0.2453777939081192
0.22421295940876007
0.4232552647590637
0.09113949537277222
0.1587718427181244
0.1666613072156906
0.20638786256313324
0.43616044521331787
0.3282082974910736
0.3826289772987366
0.3436923623085022
0.2838861346244812
0.2647794187068939
0.22967644035816193
0.40123239159584045
0.08265048265457153
0.11400271207094193
-0.0015491513768211007
-0.007955068722367287
0.11767881363630295
0.18226534128189087
0.052371520549058914
0.1390000581741333
0.18160414695739746
0.15117383003234863
0.1890791654586792
0.11082614213228226
0.18621568381786346
0.16825170814990997
0.1654137820005417
0.11032645404338837
0.19824445247650146
0.34295952320098877
0.15391112864017487
0.35652604699134827
0.6626308560371399
0.132953941822052
0.4370647668838501
0.29400673508644104
0.2549387514591217
0.24936605989933014
0.1222304180264473
0.1518186628818512
0.405988484621048
0.12939584255218506
0.12337814271450043
0.2269594520330429
0.13827145099639893
0.1317184567451477
0.2310621440410614
0.2310621440410614
0.6347293257713318
0.2340480387210846
0.2340480387210846
0.2340480387210846
0.2340480387210846
0.2340480387210846
0.2340480387210846
0.2340480387210846
0.2340480387210846
0.3360646069049835
1.324408769607544
2.185978412628174
0.8273707032203674
1.4882395267486572
0.8757534623146057
0.8889254927635193
0.4790259897708893
1.0074273347854614
0.935499906539917
0.6061723232269287
0.6089985370635986
0.4838595390319824
0.7102057933807373
0.8268916010856628
1.2417292594909668
1.2720963954925537
0.9682385921478271
1.2580806016921997
0.8938828110694885
0.7433582544326782
0.7908115386962891
0.8185989260673523
0.6275965571403503
0.8341118097305298
0.6757307052612305
0.8002226948738098
0.7960830330848694
0.874997079372406
0.46715235710144043
0.4087662100791931
0.4018694758415222
0.7606689929962158
0.8161654472351074
0.7803640961647034
0.7997352480888367
0.45933040976524353
0.5721692442893982
0.640816867351532
0.7550575733184814
0.4629873037338257
0.5786077976226807
0.43070048093795776
0.5388697981834412
0.5307134985923767
1.2457435131072998
0.4677883982658386
0.7959330081939697
0.2759407162666321
0.9908459782600403
0.3093787729740143
0.3093787729740143
0.7416844367980957
1.4869040250778198
0.8287012577056885
0.688992440700531
0.7538632750511169
0.7074392437934875
0.4728190302848816
0.9363595247268677
0.5170153379440308
1.4290249347686768
0.6852534413337708
0.777971088886261
0.2485474944114685
0.44517210125923157
0.6315092444419861
1.002669095993042
1.0300257205963135
0.626766562461853
1.1095092296600342
0.7987129092216492
0.7147331833839417
0.1267508715391159
0.5399838089942932
0.40789687633514404
0.45601600408554077
0.42479395866394043
0.365363746881485
0.15310826897621155
0.6711923480033875
0.7013837695121765
0.3131769299507141
0.767771303653717
0.5826957821846008
0.1074705645442009
0.5472410917282104
0.8317092657089233
0.33683741092681885
0.4511283040046692
0.6363990902900696
0.44109442830085754
0.7551696300506592
0.5274255871772766
0.6096836924552917
0.9358532428741455
0.3395482897758484
0.03774514049291611
0.6923322081565857
0.40856409072875977
1.1922653913497925
0.2547341585159302
1.0490963459014893
0.5861327052116394
0.7184523344039917
0.8186069130897522
0.648169994354248
0.7985399961471558
0.4554538130760193
0.13547733426094055
0.7447702288627625
0.17779064178466797
0.2160312384366989
0.14950774610042572
0.6364468336105347
0.6443485617637634
0.24094149470329285
0.3168656826019287
0.9523434638977051
0.061094436794519424
1.0710811614990234
0.39680901169776917
0.5766995549201965
0.2487439066171646
0.46276387572288513
0.16601122915744781
0.9146599173545837
0.7624391913414001
0.5464090704917908
0.14320342242717743
0.45648956298828125
0.40591689944267273
0.5375632047653198
0.9452015161514282
0.14900343120098114
0.46876949071884155
0.038300011307001114
0.382138729095459
0.1213451400399208
0.286816269159317
0.82314133644104
0.28695452213287354
0.33542925119400024
0.13555562496185303
0.3954980969429016
0.6618717908859253
0.6335944533348083
0.8258363008499146
0.5483454465866089
0.8420832753181458
0.4723348319530487
0.19128850102424622
0.2499154806137085
0.4303547143936157
0.5949468612670898
0.35984575748443604
0.13414359092712402
0.38478973507881165
0.51995450258255
0.30569931864738464
0.8340636491775513
0.3735557198524475
0.34929752349853516
0.2980004549026489
0.4527755677700043
0.6307380795478821
0.4976111054420471
0.29972851276397705
0.339840829372406
0.40258845686912537
0.5285699367523193
0.8028234243392944
0.07570788264274597
-0.11000873893499374
0.38924136757850647
0.2744675576686859
0.3976615071296692
0.23032818734645844
0.27232855558395386
0.6123936772346497
0.6808109283447266
0.13174521923065186
0.14156563580036163
0.3202444911003113
0.15666189789772034
0.04271203652024269
0.676081120967865
0.20348064601421356
0.5542045831680298
0.22678568959236145
0.283908873796463
0.5180862545967102
0.373828262090683
0.20584797859191895
0.46109282970428467
0.18063658475875854
0.1622428297996521
0.17311209440231323
0.23621834814548492
0.052367109805345535
0.08708535134792328
0.3026721477508545
0.4194631576538086
0.4179360270500183
0.1838591992855072
0.4755340814590454
0.3130572736263275
0.09764688462018967
0.2786013185977936
0.4763992726802826
0.0562615692615509
0.031927671283483505
0.3934784531593323
0.9919769763946533
0.3441339135169983
0.3491194248199463
0.823207676410675
0.5690594911575317
0.31104907393455505
0.4084490239620209
0.38501158356666565
0.5389803051948547
0.013711994513869286
0.5501993298530579
0.570909321308136
0.5364492535591125
0.3189272880554199
0.027077170088887215
0.03024735301733017
0.005949097219854593
-0.015238713473081589
0.04152568429708481
0.056149084120988846
0.11178157478570938
0.19290052354335785
0.04767069220542908
0.09615439176559448
0.12241118401288986
0.09905311465263367
0.04849367216229439
0.058668091893196106
0.08283212780952454
0.2340480387210846
0.2340480387210846
0.2340480387210846
0.2340480387210846
0.2340480387210846
0.2340480387210846
0.2340480387210846
0.2340480387210846
0.2340480387210846
0.2340480387210846
0.2340480387210846
0.2340480387210846
0.2340480387210846
0.2340480387210846
0.2340480387210846
0.2340480387210846
0.2340480387210846
0.2340480387210846
0.2340480387210846
0.2340480387210846
0.711624026298523
0.9761108756065369
0.7054924368858337
1.2131834030151367
1.1027294397354126
1.3526597023010254
0.5884568095207214
0.9871469736099243
1.2607895135879517
0.3201470375061035
1.1418575048446655
1.3688303232192993
0.48446741700172424
1.2284802198410034
1.448796272277832
1.1612269878387451
1.0733609199523926
0.575503945350647
0.8497356176376343
0.5517372488975525
1.193782091140747
0.9274672865867615
0.6620676517486572
1.2576981782913208
0.7575063705444336
0.15082325041294098
1.1355462074279785
1.0388405323028564
0.1614527851343155
1.1883602142333984
1.1654657125473022
1.1219698190689087
1.2919180393218994
0.8544347286224365
1.1000503301620483
0.933158814907074
0.276679664850235
1.3846969604492188
0.04817061126232147
0.8837448954582214
0.7978723645210266
0.9675186276435852
0.8444019556045532
0.6521602272987366
0.7234901189804077
0.5001952052116394
0.9906545281410217
0.4099692404270172
0.757871687412262
1.154813289642334
1.312982439994812
1.3444936275482178
1.0874491930007935
1.11672043800354
1.6179859638214111
0.20401644706726074
1.1715575456619263
1.1033402681350708
0.5189352631568909
0.9279872179031372
0.46356719732284546
0.7090051174163818
1.4178500175476074
0.30707892775535583
1.4589927196502686
0.4919857084751129
0.568701446056366
1.8119851350784302
1.005189061164856
1.0923315286636353
0.9804797768592834
0.20962120592594147
0.8464952707290649
1.00685715675354
0.12348926812410355
0.8768655061721802
0.7974376678466797
0.8526433110237122
2.068288564682007
0.8454563021659851
0.554166316986084
1.01716947555542
0.4076559841632843
0.8288328051567078
1.1859776973724365
0.015526917763054371
0.27972692251205444
0.9849121570587158
1.1122019290924072
0.9224604964256287
0.9485795497894287
0.9456375241279602
0.35331451892852783
1.213066577911377
1.0434890985488892
0.3116784691810608
1.1158747673034668
0.8721858263015747
0.682969868183136
1.2752364873886108
1.3027287721633911
0.011468862183392048
1.4545795917510986
0.4827297031879425
0.20395386219024658
0.2340480387210846
0.2340480387210846
0.2340480387210846
0.2340480387210846
1.0253815650939941
1.0173516273498535
1.0173516273498535
1.0173516273498535
1.0173516273498535
1.0173516273498535
1.035292387008667
1.0520422458648682
0.9086419939994812
0.9086419939994812
0.8010216355323792
1.1582002639770508
1.0093662738800049
1.590322494506836
1.2302383184432983
0.2855265140533447
1.6120728254318237
0.014590146020054817
0.033353764563798904
0.5962252020835876
0.7293139100074768
0.7951380014419556
0.2510674297809601
1.034604787826538
0.3303813338279724
1.2464390993118286
0.8743028044700623
0.3257825970649719
0.34383681416511536
0.29173561930656433
0.17994382977485657
0.2706679105758667
0.5317530035972595
0.31504949927330017
0.29375770688056946
0.7566161751747131
0.12320820242166519
0.1422392874956131
0.7739394903182983
0.43637940287590027
0.3191506564617157
0.12834350764751434
0.3846309781074524
0.6281719207763672
0.46249181032180786
-0.007551712449640036
0.0487503707408905
0.027359740808606148
-0.08126182109117508
0.27977925539016724
0.6562126874923706
0.6343116164207458
0.3374403715133667
0.5499422550201416
0.7065365314483643
0.38209885358810425
0.7704057097434998
0.4910958409309387
0.33141419291496277
0.30737894773483276
0.4202713370323181
0.5004149079322815
0.40137428045272827
0.2561429738998413
0.18304717540740967
0.14367978274822235
-0.1927749216556549
0.2423289716243744
0.07277104258537292
0.5761827826499939
0.18327872455120087
0.186452254652977
0.18511249125003815
0.0873289480805397
0.011021568439900875
0.36084380745887756
0.468088299036026
0.6756265163421631
0.3245376646518707
0.436153769493103
0.08480458706617355
0.016392461955547333
0.6793069243431091
0.09920812398195267
0.1647561937570572
0.9659316539764404
0.0773596316576004
0.12892016768455505
0.13034580647945404
0.17638923227787018
0.17658671736717224
0.11225759238004684
0.16126757860183716
0.18779844045639038
0.08234331011772156
0.2099248170852661
0.151519775390625
0.08647508919239044
1.0336533784866333
0.26884570717811584
0.2817135751247406
0.28561145067214966
0.25305673480033875
0.4432528018951416
0.16729724407196045
-0.04066002368927002
0.21620357036590576
0.21620357036590576
0.12967026233673096
0.1500404179096222
0.21620357036590576
0.2498704046010971
0.2507326900959015
0.2646873891353607
0.09493351727724075
0.24706271290779114
0.22327739000320435
0.21654877066612244
0.23399198055267334
-0.02642853558063507
0.21941332519054413
0.20681919157505035
0.3180941939353943
0.21616247296333313
0.388246089220047
0.23739007115364075
0.388246089220047
0.16901332139968872
0.2056068778038025
0.2564220726490021
0.2432716190814972
0.2432716190814972
0.2432716190814972
0.2432716190814972
0.2432716190814972
0.2432716190814972
0.2432716190814972
0.2432716190814972
0.2432716190814972
0.2432716190814972
0.2432716190814972
0.2432716190814972
0.2432716190814972
0.2432716190814972
0.2432716190814972
0.26743564009666443
0.2340480387210846
0.2340480387210846
0.2340480387210846
0.2340480387210846
0.2340480387210846
0.2340480387210846
0.2340480387210846
0.2340480387210846
0.2340480387210846
0.2340480387210846
0.2340480387210846
0.2340480387210846
0.2340480387210846
0.2340480387210846
0.2340480387210846
0.2340480387210846
0.2340480387210846
0.2340480387210846
0.2340480387210846
0.2340480387210846
0.2340480387210846
0.7940348386764526
1.010068416595459
1.1514015197753906
0.8542288541793823
1.3220864534378052
0.5865032076835632
1.4181487560272217
1.0202466249465942
0.7435351014137268
1.0177960395812988
0.7707987427711487
0.5652289986610413
0.9325345754623413
0.8980247974395752
1.0015078783035278
0.8813654184341431
0.3000144362449646
1.1637293100357056
0.40715551376342773
0.07622674852609634
0.997917890548706
0.7438482642173767
1.203195571899414
0.23122288286685944
0.3569104075431824
0.6214919686317444
0.342714786529541
0.3603789806365967
0.2170363962650299
-0.11087934672832489
0.7016099691390991
-0.02358251065015793
0.10992714017629623
0.054224561899900436
0.5332921147346497
0.5779560208320618
0.46371009945869446
0.6848214864730835
0.18572115898132324
1.229219675064087
0.29944437742233276
0.6995132565498352
0.48784929513931274
0.5932504534721375
0.7308691143989563
0.741762638092041
0.43732669949531555
0.2159378081560135
0.21768294274806976
1.1141080856323242
0.3558497428894043
0.8367100358009338
0.4862724244594574
0.22889307141304016
0.6783007979393005
0.6642717719078064
0.90217125415802
0.24016700685024261
0.7207309603691101
0.5651556849479675
0.49334102869033813
0.5940858125686646
0.18377357721328735
0.1570030003786087
0.8021044135093689
0.4416009485721588
-0.04958312213420868
0.3367420732975006
0.4671613872051239
0.3028416633605957
0.4863814413547516
0.493409663438797
0.493409663438797
0.33349624276161194
0.0661138966679573
0.42170780897140503
0.2020701915025711
0.31243520975112915
0.28579550981521606
0.2559840977191925
0.33251839876174927
0.1187310442328453
0.5226761698722839
0.414594441652298
0.4485146999359131
0.2530072331428528
0.6172219514846802
0.4473947286605835
0.2149023413658142
0.05830719321966171
0.2516387701034546
0.5714811086654663
0.4615768492221832
0.45624202489852905
0.40127891302108765
0.47670504450798035
0.07725116610527039
0.07852043211460114
0.28396329283714294
-0.21258316934108734
0.46601226925849915
1.0951204299926758
0.24330423772335052
0.1433134377002716
0.19139724969863892
0.12543582916259766
0.10857819765806198
0.10857819765806198
0.5321345329284668
0.12079998850822449
0.12051840126514435
0.1147117093205452
0.1147117093205452
0.14383083581924438
0.14383083581924438
0.14383083581924438
0.1025661751627922
0.1284710317850113
0.23819252848625183
0.40752434730529785
0.07542716711759567
0.3545753061771393
0.06869862228631973
0.08116484433412552
0.38294175267219543
0.34456419944763184
0.2340480387210846
0.2340480387210846
0.2340480387210846
0.2340480387210846
0.2340480387210846
0.2340480387210846
0.2340480387210846
0.2340480387210846
0.2340480387210846
0.2340480387210846
0.2340480387210846
0.2340480387210846
0.2340480387210846
0.2340480387210846
0.2340480387210846
0.2340480387210846
0.2340480387210846
0.2340480387210846
0.2340480387210846
0.2340480387210846
0.2340480387210846
0.2340480387210846
0.2340480387210846
0.2340480387210846
0.2340480387210846
0.2340480387210846
0.2340480387210846
0.2340480387210846
0.2340480387210846
0.2340480387210846
0.2340480387210846
0.2340480387210846
0.2340480387210846
0.5339180827140808
1.4827959537506104
1.0424660444259644
0.9179550409317017
0.27101990580558777
1.2507661581039429
0.9112387299537659
0.38630762696266174
1.1906424760818481
0.6000200510025024
1.0660640001296997
0.8903336524963379
1.1831110715866089
0.5440866351127625
0.41949576139450073
0.26368263363838196
0.40509840846061707
0.4042723476886749
0.23642005026340485
0.12839826941490173
0.009598452597856522
1.161484956741333
0.6482043862342834
0.8120241761207581
0.6916979551315308
0.1995641440153122
-0.3159213066101074
0.2390751987695694
0.5593345761299133
0.40044474601745605
0.42486581206321716
0.5497019290924072
0.6353776454925537
0.4377775490283966
0.3852578103542328
0.586802065372467
0.5419231653213501
0.8220013380050659
0.5096514821052551
0.4840620458126068
0.13995882868766785
0.5320841073989868
0.6612820625305176
0.2705546021461487
0.7776459455490112
0.2319107949733734
0.5164434313774109
0.39249148964881897
0.39249148964881897
0.39249148964881897
0.3365974724292755
0.4586067795753479
0.15995417535305023
0.4328462779521942
0.4480704665184021
0.43191638588905334
0.4402736723423004
0.26996129751205444
0.3861076235771179
0.2500932812690735
0.3744226396083832
0.5106697678565979
0.2215537130832672
0.09539541602134705
0.1722729504108429
0.4335208535194397
0.2775353491306305
0.3544074594974518
0.16000394523143768
0.17993947863578796
0.07989003509283066
0.3222097158432007
0.4392266571521759
0.1497921645641327
0.43636560440063477
0.28288450837135315
0.3781210780143738
0.11245526373386383
0.028438271954655647
0.13620150089263916
0.08815906196832657
0.12069861590862274
0.17851147055625916
0.21831513941287994
0.28871768712997437
0.317539781332016
0.3390936851501465
0.2521430253982544
0.2031889408826828
0.2031889408826828
0.06033898517489433
0.38134482502937317
0.2372017204761505
0.47407302260398865
0.16574913263320923
0.6907045841217041
0.1567690074443817
0.24584856629371643
0.30913329124450684
0.2432716190814972
0.26743564009666443
0.2340480387210846
0.2340480387210846
0.2340480387210846
0.2340480387210846
0.2340480387210846
0.2340480387210846
0.2340480387210846
0.2340480387210846
0.2340480387210846
0.2340480387210846
0.2340480387210846
0.2340480387210846
0.2340480387210846
0.2340480387210846
0.2340480387210846
0.2340480387210846
0.2340480387210846
0.2340480387210846
0.2340480387210846
0.2340480387210846
0.2340480387210846
0.2340480387210846
0.2340480387210846
0.2340480387210846
0.2340480387210846
0.2340480387210846
0.2340480387210846
0.2340480387210846
1.0361137390136719
0.7753238081932068
0.8043609261512756
0.42488911747932434
0.6054929494857788
0.40789687633514404
0.4781588315963745
1.0641298294067383
1.0641298294067383
1.0641298294067383
1.0641298294067383
0.7733070254325867
0.7733070254325867
0.1620359718799591
0.7275818586349487
0.7275818586349487
0.7275818586349487
0.7275818586349487
0.7287333011627197
0.09557051956653595
0.3617895841598511
0.3846047520637512
0.5398996472358704
0.10448489338159561
0.10448489338159561
0.10448489338159561
0.7686854004859924
0.7686854004859924
0.5246922373771667
0.7066519856452942
0.2489560842514038
0.5626097917556763
0.22468014061450958
0.22468014061450958
-0.005783797241747379
0.5463026762008667
0.08319877833127975
0.2196759432554245
1.2887779474258423
0.5041176676750183
0.5072392821311951
0.8640083074569702
0.4159427583217621
0.8106791377067566
0.47185227274894714
0.6165929436683655
0.9369360208511353
0.5534086227416992
0.452852338552475
0.5630099177360535
0.7114314436912537
0.8613938689231873
0.19048503041267395
0.6827043294906616
0.49161094427108765
0.29321393370628357
0.6680053472518921
0.230314701795578
0.4906548261642456
-0.2230590432882309
0.6612538695335388
0.4959617555141449
0.7359060645103455
0.3210035264492035
0.4257320165634155
0.7466132044792175
1.4440587759017944
0.42698219418525696
0.2579556703567505
0.2912275791168213
0.42763203382492065
0.14846689999103546
0.5241149067878723
0.5387346148490906
0.7000433206558228
-0.03335073962807655
0.6048480272293091
0.21589969098567963
0.5896402597427368
0.40031495690345764
0.5896000266075134
0.4807686507701874
0.654695987701416
-0.08192329108715057
0.17383748292922974
0.23499852418899536
0.41167208552360535
0.6812677383422852
0.5210625529289246
-0.07395359128713608
0.11179301887750626
0.3571139872074127
-0.11715513467788696
0.2978653609752655
0.1265867054462433
1.0972739458084106
0.4917120337486267
0.1384226381778717
-0.0365687720477581
-0.01349116861820221
0.36034390330314636
0.15744391083717346
0.5704634189605713
0.1111176386475563
0.4225216805934906
0.26359838247299194
0.10625530034303665
0.6205257773399353
0.38442254066467285
0.03643258288502693
0.4212614893913269
0.2830664813518524
0.21812719106674194
-0.13563165068626404
0.38748157024383545
-0.2345481961965561
0.26834961771965027
0.33040615916252136
0.2029767781496048
0.10161241143941879
0.30932125449180603
0.13668322563171387
0.13668322563171387
0.07106738537549973
0.0951303169131279
0.0951303169131279
0.19446027278900146
0.23216000199317932
0.23216000199317932
0.31038573384284973
0.22043289244174957
0.6897474527359009
0.23262469470500946
0.13773900270462036
0.32687270641326904
0.14340533316135406
0.3158492147922516
0.07435240596532822
0.5569707155227661
0.2011512815952301
-0.02126838080585003
0.4441118538379669
0.08849000930786133
0.04878777638077736
0.230601504445076
0.1029445230960846
0.16727173328399658
0.20794160664081573
0.28578847646713257
0.22123245894908905
0.06887134909629822
0.573095977306366
0.13798891007900238
0.2653709053993225
0.17667263746261597
0.05467746779322624
0.2428462952375412
0.2549915015697479
0.06339257955551147
0.17772769927978516
0.2461533099412918
0.2800305485725403
0.16507774591445923
0.06489015370607376
0.06915267556905746
-0.03392942249774933
0.34243258833885193
0.1442398726940155
0.16809087991714478
0.04425230622291565
0.13452903926372528
0.19853056967258453
0.408306747674942
0.5519184470176697
0.4087519347667694
0.424512654542923
0.4339762032032013
0.423261433839798
0.423261433839798
0.3271004259586334
0.2954867482185364
0.325350821018219
0.35186025500297546
0.35186025500297546
0.5213144421577454
0.2340480387210846
0.2340480387210846
0.2340480387210846
0.2340480387210846
0.2340480387210846
0.2340480387210846
0.2340480387210846
0.2340480387210846
0.2340480387210846
0.2340480387210846
0.2340480387210846
0.2340480387210846
0.2340480387210846
0.2340480387210846
0.2340480387210846
0.2340480387210846
0.2340480387210846
0.2340480387210846
0.2340480387210846
0.2340480387210846
0.2340480387210846
0.2340480387210846
0.2340480387210846
0.2340480387210846
0.2340480387210846
0.2340480387210846
0.2340480387210846
0.2340480387210846
0.2340480387210846
0.2340480387210846
0.2340480387210846
0.2340480387210846
0.2340480387210846
0.2340480387210846
0.2340480387210846
0.2340480387210846
0.2340480387210846
0.2340480387210846
0.2340480387210846
0.2340480387210846
0.2340480387210846
0.2340480387210846
0.2340480387210846
0.2340480387210846
0.2340480387210846
0.2340480387210846
0.2340480387210846
0.2340480387210846
0.2340480387210846
0.2340480387210846
0.2340480387210846
0.2340480387210846
0.2340480387210846
0.2340480387210846
0.2340480387210846
0.2340480387210846
0.9173000454902649
0.614761471748352
0.3499610424041748
1.43684983253479
1.2583998441696167
1.3454965353012085
1.0636909008026123
0.8743019104003906
0.5805314183235168
1.1931519508361816
1.1524198055267334
0.7408542037010193
0.8423342704772949
0.9154040813446045
0.4221118986606598
0.7596371173858643
0.6789195537567139
1.2977098226547241
0.6394157409667969
0.4583715796470642
1.0132266283035278
0.31329816579818726
0.43185144662857056
0.8226811289787292
1.034267544746399
1.034267544746399
1.034267544746399
1.034267544746399
1.034267544746399
1.034267544746399
1.034267544746399
1.034267544746399
0.8098113536834717
0.8098113536834717
0.8098113536834717
0.7825343608856201
0.6537353992462158
0.6537353992462158
0.6354998350143433
1.3782118558883667
0.6083517074584961
0.6083517074584961
0.6083517074584961
0.6083517074584961
0.6083517074584961
0.1100405752658844
0.45021528005599976
0.6160903573036194
0.506575345993042
0.9244428277015686
0.9244428277015686
0.9244428277015686
0.9244428277015686
0.9244428277015686
0.7502412796020508
0.6467061638832092
0.8246198892593384
0.6621460318565369
0.6621460318565369
0.6621460318565369
0.5250782370567322
0.7348142862319946
1.121032953262329
0.8038790822029114
0.6895000338554382
0.9156933426856995
0.4636214077472687
0.9602982401847839
0.9620302319526672
1.0265138149261475
1.0346336364746094
0.8730047345161438
1.0228865146636963
0.711024820804596
0.5502025485038757
0.5113821029663086
0.7692049741744995
0.9278082847595215
0.6579756140708923
0.7290775775909424
1.0909042358398438
1.0881226062774658
0.6546885371208191
0.3282824754714966
0.744239866733551
0.6958409547805786
0.46380239725112915
0.8399953246116638
0.8450407981872559
0.28485238552093506
0.2053181380033493
0.4277363717556
1.45341157913208
0.746964693069458
0.6521715521812439
0.5919579267501831
1.16289484500885
0.9986439943313599
0.6905725598335266
0.8799313902854919
0.8050087094306946
0.8434922099113464
0.9567767381668091
0.8917012214660645
0.2682710886001587
0.7187310457229614
1.043788194656372
0.8910919427871704
0.21381168067455292
0.7696096301078796
0.3482457101345062
0.42490383982658386
0.7006675004959106
0.7095060348510742
0.6160526275634766
0.24390459060668945
0.9307228922843933
0.9307228922843933
0.9222053289413452
0.3549760580062866
0.809126615524292
0.4514302909374237
0.7753643989562988
0.6006876230239868
0.4134652316570282
1.0886764526367188
0.3710787296295166
0.5349550843238831
0.35464367270469666
0.30898523330688477
0.5506365895271301
0.3931112587451935
0.2725035548210144
0.40106484293937683
0.7404307126998901
0.3588060140609741
0.3588060140609741
0.3588060140609741
0.24013668298721313
0.24013668298721313
0.24013668298721313
0.5724165439605713
1.1753841638565063
0.11969758570194244
0.19352856278419495
0.24749523401260376
0.24749523401260376
0.8476787805557251
0.6965169906616211
0.7468019127845764
0.49650874733924866
0.9548079967498779
0.26292020082473755
0.31799954175949097
0.8526264429092407
0.4599708318710327
0.9769226908683777
0.7806459665298462
0.5677680373191833
0.4878062307834625
0.4878062307834625
1.0356371402740479
1.0556365251541138
0.47010016441345215
0.5431742668151855
0.5431742668151855
0.4682634174823761
0.5093705654144287
0.9968205690383911
0.7578228116035461
0.4298195242881775
1.0097390413284302
0.45388609170913696
0.1763285994529724
0.4834079444408417
0.30779364705085754
0.9770718216896057
0.30820232629776
0.5264438986778259
0.7764964699745178
0.5292544364929199
0.27044856548309326
0.3711368441581726
0.23814797401428223
0.7237257361412048
0.4858197569847107
0.6403152346611023
0.7651901841163635
1.0070501565933228
0.29460468888282776
0.46482712030410767
0.3501374125480652
0.790160059928894
0.7638054490089417
0.5560708045959473
1.4782707691192627
1.0725064277648926
1.283751368522644
0.19466833770275116
0.16721250116825104
0.15512479841709137
0.766916811466217
0.3440514802932739
0.35156938433647156
0.40849965810775757
0.3724398612976074
0.3656105697154999
0.27137574553489685
0.749778687953949
0.29022231698036194
0.3681667447090149
0.44302329421043396
0.3501788079738617
-0.0791439488530159
0.12469661980867386
0.10919754207134247
0.38959115743637085
0.19839586317539215
0.19426248967647552
0.16798053681850433
0.12448905408382416
0.19455134868621826
0.15151649713516235
0.3570035994052887
0.4100833237171173
0.37170082330703735
0.433780312538147
0.32075053453445435
0.45416417717933655
0.31256160140037537
0.4993720054626465
0.6916745901107788
0.7035732865333557
0.1452067643404007
0.314034104347229
0.21457961201667786
0.066334068775177
-0.03422398865222931
-0.003139746142551303
0.18821623921394348
-0.015646183863282204
0.6316234469413757
0.14754840731620789
0.2739502191543579
0.28246402740478516
0.12575621902942657
0.19032587110996246
0.1422949880361557
0.3385755121707916
0.1566607654094696
0.24576257169246674
0.2343265563249588
0.2515577971935272
0.2515577971935272
0.2515577971935272
0.2515577971935272
0.15797138214111328
0.15797138214111328
0.15797138214111328
0.15797138214111328
0.27917274832725525
0.11867261677980423
0.11867261677980423
0.11867261677980423
0.20712962746620178
0.19829198718070984
0.19829198718070984
0.30291828513145447
0.30291828513145447
0.32134923338890076
0.39274993538856506
0.4483659863471985
0.24823950231075287
0.18140538036823273
0.20480948686599731
0.1830512285232544
0.2340480387210846
0.2340480387210846
0.2340480387210846
0.2340480387210846
0.2340480387210846
0.2340480387210846
0.2340480387210846
0.2340480387210846
0.2340480387210846
0.2340480387210846
0.2340480387210846
0.2340480387210846
0.6266587972640991
0.5006523132324219
0.9513871073722839
0.12720035016536713
-0.3607547879219055
0.5354135036468506
0.2148922085762024
0.41840657591819763
-0.10343632847070694
0.2596430480480194
0.8280102610588074
0.6379910111427307
0.6379910111427307
0.6192219257354736
0.15841515362262726
0.15841515362262726
0.8722398281097412
0.24795621633529663
0.2942889332771301
0.2942889332771301
0.24795621633529663
0.40444710850715637
0.39894533157348633
0.366115003824234
0.32704639434814453
0.37880662083625793
-0.09830687940120697
0.3918657898902893
0.4128414988517761
0.16143055260181427
0.24723143875598907
-0.10410866141319275
0.03520895540714264
0.22427788376808167
0.6299558877944946
0.0032914476469159126
0.3689136207103729
0.46468111872673035
0.4378821849822998
0.12523135542869568
0.2128019481897354
0.2769460678100586
1.3756464719772339
0.3220842778682709
0.8993278741836548
0.22003650665283203
0.6481597423553467
0.17627547681331635
0.5948542356491089
0.5872331261634827
0.8224113583564758
0.23749937117099762
0.03473931550979614
0.3225691616535187
0.008036711253225803
0.16517651081085205
0.4104057848453522
0.23531997203826904
0.6178438067436218
0.6321253180503845
0.10900124162435532
0.3316524028778076
0.3717854619026184
0.8374362587928772
0.3256443440914154
0.766029417514801
0.28485921025276184
0.360797643661499
0.2079222947359085
0.6863057613372803
0.8375986814498901
0.8243556022644043
0.3203953802585602
0.6684340238571167
0.870779812335968
0.30157697200775146
0.7628865242004395
0.7443016767501831
0.6539916396141052
0.2879481613636017
0.1326446384191513
0.47289910912513733
0.12596747279167175
0.6943289041519165
0.15666429698467255
0.23065868020057678
0.09616692364215851
0.18514274060726166
0.22418345510959625
0.17651259899139404
0.30884096026420593
0.37536677718162537
0.26810479164123535
0.26199159026145935
0.352289080619812
0.32346871495246887
0.4474639594554901
0.23414675891399384
0.2837352454662323
0.03245272859930992
0.3006526231765747
0.23219749331474304
0.48343053460121155
0.38169243931770325
0.2674620449542999
0.15862725675106049
0.15777887403964996
0.2124546766281128
0.12810657918453217
0.21097087860107422
0.14432121813297272
0.21097087860107422
0.23907414078712463
0.23907414078712463
0.33088868856430054
0.33088868856430054
0.251724511384964
0.251724511384964
0.3515949249267578
0.4494479298591614
0.42823830246925354
0.5013064742088318
0.46807992458343506
0.19049395620822906
0.9941840767860413
0.05221080034971237
0.2340480387210846
0.2340480387210846
0.2340480387210846
0.2340480387210846
0.2340480387210846
0.2340480387210846
0.2340480387210846
0.2340480387210846
0.2340480387210846
0.2340480387210846
0.2340480387210846
0.2340480387210846
0.2340480387210846
0.2340480387210846
0.2340480387210846
0.2340480387210846
0.2340480387210846
0.2340480387210846
0.2340480387210846
0.2340480387210846
0.2340480387210846
0.2340480387210846
0.2340480387210846
0.2340480387210846
0.2340480387210846
0.2340480387210846
0.2340480387210846
0.2340480387210846
0.2340480387210846
0.2340480387210846
0.2340480387210846
0.2340480387210846
0.2340480387210846
0.2340480387210846
0.2340480387210846
0.2340480387210846
0.2340480387210846
0.2340480387210846
0.2340480387210846
0.2340480387210846
0.2340480387210846
0.2340480387210846
0.2340480387210846
0.2340480387210846
0.2340480387210846
0.2340480387210846
0.7328594923019409
0.6407908201217651
0.6754525303840637
0.793441116809845
0.22876469790935516
0.4743006229400635
0.520803689956665
0.3809048533439636
0.20695677399635315
0.5193970799446106
0.5669775009155273
0.10194524377584457
0.25484663248062134
0.8571205735206604
0.00887420866638422
0.46436500549316406
0.5441890954971313
0.1867464780807495
0.1867464780807495
0.40592634677886963
0.16188281774520874
0.3504352569580078
0.490643709897995
0.5489552021026611
0.5763645172119141
0.5134987235069275
0.3336808979511261
0.34753721952438354
0.6770957112312317
0.7487996220588684
0.28769445419311523
0.5529448986053467
0.17265567183494568
0.342893123626709
0.2836877405643463
0.8010930418968201
0.7792103886604309
0.6565839052200317
1.3495351076126099
0.43981412053108215
1.246793508529663
1.246793508529663
0.3853108584880829
1.027299165725708
1.027299165725708
0.13198095560073853
0.3673999309539795
0.05182153731584549
0.5330935716629028
0.301038533449173
0.9815380573272705
0.4069676399230957
0.12670743465423584
0.6780060529708862
0.9552747011184692
0.8208979964256287
0.44197192788124084
0.7966398000717163
0.15956999361515045
0.9230986833572388
0.2106710821390152
0.2704237103462219
0.04147138446569443
0.22174885869026184
0.1471748799085617
0.6176472902297974
0.3299826979637146
0.2354964315891266
0.07051504403352737
0.3318065404891968
0.20396456122398376
0.026559721678495407
0.2759428322315216
0.5785344243049622
0.13607090711593628
0.41320765018463135
0.1457945704460144
0.30973249673843384
0.1469602882862091
0.2098754346370697
0.5870668888092041
0.913555383682251
0.24463903903961182
0.4858975410461426
0.16575656831264496
0.32952895760536194
0.22037768363952637
0.2911474406719208
0.6743506789207458
0.7543271780014038
0.273623526096344
0.10455691814422607
0.7493704557418823
0.28686219453811646
0.39920246601104736
0.15436245501041412
0.5467513203620911
0.2874302864074707
1.0639585256576538
0.36358708143234253
0.2670857608318329
0.1302797794342041
0.3254924416542053
0.16100935637950897
0.19436593353748322
0.05989970266819
0.4680112898349762
0.2244442254304886
0.12148178368806839
0.19636885821819305
0.1176569014787674
0.809183657169342
0.23434565961360931
0.4705272614955902
0.21152035892009735
0.1679331660270691
0.12099302560091019
0.3256881833076477
0.12151292711496353
0.1825689822435379
0.22030146420001984
0.19081051647663116
0.3763207793235779
0.1884656697511673
0.6121818423271179
0.20312312245368958
0.11089678853750229
0.2340480387210846
0.2340480387210846
0.2340480387210846
1.3810096979141235
0.6378252506256104
1.2953636646270752
0.07865401357412338
0.012576373293995857
0.4201250374317169
1.0650830268859863
0.7443377375602722
0.5222079157829285
0.11308392882347107
0.8816405534744263
0.6164181232452393
0.3216263949871063
0.19165663421154022
0.5538809299468994
0.1774003803730011
0.24628882110118866
0.28747785091400146
0.3241710066795349
0.5590953230857849
0.610779345035553
0.08114279061555862
0.24768517911434174
0.15625499188899994
0.8314312696456909
0.28234046697616577
1.0716608762741089
0.03403644263744354
0.3587825894355774
0.48637503385543823
0.5374568104743958
0.26795080304145813
0.1618419587612152
0.025409381836652756
0.3442593216896057
0.2018250972032547
0.4036891460418701
0.012646057642996311
0.5977839827537537
0.15222324430942535
0.31748223304748535
0.1534946709871292
0.39964598417282104
0.5775580406188965
0.21413174271583557
0.08400370180606842
0.497643381357193
0.40948569774627686
-0.05670548602938652
0.08699306100606918
0.8318979144096375
0.47455766797065735
0.03589940071105957
0.20429754257202148
0.503472089767456
0.3011428713798523
0.43242159485816956
0.2987228035926819
0.07836773991584778
0.0046016499400138855
0.12921077013015747
0.019554901868104935
0.1025102362036705
0.043392643332481384
0.05790027230978012
0.19796329736709595
0.1827632188796997
0.2706165313720703
-0.1143992617726326
0.9738520383834839
0.19766874611377716
0.40756362676620483
0.06134349852800369
0.06800287216901779
0.15821664035320282
-0.041301362216472626
0.20476175844669342
-0.03713303059339523
0.11122827976942062
0.26303964853286743
0.3024429976940155
0.11665867269039154
0.215969979763031
-0.04567864164710045
0.01959177665412426
0.1841161847114563
0.451720654964447
0.09226022660732269
-0.016150347888469696
0.45600423216819763
-0.5164056420326233
0.18362431228160858
0.3131651282310486
0.017796022817492485
0.2757584750652313
-0.004379432648420334
0.6129756569862366
-0.04404975473880768
0.22835560142993927
0.2007141262292862
0.11963514238595963
0.16817346215248108
0.08695485442876816
0.15063190460205078
0.18399101495742798
0.1992146372795105
0.25043612718582153
0.010785259306430817
0.2788659334182739
0.006102974060922861
0.35159802436828613
-0.03631424158811569
0.2619137763977051
-0.002134275157004595
0.11226687580347061
0.02308523841202259
0.14022481441497803
0.07135538756847382
0.13764280080795288
-0.006400702055543661
0.10180725157260895
-0.030062323436141014
0.08934862166643143
-0.13969340920448303
0.09678979218006134
0.10042481124401093
0.1355120837688446
0.11200881004333496
0.055227674543857574
0.07725074142217636
-0.05778351426124573
0.10759162902832031
0.13984039425849915
0.19238950312137604
0.35573774576187134
0.17726708948612213
-0.023094797506928444
0.19003084301948547
-0.025441046804189682
0.1290549784898758
0.21708400547504425
0.02059902437031269
0.31020501255989075
0.31020501255989075
0.31020501255989075
0.3106847405433655
0.2950614392757416
0.27227866649627686
0.38738560676574707
0.26012951135635376
0.2340480387210846
0.2340480387210846
0.2340480387210846
0.2340480387210846
0.2340480387210846
0.2340480387210846
0.2340480387210846
0.2340480387210846
0.2340480387210846
0.2340480387210846
0.2340480387210846
0.2340480387210846
0.2340480387210846
0.2340480387210846
0.2340480387210846
1.5260545015335083
1.3257715702056885
0.9938691854476929
1.5256767272949219
0.8428389430046082
1.3807278871536255
1.0123794078826904
0.978457510471344
1.2027289867401123
1.057729959487915
0.8551279902458191
0.7509674429893494
0.9257173538208008
0.8364362716674805
0.41329410672187805
0.532206654548645
0.5669003129005432
0.498748242855072
0.60960453748703
1.3750735521316528
0.6907813549041748
0.5573945641517639
0.7300010919570923
0.63379967212677
0.5122137665748596
0.8637295961380005
0.8545687794685364
0.655494749546051
0.7951499223709106
0.808262050151825
0.5054652690887451
0.3302379548549652
0.7430946230888367
0.801084578037262
0.8586642742156982
0.5254666805267334
0.36732369661331177
1.1177382469177246
0.6514437198638916
0.6514437198638916
0.6514437198638916
0.6514437198638916
0.6514437198638916
0.8440483212471008
0.6002245545387268
0.5841093063354492
0.9263327121734619
0.7703492641448975
0.5629306435585022
0.8356920480728149
0.7763210535049438
0.8917412161827087
0.8274160027503967
0.49862807989120483
0.7544582486152649
0.9829807877540588
0.8633593320846558
0.7803055047988892
0.5965642929077148
0.3780028223991394
0.794143557548523
0.6422978043556213
0.8185019493103027
0.8179564476013184
0.5218849778175354
0.5935695767402649
1.027514934539795
0.6068857312202454
0.8977792263031006
0.5863872170448303
0.6204544901847839
1.0192514657974243
0.5800566673278809
0.5409327149391174
0.9593970775604248
0.7090640664100647
0.5388020277023315
0.6201456785202026
0.5806542038917542
0.8934230804443359
0.9015406966209412
0.866105318069458
0.5523889660835266
0.6169046759605408
0.8014798164367676
1.0230555534362793
0.7932784557342529
0.7427579164505005
0.5887719988822937
0.6614950299263
0.8332459926605225
0.6571280360221863
0.6707967519760132
0.848617672920227
0.46805524826049805
0.3991451859474182
0.8337495923042297
1.022781252861023
0.5603523254394531
0.5342674851417542
1.0407429933547974
0.5868517160415649
0.6979241967201233
0.7211236953735352
0.15586337447166443
0.7845457196235657
0.22891461849212646
0.9276850819587708
0.7920275330543518
0.6684085130691528
0.4859668016433716
0.8696802258491516
0.7828519940376282
0.21874447166919708
1.0526663064956665
1.1158318519592285
0.6730397939682007
0.3557625710964203
0.7562152743339539
0.8757453560829163
0.7788706421852112
0.8088132739067078
0.7543255686759949
0.882893443107605
0.8778932690620422
0.5484975576400757
0.3460131883621216
0.8043165802955627
0.820556640625
0.4805605411529541
1.1528464555740356
0.5675483345985413
0.6630799770355225
0.354629784822464
1.2770565748214722
0.27277883887290955
0.6471751928329468
0.9421164393424988
0.7821240425109863
0.5899273157119751
0.8775533437728882
0.7067026495933533
0.04479074478149414
0.6101732850074768
0.16160091757774353
0.22069957852363586
0.45483583211898804
0.5329219102859497
0.6870778203010559
0.6461187601089478
0.6445385217666626
0.3046422004699707
0.726235032081604
0.8200414776802063
0.6402108073234558
0.9869149923324585
1.0819696187973022
0.6204491853713989
1.1948699951171875
1.1948699951171875
1.1948699951171875
1.1948699951171875
1.1948699951171875
0.5984526872634888
1.098106026649475
1.098106026649475
1.098106026649475
1.098106026649475
0.9607906937599182
0.6750210523605347
0.23326444625854492
0.8898134827613831
0.816818356513977
0.8898134827613831
0.9683787226676941
0.5993124842643738
0.8695077896118164
0.9267832636833191
0.9207185506820679
1.0802885293960571
0.7466972470283508
0.17631950974464417
0.7712287306785583
0.887555718421936
0.8254242539405823
0.6999995112419128
0.43889543414115906
0.7647983431816101
0.7930485010147095
0.2607851028442383
0.31652504205703735
0.5078903436660767
0.5124024152755737
0.7275504469871521
0.18812403082847595
0.2173987478017807
0.3512919545173645
0.5112020373344421
0.7547597289085388
0.47881898283958435
0.7518611550331116
0.6333441138267517
0.8857234716415405
0.5350587964057922
0.5350587964057922
0.5898669958114624
1.0148417949676514
0.5731839537620544
0.4613153040409088
0.4365319609642029
0.3668743371963501
0.5318230986595154
0.2340480387210846
0.2340480387210846
0.2340480387210846
0.2340480387210846
0.2340480387210846
0.2340480387210846
0.7012380957603455
0.7528389096260071
0.29895639419555664
0.7011399865150452
1.4251326322555542
0.5922088027000427
0.5216867327690125
0.8310593366622925
0.6150026321411133
0.6332709193229675
0.3204349875450134
0.5668759346008301
0.7748163342475891
0.711434543132782
0.35728979110717773
0.8312476277351379
0.21942077577114105
0.5745004415512085
0.4545915424823761
0.507459282875061
0.624889075756073
0.4716888964176178
0.5093292593955994
0.3825485110282898
0.28853440284729004
0.48078107833862305
0.27259182929992676
0.4467320442199707
0.6660966873168945
0.6660966873168945
0.6660966873168945
0.7026828527450562
0.6450388431549072
0.19385316967964172
0.19237020611763
0.5943363308906555
-0.07238796353340149
0.5200671553611755
0.560570478439331
0.1832619309425354
0.8246052861213684
0.8246052861213684
0.19612598419189453
0.18776673078536987
-0.04683537781238556
0.4579898416996002
0.041573312133550644
0.6163581013679504
0.3946637511253357
0.34858477115631104
0.4368285834789276
0.40107855200767517
0.41829824447631836
0.5850947499275208
0.22618547081947327
0.8299452066421509
0.3473006784915924
0.620564877986908
0.3235800862312317
0.41818273067474365
0.35769328474998474
-0.11137296259403229
0.6421499848365784
0.5391003489494324
0.430417001247406
0.003999789711087942
0.15010009706020355
0.24451245367527008
0.14463721215724945
0.5007290244102478
0.44992464780807495
1.12154221534729
0.6117798089981079
0.1573023498058319
0.3619219660758972
0.5410246849060059
0.26645728945732117
0.2978501319885254
0.3051716387271881
0.3967342972755432
0.28459256887435913
0.07996959984302521
0.046515583992004395
0.1320752054452896
0.6124565005302429
0.35648760199546814
0.16103458404541016
0.128426194190979
0.15529784560203552
0.16095182299613953
-0.06632502377033234
0.44976189732551575
0.03895695134997368
0.146193265914917
0.23772114515304565
0.36021825671195984
0.38928765058517456
0.32802167534828186
0.2340480387210846
0.2340480387210846
0.2340480387210846
0.2340480387210846
0.2340480387210846
0.2340480387210846
0.2340480387210846
0.2340480387210846
0.2340480387210846
0.2340480387210846
0.2340480387210846
0.2340480387210846
0.2340480387210846
0.2340480387210846
0.2340480387210846
0.2340480387210846
0.9585718512535095
0.8437376618385315
0.5171948671340942
0.7143978476524353
1.3072007894515991
0.46364253759384155
0.917273759841919
-0.023457463830709457
0.2998364567756653
0.5619465112686157
0.35172325372695923
0.7776490449905396
0.38199567794799805
0.5723938345909119
0.7861522436141968
0.7293884754180908
0.5208842158317566
0.11599001288414001
1.0762639045715332
0.41285088658332825
0.8385448455810547
0.6198352575302124
0.6303665637969971
0.6524146795272827
0.5764353275299072
0.39007431268692017
1.1241854429244995
0.392856240272522
0.6100160479545593
0.7407679557800293
0.5242686867713928
0.4419635832309723
0.332884818315506
0.500607430934906
0.617326557636261
0.40002208948135376
0.3995928466320038
0.19080017507076263
0.48335111141204834
0.5518036484718323
0.37325340509414673
0.7835723757743835
0.8156676888465881
0.6250483989715576
0.6649074554443359
0.5610997676849365
0.388729989528656
0.31437748670578003
-0.05267161503434181
0.6793614625930786
0.19729408621788025
0.7553442716598511
0.7492946982383728
0.3719024360179901
-0.01776754856109619
0.6526004672050476
0.4066770076751709
0.5536868572235107
0.4789697229862213
0.3432900905609131
0.4848627746105194
0.2425013780593872
0.23483555018901825
0.3963506519794464
0.48529040813446045
0.6604442596435547
0.47093743085861206
0.06391976773738861
0.22884255647659302
0.35097041726112366
0.46552515029907227
0.4851261079311371
0.5893608331680298
0.579353392124176
0.020982617512345314
0.2872193455696106
0.5058510303497314
0.018173037096858025
0.3780626952648163
0.7153160572052002
0.6762154698371887
0.5335793495178223
0.4461720883846283
0.13007143139839172
0.5299736261367798
0.1500995010137558
0.12396811693906784
0.24161842465400696
0.6558393836021423
0.20768631994724274
0.0385211743414402
0.18906228244304657
0.36323708295822144
0.009450944140553474
0.4688226580619812
0.7173690795898438
0.05908369645476341
0.1454535275697708
0.8631010055541992
0.32932090759277344
0.535807728767395
0.39051878452301025
0.20511898398399353
0.9263859987258911
0.9406213164329529
0.8548816442489624
1.071940302848816
0.4308975636959076
0.27005162835121155
0.3243882358074188
0.27547621726989746
0.02572355419397354
0.17062963545322418
0.4105820953845978
0.13894113898277283
0.24748359620571136
0.39771920442581177
0.3868733048439026
0.5849693417549133
0.6602583527565002
0.27795714139938354
0.2521972358226776
0.608029842376709
0.4280974864959717
0.5941020846366882
0.1963934451341629
0.4848417639732361
0.2534564435482025
0.17084729671478271
0.07139991968870163
0.08838605880737305
0.2340480387210846
0.2340480387210846
0.8076062798500061
-0.09277493506669998
0.22304892539978027
0.7603984475135803
1.1060545444488525
0.37328335642814636
0.027511615306138992
-0.2226472795009613
0.5192302465438843
0.2060064822435379
0.700731098651886
0.8238282203674316
-0.17633984982967377
0.08450476080179214
-0.05747316777706146
0.17519651353359222
-0.06658291071653366
-0.07213196903467178
0.21090008318424225
-0.2242857813835144
0.1382480263710022
0.15317082405090332
-0.006758431438356638
0.09304658323526382
0.1640600711107254
-0.2866445779800415
-0.1908240020275116
0.11690831929445267
0.10550002008676529
-0.1430349498987198
0.17894020676612854
0.15734149515628815
0.1919591873884201
0.2393188625574112
0.1548020988702774
0.09524188190698624
0.1675332635641098
1.6437944173812866
0.024642037227749825
-0.029967190697789192
0.0823487937450409
0.08514964580535889
0.272691011428833
0.153273344039917
0.1098136305809021
0.5162525177001953
-0.05574803426861763
0.4502212107181549
-0.0735773965716362
-0.06097874045372009
0.8723007440567017
0.8723007440567017
0.31452760100364685
0.4966758191585541
0.25698116421699524
0.6434594988822937
0.23728448152542114
0.32191404700279236
0.5145912170410156
0.3250322639942169
-0.15276099741458893
0.11661587655544281
0.22424279153347015
0.03235561400651932
-0.006692193914204836
0.022065889090299606
0.16723985970020294
-0.013935031369328499
0.3781137764453888
0.26555848121643066
0.6840229630470276
0.2340480387210846
0.2340480387210846
0.2340480387210846
1.0758132934570312
1.950397253036499
1.6924325227737427
1.3180506229400635
0.9402335286140442
0.7008596062660217
1.6887725591659546
1.1862518787384033
1.1655218601226807
1.2977302074432373
1.223062515258789
1.0527946949005127
1.2283354997634888
1.2832472324371338
1.149714469909668
0.7646118402481079
1.1898036003112793
1.112440824508667
0.5729871392250061
1.4306704998016357
1.6058638095855713
1.486802577972412
1.1625362634658813
0.5418351888656616
1.2426018714904785
1.3664271831512451
0.9300102591514587
1.0660908222198486
1.235885500907898
0.8192656636238098
1.2167651653289795
0.8453102707862854
1.2210936546325684
1.2210936546325684
1.2210936546325684
0.23512053489685059
0.7259212732315063
0.7259212732315063
0.7998749613761902
1.3835660219192505
0.9599754214286804
0.8648897409439087
0.6640501022338867
0.6640501022338867
0.6152291297912598
0.6640501022338867
0.6640501022338867
0.6640501022338867
0.8688926696777344
0.93417888879776
1.0513019561767578
1.0513019561767578
1.3335038423538208
0.7759667634963989
0.7759667634963989
0.7759667634963989
0.7759667634963989
0.7759667634963989
0.7759667634963989
0.7759667634963989
1.3027386665344238
0.9100675582885742
0.8671740293502808
1.2989650964736938
0.9309790134429932
0.9367880821228027
1.1802548170089722
1.1802548170089722
1.1076161861419678
1.175102710723877
0.25746405124664307
0.8793121576309204
0.9957773685455322
1.1535605192184448
0.8841251134872437
0.9246938228607178
0.9299130439758301
1.1994374990463257
1.0698882341384888
1.0747753381729126
0.9628012180328369
0.227804496884346
0.13483412563800812
1.005614995956421
0.9056580066680908
0.6998904347419739
1.044870376586914
1.2084314823150635
1.0849215984344482
1.061555027961731
0.4847809672355652
0.14393603801727295
0.31823745369911194
1.0340367555618286
0.2941403090953827
0.9224860668182373
-0.21522347629070282
0.37565678358078003
0.9522524476051331
0.8824923634529114
0.40303659439086914
0.8407694697380066
0.944372296333313
0.3406727910041809
0.03306817635893822
0.8449150919914246
0.11261288821697235
0.4795115292072296
1.1536452770233154
1.0733516216278076
0.9529030323028564
0.831014096736908
0.10633579641580582
0.12991000711917877
1.0090839862823486
0.09168142825365067
-0.0823083370923996
0.1914583295583725
1.6619527339935303
0.08505184948444366
0.03001861460506916
0.8152367472648621
0.2657186985015869
0.7468858957290649
0.7135440707206726
-0.07822555303573608
-0.10064221173524857
0.20939522981643677
-0.12989191710948944
0.12083633244037628
-0.02796074002981186
0.1298825442790985
0.057701751589775085
0.4858536422252655
0.40152108669281006
0.32617121934890747
0.2340480387210846
0.2340480387210846
0.2340480387210846
0.2340480387210846
0.2340480387210846
0.2340480387210846
0.2340480387210846
0.2340480387210846
0.2340480387210846
0.2340480387210846
0.2340480387210846
0.2340480387210846
0.2340480387210846
0.2340480387210846
0.2340480387210846
0.2340480387210846
0.2340480387210846
0.2340480387210846
0.2340480387210846
0.2340480387210846
1.3093523979187012
1.03116774559021
1.0668319463729858
0.9059115648269653
1.0690516233444214
0.9189024567604065
0.5610200762748718
1.190700888633728
0.39805519580841064
0.6774979829788208
0.7149349451065063
1.024194359779358
0.6055970191955566
1.2738749980926514
0.11138024181127548
0.7947869300842285
1.1324152946472168
0.6162971258163452
1.2760730981826782
0.7132987976074219
1.2670763731002808
0.22457315027713776
0.4944303631782532
0.9530705809593201
1.0277118682861328
1.5819549560546875
0.9393894076347351
0.545680046081543
1.01333487033844
0.7433681488037109
1.1848481893539429
0.334384024143219
0.334384024143219
0.7396138310432434
1.2767432928085327
0.3499711751937866
0.3499711751937866
0.2347354292869568
0.4273756444454193
1.0860356092453003
0.5183290839195251
0.12105852365493774
0.8014300465583801
0.6475289463996887
0.42861390113830566
0.6076157093048096
1.5141217708587646
0.20805180072784424
0.6703454852104187
0.29321444034576416
0.6854264140129089
1.22655189037323
0.4313848912715912
0.3152483105659485
0.3822486102581024
0.5527666211128235
0.2945592701435089
0.36241698265075684
0.6961562633514404
0.466666579246521
0.24325425922870636
0.5537746548652649
0.5651258230209351
0.9667484760284424
0.4378184974193573
0.2445000410079956
0.4671923816204071
0.39682191610336304
0.28265380859375
0.649803876876831
0.7034337520599365
1.1069328784942627
0.36797547340393066
0.13610318303108215
0.481164813041687
0.2836478054523468
0.3172600567340851
1.349576711654663
0.7244278192520142
0.24655050039291382
0.6213542819023132
0.8128818869590759
0.1719718724489212
0.5006197094917297
0.21117106080055237
0.7373063564300537
0.28029173612594604
0.47779279947280884
0.9184271097183228
0.6048197150230408
0.1660272777080536
0.4807535409927368
0.3378540873527527
1.0989524126052856
0.9121728539466858
0.24634401500225067
0.8211145401000977
0.6548668146133423
0.9040823578834534
0.4492047429084778
0.6327887773513794
0.7191168069839478
0.7908961176872253
0.9574018716812134
0.9321014285087585
0.20169763267040253
0.5261779427528381
0.44494131207466125
1.205112099647522
0.766357421875
0.6327685713768005
0.52217036485672
0.46989667415618896
0.6448591947555542
0.8989288210868835
0.3361457288265228
0.2749272286891937
0.48054638504981995
0.5315007567405701
0.39263594150543213
0.729655385017395
0.4368225634098053
0.40688735246658325
0.3005445897579193
0.36911264061927795
0.026730362325906754
0.7485328316688538
0.702208936214447
0.7840179800987244
0.3763482868671417
1.273629069328308
0.4939650595188141
0.7975015640258789
0.7671159505844116
0.6138526797294617
0.3285095989704132
0.7988154292106628
0.36649394035339355
0.6949581503868103
0.7350103259086609
1.0454821586608887
0.9390318393707275
0.6426358819007874
0.8886991143226624
0.48226112127304077
0.47223961353302
0.19875559210777283
0.7993530631065369
0.587968111038208
0.47087395191192627
0.30043932795524597
1.2525668144226074
0.24740968644618988
0.9243766069412231
0.7638387084007263
1.0356287956237793
0.1385989785194397
0.5316475033760071
0.5162633061408997
0.534730851650238
0.4319888651371002
0.3743681013584137
0.24339339137077332
0.9028485417366028
0.8980938792228699
0.2755003571510315
0.5383643507957458
0.4382670223712921
0.4660641551017761
1.0224218368530273
0.5943706631660461
0.7165841460227966
0.29305392503738403
0.6659044623374939
0.4700987935066223
0.8323240876197815
0.7445687651634216
0.3757408559322357
1.1370055675506592
1.2266314029693604
0.7476341724395752
0.35219013690948486
0.46101441979408264
1.0192638635635376
0.20504842698574066
-0.011670133098959923
0.45675620436668396
0.02581026405096054
0.6028986573219299
0.6524950265884399
0.18752874433994293
0.194353848695755
0.194353848695755
0.194353848695755
0.194353848695755
0.4177720248699188
0.29893019795417786
0.29893019795417786
0.29893019795417786
0.36351490020751953
0.3520564138889313
0.3520564138889313
0.3520564138889313
0.3520564138889313
0.3520564138889313
0.36871084570884705
0.6131228804588318
0.5291444659233093
0.5443432927131653
0.5443432927131653
0.5443432927131653
0.5443432927131653
0.5756489634513855
0.6145411133766174
0.6581773161888123
0.41449153423309326
1.0074329376220703
0.5632702708244324
0.23141492903232574
0.9744918346405029
0.3543872833251953
0.4004763960838318
0.2340480387210846
