0.9805119816822444
0.9805119816825358
0.9805119816825334
0.9805119816823326
0.9805119816822995
0.9805119816825296
0.9805119816824506
0.9805119816825347
0.9805119816822617
0.9805119816824875
0.9805119816825341
0.9805119816817346
0.9805119816825002
0.9805119816822205
0.9805119816669585
0.9805119816813203
0.9805119816483989
0.9805119816803199
0.9805119794162938
0.9805119816817331
0.9805119816818724
0.9805119816825298
0.9805119816796729
0.9805119816684522
0.9805119816672865
0.9805119816825257
0.9805119816824839
0.9805119816808944
0.9805119816822476
0.9805119816825324
0.9805119816699785
0.980511981676726
0.9805119816822897
0.9805119816811941
0.9805119806804717
0.980511981682532
0.9805119816824593
0.9805110376694011
0.9805119816818977
0.9805119816823208
0.9805119812582543
0.9805119816824339
0.9805119816818666
0.9805119816823811
0.9805119815984676
0.9805119816824803
0.9805119816824105
0.9805104027403325
0.9805119816596047
0.9805119816817223
0.9805119816712069
0.9805119816787929
0.9805119816823369
0.9805119816820739
0.980511981679773
0.9805119816823469
0.9805119816792197
0.9805119816589097
0.9805119816793371
0.9805119206322557
0.980511981670456
0.9805119816822107
0.9805119816757935
0.9805119816503302
0.9805119816819754
0.9805119816727813
0.9805119816192782
0.9805119816824517
0.9805119816817884
0.9805119816748832
0.9805104387867586
0.9805119816696688
0.9805119816821065
0.9805119816655733
0.9805119816825151
0.9805119816758436
0.9805119816821743
0.9805119816752202
0.9805119816681575
0.9805095050235049
0.9805119816700683
0.9805117667052043
0.980511981663501
0.9805088618875306
0.9805119816824875
0.9805119816767124
0.9805119816798554
0.9805119816624984
0.9805119816799688
0.980511981638613
0.9805119816800889
0.9805119816675542
0.9805119816790805
0.9805119815048207
0.9805086739864595
0.9805119813619274
0.9805119816427574
0.9805119815684932
0.9805119816336698
0.9805119816681551
0.9805119814176229
0.9805119816232634
0.9805119815934898
0.9805119816412187
0.9805119816535114
0.9805119816662887
0.9805119816795241
0.9805119816816757
0.9805119816803172
0.9805119816227181
0.9805119815159883
0.9805119816475572
0.9805119816442461
0.9805119816744471
0.9805119816754689
0.9805119816774179
0.9805119816823453
0.9805119815279384
0.9805119816299142
0.980511981297844
0.9805119816791413
0.980511973766802
0.9805119815859527
0.9805119816741668
0.9805119816676688
0.9805119813894346
0.9805119816695508
0.980511981682286
0.9805119816388806
0.9805119816244654
0.9805119816015053
0.9805119813072122
0.9804971960313473
0.9804906859707655
0.980511981680372
0.9805119813601801
0.9805119813074278
0.9805119816289463
0.9805119805921609
0.980511981491602
0.9804729653856946
0.9805119816716182
0.9805119336312353
0.980511981614842
0.9804909844958646
0.9805118181955387
0.9805119815665188
0.980469317574905
0.980475036549207
0.9805119815957968
0.9805119799103051
0.9804972166440635
0.9805119811275486
0.9804602852021906
0.9805119816236999
0.9805119146165391
0.9805118225843507
0.9805119814960637
0.9804811026990742
0.9805119815770529
0.9805119814466375
0.9804836870760726
0.9804712930742314
0.9805119813648503
0.9804621371848412
0.9805114138012226
0.9804669545721941
0.980312376445051
0.9805119806636501
0.9805118424654685
0.9805110388812756
0.9805117168494532
0.9805119525426989
0.9805119026729086
0.9803699632065774
0.9805119741997654
0.9792755397661349
0.9805088831758485
0.9218979126930188
0.24766331323399965
0.9805119816825285
0.9805119816825031
0.9805119816825326
0.9805119816825338
0.9805119816823936
0.9805118751060932
0.9805119816818514
0.9805119816819254
0.980511981580071
0.980511981681713
0.980511981682535
0.9805119816813634
0.9805119816819499
0.9805119816824737
0.9805119816824487
0.9805119689247527
0.9805119816825317
0.980511981681994
0.9805119816817577
0.980511981682159
0.9805119816825166
0.9805119806748936
0.9805119816815765
0.9805119814463514
0.9805119816822164
0.9805119816812677
0.9805119816808273
0.9805119816824593
0.9805119816822261
0.9805119816812154
0.9805119816819095
0.9805119816795096
0.9805119816798317
0.9805119816805853
0.9805119816798804
0.9805119816807842
0.9805119816823842
0.980509064979536
0.9805090969805105
0.980511981682083
0.9805119816817887
0.9805119816812613
0.9805119816693479
0.9805119785527106
0.9805119816759714
0.9805119816810676
0.9805119816810676
0.9805118853384576
0.9805119752775511
0.9805064158359599
0.9805119816694964
0.9805055295069609
0.9805119816540154
0.9805119816810022
0.9805052287657566
0.9805119815588732
0.9805119816794469
0.9805119816392126
0.9805119816724415
0.9805027403748898
0.9804959058576174
0.9804977499274373
0.9804899016935906
0.9805119779114024
0.9804908232628587
0.9805119592231546
0.9805119719671122
0.9805117157544838
0.9804982489931564
0.9805119722573844
0.9805119816800861
0.9805119816742288
0.980511957743856
0.9804853808330176
0.9805119815546958
0.9805119587150177
0.9805119739045164
0.9805116099222715
0.9805119816736111
0.9804829067891749
0.9805119816752734
0.9804902952072587
0.9805119741662145
0.9805119777158939
0.9805119771397655
0.9804587148588294
0.9804493970116088
0.9804643545044796
0.9805119529017454
0.980437180502585
0.9804673042091281
0.9805119815033969
0.9804103821817518
0.9805119045994195
0.9805117890388458
0.9805119177347204
0.9805113324062451
0.9804387697025557
0.980435038671668
0.9803133490680539
0.980316369417281
0.9805119581237901
0.9802780222247143
0.9802524035294508
0.98051194527756
0.9801921853671156
0.9803058418401082
0.9805088687009937
0.9805069162720805
0.9800279676386804
0.9800195699937921
0.9799554802643728
0.9799787846676008
0.9799562668739566
0.9805118639720494
0.9805119610887743
0.9805119765010941
0.9805118454709403
0.9805115692246241
0.9791870675011538
0.9792629964632245
0.9805119776698985
0.9805110513646247
0.9779048302762614
0.9676454516309807
0.9709896787466162
0.9174972067547167
0.980317770151994
0.9115798440048929
0.24766331323399965
0.24766331323399965
0.9805119816825142
0.9805119816825358
0.9805119816825354
0.9805119816825317
0.980511981306201
0.9805119816825334
0.98051198168246
0.9805119816824607
0.9805119816682102
0.980511746836364
0.9805119816824897
0.9805119816819666
0.9805119816408308
0.9805119816534346
0.9805119816775749
0.9805119814365164
0.9805119815270303
0.9805119816347269
0.9805114351539683
0.9805119816703443
0.980511981442844
0.9805119816199401
0.9805119724623417
0.9805119807053226
0.9805119816473323
0.9805119816641407
0.9805119530626479
0.980511981677187
0.9805119600868895
0.9805119798251193
0.9805119804598863
0.980511981666243
0.9805119816764635
0.9805046981981042
0.9805119816566302
0.9805119540703221
0.9805118818176172
0.9805119813274079
0.9805119812848373
0.9805119816258064
0.9805119814072009
0.9805119800950225
0.9804996875713247
0.9805119805220224
0.9805119794344255
0.9804993674961957
0.980511981665162
0.9804914487534128
0.980511981648232
0.9805118045364074
0.9805119810129307
0.980490177937356
0.9804583830046221
0.9805119794973551
0.9805118542666581
0.98049607568057
0.9805119713045893
0.980511981205204
0.9805119711811029
0.9805119811555394
0.9805118796309847
0.980511981361718
0.980459760347608
0.9804893032860557
0.9805119814765436
0.9805116467203004
0.9805119815796368
0.9805119780764775
0.980511981165355
0.9805116007972283
0.9805119707022373
0.980511978923235
0.9805119782092044
0.9805119727898656
0.980511980338588
0.9804676330200851
0.9805119384808371
0.9805119384808371
0.980511970495122
0.9805119802804659
0.980510826833193
0.9805119685822006
0.9803811462156399
0.9805119733303105
0.9805116268237749
0.9804394437269176
0.9805119474864447
0.9805119800457136
0.9805119781108723
0.9805119744224755
0.9805119805334018
0.9805108435772858
0.9805116819118185
0.9805119766122001
0.9805119789656006
0.9804072832893387
0.9805119634282119
0.9805119759701969
0.980511772551626
0.9805119789546043
0.9803162857754255
0.9805119583254273
0.9805118838190402
0.9805119718187122
0.9805116035906256
0.9802155159811435
0.9805117851465908
0.9805119678454896
0.9799043062446003
0.9805119475668673
0.9801047272600082
0.9805119667673688
0.9800144490566517
0.980511865577382
0.9802426968304938
0.9800857213347334
0.9805119426018541
0.9805057808553208
0.9798927537666425
0.9797341040288128
0.9798174534342166
0.9797342582250043
0.9805119668971483
0.9805102795349866
0.9792865064961133
0.9805118530388308
0.9795732192546815
0.9805099806969687
0.9789431690146003
0.9792779033404801
0.9804835087081052
0.9792405509970988
0.9805107803226225
0.9788419177927492
0.980501468194323
0.9805119041184559
0.978261940095613
0.980508966516118
0.9804881839155964
0.9760662732807655
0.9804421592396185
0.9804780535180914
0.9750696370458959
0.9756317591774162
0.9804869534820887
0.9804848409398507
0.9767012802600872
0.9804896694738338
0.9739889050246029
0.9739294750992641
0.9687557555628679
0.9521538714119743
0.9804337288770616
0.9800860390424164
0.9494613349458119
0.980211755072931
0.9371665521131504
0.9799290396539608
0.9799290396539608
0.9804512256479098
0.9647167718530787
0.9364048034558102
0.9794753283478952
0.9674057872273847
0.9382446235064201
0.9797622457380198
0.9548899656136872
0.9342531716804995
0.9313719768698505
0.9245924232773923
0.97995430566989
0.9212740500749304
0.9246529046525631
0.8453775793862934
0.9082074930268847
0.9053376404550139
0.9032515487233875
0.8745953974531988
0.8734162851903947
0.8789284843551634
0.9801744346250184
0.7268337993344203
0.6963672133943456
0.70869492875308
0.611333616631725
0.5544098117414701
0.24766331323399965
0.24766331323399965
0.24766331323399965
0.24766331323399965
0.24766331323399965
0.24766331323399965
0.24766331323399965
0.24766331323399965
0.24766331323399965
0.24766331323399965
0.24766331323399965
0.24766331323399965
0.24766331323399965
0.24766331323399965
0.24766331323399965
0.24766331323399965
0.24766331323399965
0.24766331323399965
0.24766331323399965
0.9805119003989159
0.9805119816395661
0.9805119816825328
0.9805119816825311
0.9805119816825238
0.9805119816825238
0.9805119816825334
0.980511981682519
0.9805119816824978
0.9805119816824978
0.980511981682526
0.9805119816824371
0.9805119816725416
0.9805119816825271
0.9805119816825347
0.9805117579622299
0.9805119816539923
0.9805119816730812
0.9805119816825257
0.9805119816825315
0.9805119816825222
0.9805119816799713
0.9805119814833583
0.9805119816821605
0.9805119816565361
0.9805119815798454
0.9805119816824998
0.9805119814934986
0.9805119815416848
0.9805109592161847
0.9805110855969633
0.9805119788336482
0.9805116708425886
0.9805119816824786
0.9805119816825086
0.9805119816824361
0.9805119816823428
0.9805119815505983
0.9805119816824135
0.9805119816824038
0.9805119816825262
0.9805119816059207
0.9805119816824077
0.9805119814829474
0.9805119816265162
0.9805105573918492
0.9805119814770836
0.9805119814157441
0.9805119815753683
0.9805119816213378
0.9805119816821549
0.9805119816728297
0.9805119816273727
0.9805077632901923
0.9805119816297518
0.980511980941483
0.9805078882286784
0.9805119816824079
0.9805119813381856
0.9805119816819989
0.9805119779649805
0.9805052699425756
0.9805119809651669
0.9805119690553216
0.9805119815960139
0.9805119815989257
0.9805119814308856
0.9805119812222217
0.9805037116399401
0.9805119801073922
0.9805119806115005
0.9804993061784839
0.9804965786676088
0.9805119782300945
0.9805048579088689
0.9804912300972942
0.9805119814757366
0.9805119805672028
0.9805119816521866
0.9804819245657467
0.9805119665849399
0.9805119815542984
0.9804721032889019
0.9805119813533497
0.9805119786209763
0.9804696672530533
0.9805119447680284
0.9805118479757242
0.9805119611034521
0.9805119816011171
0.9805119815084695
0.9804610570361059
0.9804985078280828
0.9804060245000961
0.9805118749042588
0.9805119718980252
0.980511981506626
0.9805119735562257
0.980511980587182
0.980511980587182
0.980511980684788
0.9805119778461678
0.9805119778461678
0.9805119778461678
0.980511971907673
0.980511971907673
0.980511971907673
0.980511971907673
0.9805119612459151
0.9805119194010067
0.9805119710003822
0.9803550875193123
0.980511962812564
0.9805119599480971
0.9805119043828235
0.980511964458547
0.980511189255125
0.9805119816675008
0.9802307507333647
0.9805119345330018
0.9805118733859802
0.980511973008066
0.9805119528394685
0.9805117103383055
0.9796050172702845
0.9798905960018793
0.9805117714065601
0.9793876851611206
0.9792115738912537
0.9805019032869051
0.9773089582986328
0.9772320942711573
0.9770149418237233
0.9805084652298629
0.976372634296997
0.9733952169363735
0.9803848708227417
0.9795063393862867
0.530944403820927
0.24766331323399965
0.24766331323399965
0.24766331323399965
0.24766331323399965
0.24766331323399965
0.24766331323399965
0.9805119816825343
0.9805119816825358
0.9805119816825345
0.9805119816825336
0.9805119816286049
0.9805119815429819
0.9805119816825358
0.9805114237847012
0.9805119816825343
0.9805119801107541
0.9805119816825264
0.9805111535977059
0.9805119816825243
0.9805111418610613
0.9805119816824726
0.9805119816825328
0.9805119816825333
0.9805119816824776
0.9805119816824235
0.9805119816825181
0.9805119816823716
0.9805119816825345
0.9805119811648332
0.9805119816825185
0.9805119816825294
0.980511981682517
0.9805119816825166
0.980511981682423
0.9805099386107853
0.9805119816825354
0.9805119816824506
0.9805119816822974
0.9805119816825287
0.9805119816825287
0.9805091881821356
0.9805119816824811
0.9805088445392998
0.9805119816824968
0.9805119816824968
0.9805119816824968
0.9805119816824968
0.9805119816824968
0.9805119816799371
0.9805119816824045
0.9805119816823934
0.9805119783154668
0.980511981682138
0.980511981682138
0.9805085029096082
0.9805074887548538
0.9805119816823586
0.9805119816816085
0.9805119816439682
0.9805119816806365
0.9805119816806365
0.9805076131786631
0.9805119816825247
0.9805119816822655
0.9805119816825187
0.9805119816815094
0.9805119816807856
0.9805119816813553
0.9805119816811803
0.9805119816815511
0.9805054500858408
0.980511981681769
0.9805041860032153
0.9805080095118414
0.9805119795622709
0.9805079179313654
0.9805119496079652
0.9805119515752665
0.9804970235421472
0.9805119816824607
0.9805119807493297
0.9805119816789879
0.9805119816825273
0.9805119633516868
0.9805119766729159
0.9804957812917321
0.9804908904192653
0.9805000374982966
0.9805119731012839
0.9804939103091563
0.980489592530361
0.9805119685987683
0.9804888637207223
0.9805119630896165
0.9805119788364026
0.9805119805397856
0.9805118931824304
0.9804703344383219
0.9805119680614285
0.9804650747021041
0.9805119816739974
0.9804720244493134
0.980511938508648
0.9804777226912146
0.9804596770884376
0.9804760170124492
0.9804377279716858
0.9804933398937714
0.9805119648172468
0.9804218815655215
0.9804061770021985
0.980361551509721
0.9803370867957105
0.9803279973867924
0.9803548092974281
0.9803410371955287
0.9802980070145892
0.9805119798486633
0.9803021559074826
0.9805119814414994
0.9805119774970258
0.9802491772139388
0.9805119731015504
0.9801935698775212
0.9803217213573966
0.9805119637487866
0.9800578970586625
0.9805119088694353
0.9805119228682024
0.9800635147239984
0.9803116509360912
0.9805117438171435
0.9805118018973878
0.9799690517939021
0.979928849172254
0.9798166961757887
0.9801785681473123
0.9805117199491646
0.9799008842104392
0.9797164034899349
0.9796773984332252
0.9785372212475006
0.9794220400953592
0.9805117905280525
0.9805117938046339
0.9805119356802843
0.9783815045613047
0.9789856763839615
0.9789870211492343
0.9805111973561104
0.9798063754171209
0.9786442761307933
0.9766441783833975
0.9805118860532015
0.9746277192459134
0.9776907615296959
0.9776134660164132
0.9692549739449484
0.9804982872890048
0.9722763101081957
0.9631582608635096
0.9805081020020476
0.9511346911679971
0.9493270514647633
0.9572698199200307
0.9383757377150552
0.954665217854356
0.9019939796656384
0.8971072047881671
0.9804956861173807
0.24766331323399965
0.24766331323399965
0.24766331323399965
0.24766331323399965
0.24766331323399965
0.24766331323399965
0.24766331323399965
0.24766331323399965
0.9805119611685857
0.980511926197239
0.9805119816825315
0.9805119816825234
0.9805119816823561
0.9805119816825025
0.980511981682472
0.9805113366119004
0.9805119816824743
0.9805119816825341
0.9805119816824353
0.9805119816822102
0.9805119816392205
0.9805119816818773
0.9805119816823851
0.9805119816824482
0.9805119816824331
0.980511981682235
0.9805119816824878
0.9805119816813478
0.9805119816807394
0.9805119816822937
0.9805119816788749
0.9805119813757259
0.9805119816821759
0.9805119816822094
0.9805119816819656
0.9805119816824421
0.9805119816819724
0.9805119816565735
0.9805119816513523
0.9805119816751547
0.980511981680282
0.9805119816821868
0.9805119816821415
0.9805119816756216
0.980511981524465
0.9805119816749301
0.9805119806790958
0.9805119816796597
0.9805119790673208
0.9805119816732885
0.9805119816792521
0.9805119816548304
0.9805119816667545
0.9805119816821797
0.9805119816593136
0.980511981682108
0.9805119794415248
0.9805119816822256
0.9805119816813896
0.9805119816813896
0.980511981681385
0.9805119816824427
0.9805119816818956
0.9805119816776263
0.9805119816768121
0.9805119816782059
0.9805119746474328
0.9805119816778468
0.9805119807842002
0.9805119816823915
0.9805119816681017
0.9805119816814123
0.9805119816536638
0.9805094193402502
0.980511981663055
0.9805119816822273
0.9805119816808446
0.9805073918180854
0.9805119816821392
0.9805119791075214
0.980511980638809
0.9805091626658085
0.9805119815076022
0.9805119816343943
0.9805119806101329
0.9805119816727158
0.9805119814912823
0.9805076410053398
0.9805119798747335
0.9805119816370172
0.9805119760514887
0.9805119816795832
0.9805119793506013
0.980507321665717
0.9805119805205936
0.980511981667064
0.9805119581700708
0.9805119816762596
0.9805119785761752
0.9805119757709475
0.9805119815905377
0.9805119816612767
0.9805119776837877
0.980511981629071
0.9805044074962315
0.9805119770219913
0.9805119816738982
0.9805119813397323
0.9805119816809736
0.9805119697383218
0.9805119816811405
0.980511870053894
0.9805119816773481
0.980511981676565
0.9805119310758961
0.9805119815705127
0.9805119790967115
0.9805119044482289
0.9805119816785901
0.9805118568622352
0.9804892840367941
0.980490392571786
0.9805119811997461
0.9805119699565896
0.9804856260306571
0.9805119631627401
0.9805119816372629
0.9804742882204506
0.9805119234883953
0.9804956688450065
0.9805119816667139
0.9805118893392182
0.980511901664007
0.9804818270528779
0.9805119164779966
0.9805119525534015
0.9805119099865224
0.9804861369519985
0.9805119805869696
0.9805119664425727
0.9805119812674625
0.9805119816759452
0.9804606695652193
0.9805119812592606
0.9804633138483743
0.9805118873425493
0.9804587081519294
0.9805118743671614
0.9805119814264076
0.9805119239085863
0.9805119232889593
0.9805119811025836
0.980510983704942
0.9805119812319272
0.9805119547710806
0.9805119670200293
0.9805119810607258
0.9805119791787532
0.9805118270235513
0.9804219198567975
0.9805119425022681
0.9805119532545176
0.9805100791754771
0.9804337726767877
0.9803829533985173
0.9805119702197902
0.9805119783038614
0.9803939809721716
0.9805117982000113
0.9805119602268078
0.9805119807430716
0.9803439661345035
0.980511956999999
0.980511511233092
0.9805119024529453
0.9803361071807292
0.980511544081478
0.9805117383935789
0.9805119291935969
0.9805118505580599
0.9803764305181697
0.9804066252970955
0.980511886707966
0.9803793142539513
0.9805117528056583
0.9802793544787973
0.9803474335423971
0.980509692677915
0.9805116986849004
0.9803077986949644
0.980511947137182
0.980511891148098
0.9805117936161057
0.9802478371791792
0.9805119640334029
0.9800816998583515
0.980078393363491
0.9802129056886631
0.9805107865386457
0.9805115738421546
0.9805097844926889
0.9800111337987748
0.9805116257099608
0.9799651900155132
0.9799612169254769
0.9799138369683162
0.9799118892421672
0.9797655944378614
0.9800769147352842
0.9797143019662891
0.9805103084665926
0.9805119746345397
0.9790824977687771
0.9800322791604225
0.9805113638313152
0.9805065557067708
0.9796046055590704
0.9805110602281163
0.978567908721435
0.9780404959373674
0.979337358941541
0.9805117029393455
0.9793960027001961
0.9805086565256514
0.9805005590084681
0.9805085999287664
0.9789049703563582
0.9787512188238164
0.9789871915532016
0.9805031604169253
0.9744278723296385
0.9805057229113462
0.9804840335755164
0.9805039526026403
0.9804773073690496
0.9717099624588614
0.9722975526475789
0.9729320006995271
0.9703708025519899
0.9676552066023123
0.9671302746570335
0.9629079041712627
0.9583852276394728
0.9584216517703584
0.9591401511415082
0.9564838446579329
0.9440650116787458
0.9220882542746709
0.8760440713630465
0.8138311915523053
0.24766331323399965
0.24766331323399965
0.24766331323399965
0.24766331323399965
0.24766331323399965
0.24766331323399965
0.24766331323399965
0.24766331323399965
0.24766331323399965
0.24766331323399965
0.24766331323399965
0.24766331323399965
0.24766331323399965
0.24766331323399965
0.24766331323399965
0.24766331323399965
0.24766331323399965
0.24766331323399965
0.24766331323399965
0.24766331323399965
0.9805119816825296
0.980511981682491
0.9805119816633256
0.9805119816825358
0.9805119816825215
0.9805119816819148
0.9805118968071841
0.9805119816825225
0.98051198167971
0.9805119719801597
0.9805119816786139
0.9805119816788196
0.980511981682091
0.980511981682422
0.9805119816792512
0.9805119816508696
0.9805119816825247
0.9805119816825157
0.9805119816819086
0.9805119811999284
0.9805119816790301
0.9805119816760588
0.9805119816822513
0.9805119816637962
0.9805119816822632
0.9805119816825202
0.9805119816819037
0.980511981681909
0.9805119816822826
0.9805119816523646
0.980511981681091
0.9805119816822495
0.9805119816792063
0.9805119816757311
0.9805119816028539
0.9805119816794476
0.9805119816803605
0.9805119816790737
0.9805119759026879
0.9805119816816212
0.980511981682362
0.9805119816728264
0.9805119816576876
0.9805119816822798
0.9805119816736055
0.9805119816821625
0.9805119815983406
0.9805119816822421
0.9805119816812934
0.9805119816815602
0.9805119816811775
0.9805119816779185
0.9805119816693271
0.9805119814879
0.980511981629458
0.980511978559749
0.9805119816819788
0.9805119816821928
0.9805119816813688
0.9805119816788109
0.9805087725693787
0.9805119810274696
0.9805119816743363
0.980509827816991
0.980511981241236
0.9805119816818266
0.980511981395651
0.9805119816032338
0.9805119816709584
0.9805119816350051
0.9805119816710283
0.980511981652117
0.9805119815832752
0.9805119816690451
0.980511981657925
0.9805119816178266
0.9805119815257349
0.9805119815848057
0.9805119816718093
0.9805119811588391
0.9805119816624575
0.9805119815431685
0.9805119761411942
0.9805119807261441
0.9805119816584358
0.9805119815083284
0.9805119816567445
0.9805119816156845
0.9805119816684825
0.9805119813475189
0.9805119808699213
0.9805119813373046
0.9805119746995543
0.9805119815736403
0.9805119811146631
0.9805119814275863
0.9805119813909217
0.9805119808394532
0.9805119794974597
0.9805119814708062
0.980511979566105
0.9805085150272954
0.9805119800634432
0.975749898511498
0.9449306575746139
0.4531550842036817
0.253067859750263
0.253067859750263
0.253067859750263
0.9805119816825358
0.9805119816819701
0.9805119816819701
0.9805119816819701
0.9805119816819701
0.9805119816819701
0.9805119816813698
0.9805119816824457
0.9805119816803533
0.9805119816803533
0.9805119816763533
0.9805119816824346
0.9805119816823742
0.9805119816825305
0.9805119816825326
0.9805119816401918
0.9805119816825285
0.9805119816550893
0.9805119816604619
0.9805119816722504
0.9805119790238191
0.9805119816797562
0.9805119753054043
0.9805119816809956
0.9805119208291002
0.980511981673498
0.9805119816531862
0.980511909508453
0.980508982446399
0.9805119816820799
0.9805119816767056
0.9805119811072365
0.9805119816404576
0.9805119816308329
0.980511981588365
0.9805119816817152
0.9805119810434463
0.9805119659784174
0.9805119816677378
0.9805117595439309
0.980511749791641
0.9805119816700139
0.9805119815304544
0.9805119565793268
0.9805119812684042
0.9805118053178951
0.9805117664813264
0.9805117751966077
0.9804396528348581
0.9805117067433179
0.9805119808203784
0.980510542649955
0.9805107408351094
0.9805076107817204
0.9805112374796628
0.980507996588701
0.9805116211775928
0.9805104525621223
0.9804739334498177
0.9805113972102443
0.9804884959124438
0.9804855361652145
0.9804983203169444
0.9804529119088305
0.9792351188273968
0.978660091207303
0.9805086390291052
0.9804903135034366
0.9792751880367989
0.9805044625669371
0.9804468632007751
0.9805068741557976
0.9803912343234673
0.9782610224253302
0.9804954979889514
0.9769450317575396
0.9772407032385442
0.9804503475275019
0.976280643416082
0.9757395648972264
0.9741954617998287
0.9804403200457604
0.9804742257687785
0.9755901048254284
0.9804183961073883
0.980376518285991
0.9751877521621891
0.9731809309609799
0.9686070785964366
0.968949407143877
0.9734295861129415
0.9679526811930784
0.9804135730838982
0.9804405937658995
0.9802591655158
0.9670636151368257
0.9700616546199896
0.980165607364594
0.9653916177764325
0.9656042182533789
0.9667838872726128
0.9590611326446304
0.9800592814553495
0.9803813519031482
0.9450052364360139
0.9798269072771528
0.9591486734222499
0.9599812922959691
0.9608445541425019
0.9443897620113054
0.9553957866369163
0.9798642873078615
0.9542097563791111
0.9510183864381602
0.9592145322961734
0.9801542318282561
0.9148279522903164
0.9189381302209076
0.8284363150602301
0.9798647436175245
0.9441376401695332
0.9284013808655921
0.908936063282738
0.8862350200095873
0.8623160505639943
0.8306568407034224
0.8495314686522801
0.7965219231230374
0.810283088163696
0.8402676865274057
0.7606191254233297
0.681625510334982
0.6754021386233712
0.7147559908586711
0.6418633811953459
0.5958115484646254
0.6076342408038172
0.5813253646228779
0.5545969931883974
0.5676517659405871
0.5321503639983342
0.5183929502773227
0.5132797269408835
0.4945774113858681
0.5078191077962325
0.44282920848112134
0.2951398599099044
0.2951398599099044
0.2951398599099044
0.2951398599099044
0.2951398599099044
0.2951398599099044
0.2951398599099044
0.2951398599099044
0.2951398599099044
0.2951398599099044
0.2951398599099044
0.2951398599099044
0.2951398599099044
0.2951398599099044
0.2951398599099044
0.2951398599099044
0.2951398599099044
0.2951398599099044
0.2951398599099044
0.2951398599099044
0.2951398599099044
0.9805119814820582
0.9805117428081054
0.9805119809678671
0.980511981682504
0.9805119804883544
0.9805119816632475
0.9805119794528624
0.9805115613287916
0.9805119816776122
0.9805118075879792
0.9805119807817071
0.9805119813111381
0.9805119816825298
0.9805119779181823
0.9805114874270331
0.980510713152575
0.9805119769369549
0.9805105640431485
0.9805119809571272
0.9805079972230317
0.9805119745484504
0.9805119814469281
0.9805119816824378
0.9805047970752023
0.9805119810267018
0.9805119168592397
0.9805048209290746
0.9805034403372174
0.9805119816822407
0.9805119816693505
0.9805119807189422
0.980511981265901
0.9805119812041734
0.9805119812587334
0.980511981445258
0.9805119814687505
0.9805119816823369
0.9805119814188489
0.9805119816654201
0.9805119816798462
0.980511981636015
0.9804902320495844
0.9805056505207355
0.9805119816325392
0.9805119805725038
0.9805039121532548
0.9805004860029145
0.9805119766058672
0.9805119816745032
0.9805014880926735
0.9805119804691569
0.9805119791690116
0.9805119811350113
0.9804850209195243
0.9805119806094766
0.9804715822587137
0.9804896698296941
0.980481662904192
0.9805119798720044
0.9805119752300959
0.9805119724736374
0.9805119808777546
0.9805119797460752
0.980439620234807
0.9805119778643535
0.9805119752763994
0.9804609959702978
0.9805119698464085
0.9805119627191704
0.9805119815209988
0.9805119013508468
0.9805119345226115
0.9805119345226115
0.9804196017892891
0.9805119573836902
0.9805118494331237
0.9805117525632733
0.9803472374251594
0.9805116887363869
0.9805115949165913
0.9805115018675278
0.9805116443074833
0.9800882172530835
0.9800882703069236
0.9803322070993673
0.9800783635601095
0.9799626717382741
0.9805119283078746
0.9805116812603765
0.9798898627806424
0.9805118455913813
0.979681403477043
0.9796040355864529
0.9796660408616169
0.9800875990323336
0.9789569761904232
0.978442248573084
0.9778275597900496
0.9785063668109624
0.980510986054485
0.9796645673444195
0.9805119812150731
0.9768123065340293
0.9762982504949625
0.9755799409268587
0.9756955518371428
0.9748816882956544
0.9741699134660197
0.9804717870964336
0.9727146687593513
0.9716385979161662
0.96977608319123
0.9697942497287706
0.9672344993505221
0.9673725575985804
0.9669849694154727
0.9648045738582399
0.9804531495556856
0.9805093003086552
0.9662499072829435
0.9577967489428842
0.9592853454125854
0.9541424224658923
0.9411150197783728
0.8635370341530161
0.9803144262437995
0.24766331323399965
0.24766331323399965
0.24766331323399965
0.24766331323399965
0.24766331323399965
0.24766331323399965
0.24766331323399965
0.24766331323399965
0.24766331323399965
0.24766331323399965
0.24766331323399965
0.24766331323399965
0.24766331323399965
0.24766331323399965
0.24766331323399965
0.24766331323399965
0.24766331323399965
0.24766331323399965
0.24766331323399965
0.24766331323399965
0.24766331323399965
0.24766331323399965
0.24766331323399965
0.24766331323399965
0.24766331323399965
0.24766331323399965
0.24766331323399965
0.24766331323399965
0.24766331323399965
0.24766331323399965
0.24766331323399965
0.24766331323399965
0.24766331323399965
0.9805119816825358
0.980511981645868
0.9805119816818669
0.980511981682526
0.9805116934944947
0.9805119816825347
0.9805119816825074
0.9805119816825356
0.980511841087273
0.9805119816825358
0.9805119816825253
0.98051198168237
0.9805119816825209
0.9805113933167205
0.9805119815601675
0.98051197755935
0.9805107357008893
0.9805119816823744
0.9804659715053637
0.9804504823749358
0.9805119079031126
0.9805119775837692
0.9805119384082036
0.9805119692433544
0.9805119784794802
0.9804280819356848
0.9804138788189073
0.9804647840630817
0.9805119567443811
0.9804668530082673
0.980511968016392
0.9805119605479816
0.9805119118241555
0.9805119102203708
0.9804194162097403
0.9805118351580674
0.9805119518816539
0.980511938605306
0.9805119503702241
0.9805117673879398
0.9803043484980324
0.9805118197301725
0.9805119699864895
0.9803182951253598
0.9805119430680462
0.980511917305625
0.9805117374849898
0.980511791735352
0.980511791735352
0.980511791735352
0.9802601177339899
0.9805114300179203
0.980511169631143
0.9805118794398944
0.9805107595871434
0.9805116522968345
0.9802177698472552
0.9803630927926339
0.9805117340609584
0.9800730563115994
0.9805108593131737
0.9805118331453571
0.9802920151522055
0.9799125191487139
0.9797488476160819
0.9805117080563398
0.9794261062467581
0.9797079540458471
0.9792311470241087
0.9792473186165983
0.9799969648395459
0.9785626684489594
0.9805113153192643
0.9786006588149132
0.9789081892911516
0.9805116693666449
0.9786445782113323
0.9777475455162195
0.9777001686391608
0.979093888700488
0.9780621703343542
0.9789655844035219
0.9766007530746277
0.9765500907667695
0.9724085488626973
0.9725649861783586
0.9722577378378977
0.9691088835212137
0.9688100085793228
0.9684255815390904
0.9729380689453113
0.9743736628908333
0.9665397859119976
0.9736599685172552
0.956424860849134
0.9805077331637161
0.9426202056091038
0.9351465371212199
0.8990689888322324
0.8491001959321015
0.6776453844977335
0.24766331323399965
0.24766331323399965
0.24766331323399965
0.24766331323399965
0.24766331323399965
0.24766331323399965
0.24766331323399965
0.24766331323399965
0.24766331323399965
0.24766331323399965
0.24766331323399965
0.24766331323399965
0.24766331323399965
0.24766331323399965
0.24766331323399965
0.24766331323399965
0.24766331323399965
0.24766331323399965
0.24766331323399965
0.24766331323399965
0.24766331323399965
0.24766331323399965
0.24766331323399965
0.24766331323399965
0.24766331323399965
0.24766331323399965
0.24766331323399965
0.24766331323399965
0.9805119816825358
0.9805119816825055
0.9805119816825298
0.9805119815013694
0.9805119816822984
0.9805119816825305
0.9805119816825195
0.9805119816825322
0.9805119816825322
0.9805119816825322
0.9805119816825322
0.9805119816825089
0.9805119816825089
0.9805119804549073
0.9805119816824179
0.9805119816824179
0.9805119816824179
0.9805119816824179
0.9805119816825322
0.9805119816117767
0.9805119816821195
0.9805119816824419
0.9805119816823163
0.980511981680397
0.980511981680397
0.980511981680397
0.9805119816783011
0.9805119816783011
0.9805119816824811
0.9805119816821142
0.980511981682432
0.9805119816805201
0.9805119816694816
0.9805119816694816
0.9805119790377763
0.98051198168171
0.9805119804233728
0.9805119800064351
0.9805119816825114
0.9805119816823508
0.9805119816143604
0.9805119816819966
0.9805119782429143
0.980511979339187
0.9805119816812152
0.9805119816811738
0.9805119816825125
0.9805119816823527
0.980511981681345
0.980511981681912
0.9805119816781352
0.9805119816824679
0.9805119816818422
0.9805119816824681
0.9805119816811634
0.9805119695886843
0.9805119816816849
0.9805119732588379
0.9805119816765897
0.9805119816816172
0.9805119816812998
0.9805090576498341
0.9805119816823629
0.9805119816820047
0.9805119796400283
0.980511980625884
0.9805119816825162
0.9805119816794035
0.9805119816756036
0.9805054936412324
0.9805119778932699
0.9805119816778345
0.9805119816824833
0.9805119816753921
0.9805119816819032
0.9805119816109674
0.9805119816822446
0.9805119816428445
0.9805119816820305
0.980511980643201
0.9805119816820254
0.9805119816740856
0.980511981682228
0.9805119064851738
0.9805119532191019
0.9805119816630198
0.980511981493277
0.9805119816763392
0.9805119816801231
0.9805119588744357
0.9805118298325753
0.9805119816781154
0.9805119402442798
0.9805119816271627
0.980497915192351
0.9805119816807567
0.9805119816778172
0.9804766713644569
0.9804953281347883
0.9805119748173148
0.9805119811823496
0.9804371330236022
0.9805119816387682
0.9805119293587203
0.9805119816683409
0.9804229108025626
0.9804295833709759
0.9805119815810237
0.9805118451289293
0.9805118677473313
0.9805119762181362
0.9805119142025409
0.9805119482476452
0.9805115601569255
0.9805118562712222
0.9801929462355706
0.9805117423675989
0.9805118239752453
0.9805114494746928
0.9805118014489
0.9805116775758237
0.9805115879078473
0.9805115879078473
0.9805112461478573
0.980510055802182
0.980510055802182
0.9798281314088518
0.9805079834321528
0.9805079834321528
0.9805115351632943
0.9805108837285037
0.9805119816464928
0.9805112807040466
0.9805019670434549
0.9805117446047613
0.9805091763615454
0.9805107935700154
0.9804938233649908
0.9805118074658908
0.9805072955667353
0.9803584162567082
0.9805119816102685
0.9805042154356046
0.9805082603918409
0.9805087817207823
0.980507189887694
0.9805104694145614
0.980509431467146
0.9805110139693437
0.9805086161033317
0.9805103397467546
0.9805111672832809
0.9805090165932818
0.9805112907362802
0.9805107422798796
0.9795631615604721
0.9805113979039558
0.9776795709211011
0.9797208046498067
0.9772775899800799
0.9805105227474221
0.9805102987227687
0.9764360715996191
0.9804988365503178
0.9743609660725339
0.980497982764327
0.975475238116651
0.9721633162039262
0.9692077624979225
0.9752669542155858
0.9804727078792365
0.9804877746288831
0.9560160214491029
0.9598966676325557
0.9631280715371922
0.9545651230021309
0.9431914475694397
0.9457760756475332
0.9430114917202242
0.9181567263667499
0.9161666736517824
0.9189359598604352
0.8612028513080083
0.8307657866605597
0.7153386394965245
0.24766331323399965
0.24766331323399965
0.24766331323399965
0.24766331323399965
0.24766331323399965
0.24766331323399965
0.24766331323399965
0.24766331323399965
0.24766331323399965
0.24766331323399965
0.24766331323399965
0.24766331323399965
0.24766331323399965
0.24766331323399965
0.24766331323399965
0.24766331323399965
0.24766331323399965
0.24766331323399965
0.24766331323399965
0.24766331323399965
0.24766331323399965
0.24766331323399965
0.24766331323399965
0.24766331323399965
0.24766331323399965
0.24766331323399965
0.24766331323399965
0.24766331323399965
0.24766331323399965
0.24766331323399965
0.24766331323399965
0.24766331323399965
0.24766331323399965
0.24766331323399965
0.24766331323399965
0.24766331323399965
0.24766331323399965
0.24766331323399965
0.24766331323399965
0.24766331323399965
0.24766331323399965
0.24766331323399965
0.24766331323399965
0.24766331323399965
0.24766331323399965
0.24766331323399965
0.24766331323399965
0.24766331323399965
0.24766331323399965
0.24766331323399965
0.24766331323399965
0.24766331323399965
0.24766331323399965
0.24766331323399965
0.24766331323399965
0.24766331323399965
0.9805119816825317
0.9805119816808201
0.9805119237195835
0.9805119816825356
0.9805119816824946
0.9805119816825271
0.9805119816825333
0.9805119816804666
0.9805115250987398
0.9805119816825308
0.980511981682076
0.9805119816825262
0.9805119816825181
0.9805119816825245
0.9805119816824122
0.980511981682517
0.980511981682478
0.9805119816825333
0.980511981681712
0.9805119816824919
0.9805119816825169
0.980511981592193
0.9805119816799408
0.9805119816825213
0.9805119816824533
0.9805119816824533
0.9805119816824533
0.9805119816824533
0.9805119816824533
0.9805119816824533
0.9805119816824533
0.9805119816824533
0.9805119816822766
0.9805119816822766
0.9805119816822766
0.9805119816823006
0.9805119816818779
0.9805119816818779
0.9805119816818548
0.9805119816824649
0.9805119816811009
0.9805119816811009
0.9805119816811009
0.9805119816811009
0.9805119816811009
0.9805119708773076
0.9805119816825241
0.9805119816779914
0.9805119816820688
0.9805119816797397
0.9805119816797397
0.9805119816797397
0.9805119816797397
0.9805119816796628
0.980511981677539
0.9805119816818424
0.9805119816823943
0.9805119816741936
0.9805119816741936
0.9805119816741936
0.9805119705892249
0.9805119816824339
0.9805119816824933
0.9805119816821294
0.9805119816803438
0.9805119816820401
0.9805119816801899
0.980511981682188
0.9805119816731683
0.9805119816824193
0.9805119816825114
0.9805119812671276
0.9805119816824998
0.9805119745079613
0.9805119816822141
0.9805119810579869
0.9805119816794722
0.9805119565828485
0.9805119816073539
0.980511981680694
0.9805119816822652
0.9805119816823057
0.9805119816821736
0.9805119814065626
0.980511981682365
0.980511981682064
0.9805119816762667
0.9805119816823226
0.9805119816825162
0.9805119816793209
0.9805089894711111
0.9805119816785176
0.9805119816825354
0.9805119816817207
0.9805101925725669
0.9805119816739958
0.980511981682445
0.9805119816824391
0.9805119816760031
0.98051198168175
0.9805076150301887
0.9805119816652113
0.9805119816822389
0.9805119816766853
0.9805119488691469
0.9805119816820633
0.9805119816813521
0.9805119816766149
0.9805118679779931
0.9805119816821163
0.9805057189916897
0.9805058369312564
0.9805119816817466
0.9805119816818608
0.9805119816820209
0.9805118361907084
0.9805119816824425
0.9805119816824425
0.9805119816571491
0.980505267267217
0.980511981680023
0.9805119816664951
0.9805119816812393
0.980511981621543
0.9805119816666855
0.9805119816820318
0.9805119816309292
0.9805026737081393
0.9805119816515386
0.9805119816514155
0.9805119789513277
0.9805119816075881
0.9805118938383255
0.9805119805542665
0.9805119816806079
0.9805119815289354
0.9805119815289354
0.9805119815289354
0.9805119814018896
0.9805119814018896
0.9805119814018896
0.9805119816026754
0.9805119816824869
0.9804976621463806
0.9804985366151401
0.9805119812116838
0.9805119812116838
0.9805119816766695
0.9805119816789966
0.9805119816745721
0.980511980942659
0.9805119816801579
0.980511864022726
0.9804991521625677
0.9805119814896917
0.9805119224549839
0.9805119816729488
0.9805119815940374
0.9805119816707774
0.9805119816626242
0.9805119816626242
0.9805119816724079
0.9805119816783009
0.9805119816063066
0.9805119816222074
0.9805119816222074
0.9805116177775964
0.9805119815385656
0.9805119816820642
0.9805119816824045
0.980511981389842
0.9805119816742739
0.9805119811515804
0.9805116550038521
0.9804847994623818
0.9804797959780345
0.9805119816824293
0.9805115181600341
0.980511980299947
0.9805119816752348
0.9805119816314328
0.9805109808433651
0.9805119797937644
0.9805119623777768
0.9805119816739379
0.9805112745290449
0.9805119816463952
0.9805119816014979
0.9805119816691038
0.9804721561539678
0.980511184186652
0.9805117814558951
0.9805119810543351
0.980511981618872
0.9804676728230294
0.9805119816801282
0.980511981677627
0.9805119816760873
0.9804781897991367
0.9804420866755996
0.9804489111705693
0.9805119816576842
0.9804516430577848
0.9805119242185004
0.9805108282164654
0.9804518217567517
0.980511981588734
0.9804310774159304
0.9805119816799394
0.9803747214952565
0.9804002243779778
0.9805119591702511
0.9803773838490482
0.9805119793927215
0.9804297612717858
0.9804005357810004
0.9803605599866763
0.9805113372855847
0.9805119750889391
0.9805088505324906
0.9802861930273711
0.980280844021338
0.9805119377562628
0.9803084642838275
0.9802766987542381
0.9802827701891219
0.9803026271099061
0.9802239648049867
0.9805119253163722
0.9801718406752901
0.9805119780694572
0.9805119790677509
0.9805104056043313
0.9800705827785392
0.9805011595726527
0.980084957725743
0.9800120044127231
0.9799490504794302
0.979973587793836
0.9795291947847042
0.980475758757121
0.9804838190710543
0.9805019771066108
0.980447341365854
0.9804350957512257
0.9767868871281523
0.9733300652281257
0.9804662460482996
0.9804983693141986
0.9803856102897166
0.9802827284902971
0.9805020027086732
0.980488567372108
0.980488567372108
0.980488567372108
0.980488567372108
0.9804691281256772
0.9804691281256772
0.9804691281256772
0.9804691281256772
0.9688637615916837
0.9804437887424187
0.9804437887424187
0.9804437887424187
0.9804126442909554
0.9803757492365501
0.9803757492365501
0.9802847028144186
0.9802847028144186
0.9801702980660699
0.9803898502998888
0.9586222606084758
0.980107975549637
0.9800368332659127
0.9341342253221918
0.827257933390123
0.6437569793545239
0.24766331323399965
0.24766331323399965
0.24766331323399965
0.24766331323399965
0.24766331323399965
0.24766331323399965
0.24766331323399965
0.24766331323399965
0.24766331323399965
0.24766331323399965
0.24766331323399965
0.9805119816824718
0.9805119816825358
0.9805119816825005
0.9805115990944027
0.9805119815737908
0.9805119816823462
0.9805119816824726
0.980511981682529
0.9805119816579752
0.9805119816825206
0.9805119816139162
0.9805119816825225
0.9805119816825225
0.9805119816825211
0.9805119816824899
0.9805119816824899
0.980511817107268
0.980509364639494
0.9805119816819772
0.9805119816819772
0.9805092573760494
0.9805114025746542
0.9805095598458198
0.9805084831653967
0.9805058557240539
0.980511981677061
0.9805119816233122
0.9804963293188754
0.9804965990148844
0.9804795245668351
0.9805119815817686
0.9803652686967765
0.9804585333628536
0.9804934499068306
0.9804082664692563
0.9805119814715705
0.9805119809207226
0.9805119814768756
0.9805119792681849
0.9805119692178947
0.9803360929871002
0.9803269557857534
0.9805119816746464
0.9805119733210497
0.9805119816068518
0.9804882838127308
0.9802416160832821
0.9802998027524171
0.9805119813254254
0.9805119778137511
0.9805119815427376
0.9805119814564208
0.9804860791570899
0.9805119756618974
0.9802564688364325
0.980511979195829
0.9805119633990826
0.9805119592757213
0.9800280603004823
0.9805119718542741
0.9805119645438901
0.979861451106215
0.9801371722992828
0.9799227261583422
0.9797259144017736
0.9805119805643063
0.9796250856534806
0.9799842367051808
0.9795077220290402
0.9805119676871294
0.9797266191388969
0.9796572097340304
0.9805119787955562
0.9805119640579013
0.9805119547732289
0.978938574535945
0.9805119815861536
0.980511960813745
0.9805119603004628
0.9782750778014844
0.9785457733059663
0.9805119710784611
0.9799338774400477
0.9805119420835101
0.9772130595590306
0.9805119381324788
0.9771574606665623
0.9770020010966783
0.9766457701990086
0.9766376930208673
0.9760747370045464
0.9760594705034953
0.976380039365917
0.9763267437746317
0.9757344812923654
0.9739694815006396
0.9746185030550933
0.9727888837302429
0.973016462625556
0.9805117449978502
0.9719741120923154
0.9716717483999086
0.9733707803231829
0.9805119481890695
0.9661041158204925
0.9703385447016226
0.9658441100162248
0.9653328164558896
0.9692139121337554
0.9645173413524458
0.9648930862637698
0.9640238833580919
0.9605807201219715
0.9611156673720177
0.9592074251257351
0.9576363508774425
0.9550784552512804
0.9549770695770845
0.9455022832425422
0.9418113566742629
0.9366487598419853
0.9338870482414109
0.9354471691621087
0.9241418407330281
0.9805115925232825
0.9805091410245161
0.24766331323399965
0.24766331323399965
0.24766331323399965
0.24766331323399965
0.24766331323399965
0.24766331323399965
0.24766331323399965
0.24766331323399965
0.24766331323399965
0.24766331323399965
0.24766331323399965
0.24766331323399965
0.24766331323399965
0.24766331323399965
0.24766331323399965
0.24766331323399965
0.24766331323399965
0.24766331323399965
0.24766331323399965
0.24766331323399965
0.24766331323399965
0.24766331323399965
0.24766331323399965
0.24766331323399965
0.24766331323399965
0.24766331323399965
0.24766331323399965
0.24766331323399965
0.24766331323399965
0.24766331323399965
0.24766331323399965
0.24766331323399965
0.24766331323399965
0.24766331323399965
0.24766331323399965
0.24766331323399965
0.24766331323399965
0.24766331323399965
0.24766331323399965
0.24766331323399965
0.24766331323399965
0.24766331323399965
0.24766331323399965
0.24766331323399965
0.24766331323399965
0.24766331323399965
0.9805119816825358
0.9805119816825185
0.9805119816821686
0.9805119816812999
0.9805119816802575
0.9805119816825023
0.9805119816805277
0.9805075230261734
0.9805119815383363
0.980511978900595
0.9805119801268888
0.9805119815623138
0.9805119816070864
0.9805119469566065
0.9805119814976643
0.9805119812951862
0.9805119815495736
0.9805119813143414
0.9805119813143414
0.9805119811855729
0.9805119786455536
0.9805119816695947
0.9805119812198468
0.9805110503676205
0.9805119803833511
0.9805119683298648
0.9805113996074725
0.9805117415191318
0.9805119792639876
0.9805119800859565
0.9805119750528434
0.9805119629618599
0.9804769729550346
0.9805103057331547
0.9805119697538166
0.98051196566317
0.9805119778346103
0.9805119779070597
0.9805119807764716
0.9805119773874352
0.9805119732525511
0.9805119732525511
0.9805115748134129
0.9805119640074986
0.9805119640074986
0.9803832437649489
0.9805094974126548
0.9804830334478603
0.9805119237678706
0.980511570732314
0.9805118994957228
0.9803893408477805
0.9805108324416052
0.9805119401314688
0.9805118148723342
0.980511954748955
0.9805102407095775
0.9802678729689199
0.9804071072981693
0.9805119398380046
0.980511975946967
0.9805105953028787
0.9805117461884331
0.9805119743093137
0.9801983156501919
0.9805118628787858
0.9805117314168503
0.9804975576540197
0.9805100152147995
0.9805106013121033
0.9805062132799968
0.9805054433675541
0.9805102000121673
0.9805119519072971
0.9805049086455893
0.9805108023610034
0.9801161203129126
0.9804988530636903
0.9805046454092807
0.9805068872367243
0.9805116815871205
0.9805115487540241
0.9805000834164982
0.9805106615179962
0.979313087051053
0.9805094955701423
0.9805104059375541
0.9805007789104574
0.9805109341310229
0.9805096917668047
0.9794169924603482
0.9805028803256273
0.980511448952048
0.9805015159298894
0.9792861991416006
0.9805112172386412
0.9795273059090424
0.9803654934836601
0.9805118177164246
0.9805064774341476
0.9786794041180322
0.9779697636739388
0.978317558750376
0.9804945851545258
0.9765540186506786
0.9804644915925856
0.9804776506882003
0.9804628332809865
0.9712326580669717
0.9805104380882562
0.9804369134132864
0.9805078009061896
0.9804574582183558
0.9686284528738176
0.959523570581294
0.9729150615759357
0.9690811965202875
0.9804456834042107
0.9803389292474932
0.9804096693047182
0.954547727373266
0.9803128319538575
0.9803639785607698
0.9538849029671599
0.9792395482248243
0.9788289753842708
0.9773891429875604
0.24766331323399965
0.24766331323399965
0.24766331323399965
0.9805119816825331
0.9805119816825358
0.9805119816825352
0.9805119814493168
0.9805119816266326
0.9805119816817369
0.9805119816824975
0.980511981682393
0.9805119816818373
0.9805119816824357
0.9805119816790735
0.9805119816768817
0.9805108209414233
0.9805119625166213
0.9805119816550879
0.9805119779193133
0.9805119788057199
0.9805082966136128
0.9805119813873127
0.9805119816674593
0.9805119816740102
0.9805074056722579
0.980511979792401
0.9805119698868071
0.9805119816668632
0.9805119571379883
0.9805119816822992
0.9805119712227995
0.9805119376279543
0.9805119816769599
0.9805119816775819
0.9805040657685371
0.9805095744633096
0.980501556841307
0.9805119034014301
0.9805007773451364
0.9805119686617764
0.9805029954537032
0.9805119816799956
0.9805119814323195
0.9804936842575094
0.9804982729196949
0.9805119768295232
0.9805119816700139
0.9805119762102772
0.9805119250309784
0.9805119815181077
0.9805118901084262
0.9805119792417235
0.9805119807530833
0.9805119816429017
0.9804948768335765
0.9805119634914174
0.9804804165998859
0.9805119815558869
0.9804660576006804
0.9805119811213708
0.9805119701118863
0.9805118914896955
0.9805115157030156
0.9805119671863926
0.9805119682644299
0.9804556857024752
0.980511969718373
0.9804812634424545
0.9804556922796903
0.9804546558865587
0.9805110931358819
0.9805119122797775
0.9805119815313758
0.9804253231859749
0.9805119509552791
0.9804047986668168
0.980478244055049
0.9804657481822794
0.9803682311904635
0.9803623219572539
0.9805087294030468
0.9804315027230427
0.9803722492468087
0.9805119661649416
0.9803490023980211
0.9805118799846082
0.9802338565421923
0.9802010042506297
0.9802127122970142
0.9805119767239682
0.9802353997660266
0.9803658523478841
0.9803985869737375
0.9805118176663827
0.9803589666564175
0.9802509856200138
0.9801916695765637
0.9805115909070615
0.9798593446386913
0.9805119562158756
0.980511506460831
0.9805118070079627
0.9802074994005429
0.9796825816564101
0.9805113935712391
0.9798914538132765
0.9805097538675249
0.9805119331069894
0.9805116352058652
0.979933611451425
0.979855390027585
0.9794889575521164
0.9793834572981475
0.9790354422376039
0.9792608738323758
0.9805107597043523
0.9790654373686943
0.9784783258080092
0.9783770279561921
0.9805075520618596
0.9805102755090341
0.9805032006927259
0.9805084236039412
0.9770616281639993
0.9804967529494342
0.9770052973770104
0.980505958291944
0.9804951511353565
0.9772801085856342
0.9782078998774557
0.9755936105247758
0.9766289230041606
0.9804850181675661
0.9804992822435346
0.9732640408123083
0.9724435665421003
0.9717226164311198
0.9645388617952596
0.9774912266020973
0.9689130181620997
0.9653220853722961
0.9697317539047695
0.9706549745156614
0.9620034022690577
0.9803169880370378
0.9478359827310349
0.9462595443846634
0.9382825884472453
0.9213102851649027
0.8983581035184034
0.9358730164735425
0.8813953737517066
0.980161236899055
0.24766331323399965
0.24766331323399965
0.24766331323399965
0.24766331323399965
0.24766331323399965
0.24766331323399965
0.24766331323399965
0.24766331323399965
0.24766331323399965
0.24766331323399965
0.24766331323399965
0.24766331323399965
0.24766331323399965
0.24766331323399965
0.24766331323399965
0.9805119816825225
0.9805119816825358
0.9805119816813147
0.9805119816810013
0.9805119816825336
0.9805119816825104
0.9805119816821581
0.9805119815109015
0.9805119816819684
0.980511981682532
0.9805119816637176
0.980511980667704
0.980511978303057
0.9805119816825187
0.9805119759155425
0.9805119816813912
0.9805119812066128
0.9805119816810699
0.9805119816816864
0.9805119816825179
0.9805119816732148
0.9805119801033348
0.9805119816815271
0.9805119813731688
0.9805119816717156
0.9805119779455873
0.9805119816811785
0.9805119816821599
0.9805119816710868
0.9805119776805856
0.9805119507746037
0.9805119719235836
0.9805119769909209
0.9805119812434826
0.9805119739432233
0.9805119810806933
0.9805079443519865
0.9805119816822638
0.9805119816807044
0.9805119816807044
0.9805119816807044
0.9805119816807044
0.9805119816807044
0.9805119792517721
0.9805119572600716
0.9805119763980831
0.9805119816693035
0.9805119816541689
0.9805119428644821
0.9805119526408305
0.9805119816599813
0.9805119790570467
0.9805119802077621
0.9805119797299516
0.980511980659545
0.9805119698916486
0.9805119695868729
0.9805119562433828
0.9805119626376445
0.9805021689221841
0.9805119745739679
0.9805119611401641
0.9805119816819761
0.9805119745796149
0.9805119752291267
0.9805119773317341
0.98051198167297
0.9805118954275399
0.9805119707115796
0.980511886722408
0.9805119095327262
0.9805119816817156
0.9805119249901391
0.9805119141685856
0.9805119451468478
0.9805119015366255
0.9805119815783427
0.9805119765724241
0.9805119727109257
0.9805119617896669
0.9805119814537427
0.9805119492528395
0.980511965555737
0.9805119349579731
0.9805119643064343
0.9805119801531885
0.9805116634270038
0.9805119635176921
0.9805119710767342
0.9805119512068552
0.9805119584901275
0.9805118000367983
0.9805114713676003
0.980511928452194
0.9805119745804574
0.980511966935277
0.9805119437145426
0.9805118659785994
0.9804887842475802
0.9805118225095626
0.980511962885232
0.9805118767056751
0.9805116838859128
0.9805118888295897
0.9804149754798771
0.9805119816396325
0.9804207381479616
0.9805115481744735
0.9805115572472067
0.9805114745591699
0.9805117717232749
0.980511794743413
0.9805119331245092
0.9804140796569205
0.9805119814597888
0.9805119125881077
0.9805119057147845
0.9803920242515209
0.9805113736780317
0.9805109912965279
0.9805116065216161
0.9805116138603552
0.9805119061445378
0.9805110813822571
0.9805106636790486
0.9802282179523061
0.9803459735745694
0.9805110838392276
0.9805117720702949
0.9801056380350168
0.9805119810718379
0.9801805021752691
0.9805119757568095
0.9799463161008047
0.9805118909166496
0.9798856025717503
0.9805116565379887
0.9805115802752908
0.9805116415282471
0.9805102601679262
0.9805113431760395
0.9805117034688058
0.9805117558117292
0.9805075502360984
0.9798845823769167
0.9796761797764185
0.9805109483853002
0.9805104565342007
0.980504132335618
0.980511090776969
0.9805074346078089
0.9793723880988295
0.9805117536657791
0.9805118009469724
0.9805099694093059
0.98050519329255
0.9805114805054486
0.9805096370592397
0.980510898688507
0.980510898688507
0.980510898688507
0.980510898688507
0.980510898688507
0.9805050905130671
0.9805099774531336
0.9805099774531336
0.9805099774531336
0.9805099774531336
0.9805107999062738
0.9805101505822351
0.9792356243997066
0.9805086403597387
0.9805081492679943
0.9805086403597387
0.9805093342779069
0.9805095279300279
0.9805061388530892
0.9805068112589006
0.9805112264615646
0.9805044134270282
0.9804996155377476
0.9800715702891081
0.9805109208654187
0.9805096355665331
0.980510145477785
0.9805089636486646
0.9805070696522041
0.9805081381102773
0.9805094795941344
0.9805070459779017
0.9781864283244678
0.980511791171734
0.980511092496867
0.9805029011833245
0.9805095698568354
0.977422551342487
0.9751387593408738
0.9805059967677641
0.9805016337935734
0.9804976944286226
0.9805118923147842
0.9804959622085477
0.9804618627117936
0.9465395751490517
0.9470253487377663
0.9486400037868041
0.9801471713000101
0.9381927234910493
0.9375921954805913
0.9349964617198029
0.93701938400704
0.9135509763613423
0.24766331323399965
0.24766331323399965
0.24766331323399965
0.24766331323399965
0.24766331323399965
0.24766331323399965
0.9805119816761164
0.9805119816825333
0.9805119816472205
0.9805119816825217
0.9805119816722534
0.9805119816801658
0.9805119816653253
0.9805119816731269
0.9805119816690622
0.9805119816400225
0.9805119816715596
0.9805119816824897
0.9805119816636976
0.9805119816552077
0.9805119816304821
0.9805119815970059
0.9805119815153157
0.9805119816296185
0.9805119814936761
0.98051198159706
0.9805119791035735
0.9805119815964937
0.9805119809328257
0.9805104272527363
0.9805119816276291
0.9805091286519847
0.9805119814030959
0.9805119815027769
0.980511981235808
0.980511981235808
0.980511981235808
0.9805119797697518
0.9805119809889469
0.9805119807505035
0.9805119815310236
0.9805119799577887
0.9805119815219142
0.9805119784375363
0.9805119787565537
0.9805119802636537
0.9805119799622717
0.9805119799622717
0.9805119780748763
0.9805119787439287
0.9805119808181666
0.980511972985871
0.9805119808571667
0.9805119393628443
0.980511978121976
0.9805119813596439
0.9804964341706864
0.9805116635178464
0.9805119731781179
0.9805119636145085
0.9805104245909282
0.9805119810048663
0.9805119768541182
0.9805119682841872
0.9804902305102807
0.9805016713889155
0.9805119737440202
0.9805119811575909
0.9805119757245607
0.9805119785825219
0.9805119794940531
0.9804476072794747
0.9804316793643955
0.980431352095989
0.9804544978222471
0.9805119803630185
0.9805119721554024
0.9805119816577779
0.9805117173778832
0.980511980408052
0.9803240314653772
0.980511361867117
0.9803110698842967
0.9803666515865683
0.9803589297066605
0.9805119736076017
0.980327156454639
0.9802621457329357
0.9802301310325952
0.9802318075497636
0.98051197354608
0.9805110891524282
0.9800918707983557
0.9800883731719593
0.9798601915556548
0.9799673235699049
0.9805119728585977
0.9795210538333047
0.9796982819755737
0.9805116999778578
0.9793958548086431
0.9805119140491813
0.9520331607667972
0.9005209042567702
0.24766331323399965
0.24766331323399965
0.24766331323399965
0.24766331323399965
0.24766331323399965
0.24766331323399965
0.24766331323399965
0.24766331323399965
0.24766331323399965
0.24766331323399965
0.24766331323399965
0.24766331323399965
0.24766331323399965
0.24766331323399965
0.24766331323399965
0.24766331323399965
0.9805119816824769
0.9805119816825358
0.9805119816825308
0.9805119816823069
0.9805119816825354
0.9805119816819867
0.9805119816825354
0.9805119816813496
0.9805119816807806
0.9805119816823857
0.9805119816824711
0.9805119813380596
0.9805109564145801
0.9805119816822842
0.9805119816288084
0.9805119814709838
0.9805119816790243
0.9805119816481114
0.9805119816804696
0.9805119815855561
0.9805119816825019
0.9805119813935521
0.9805119816459147
0.9805119806098817
0.9805119816803963
0.9805119805680155
0.9805119816775778
0.9805119816813416
0.9805119803238596
0.9805119805656982
0.9805119786891547
0.9805119816692968
0.9805057788831687
0.9805119816795036
0.9805119816772653
0.9805119808323419
0.9805119816823896
0.9805119816797956
0.980511981506398
0.9805119810897619
0.9805119816758504
0.9805119816820207
0.9805119816398091
0.9805119806324684
0.9805119785871675
0.9805119790570853
0.9805119790335577
0.9805119816239748
0.9805102654821879
0.9805119791821353
0.9805119311293778
0.9805119495398933
0.9805119816282629
0.9805119816582338
0.9805027779203139
0.9805119812820609
0.9805119815589793
0.9805119788917973
0.9805119710560606
0.9805119815818986
0.9805119683130344
0.9805119812610222
0.9805119495629097
0.9805119783517954
0.9805118352106666
0.9805119814888593
0.9805119678264372
0.980511970913886
0.9805119686498596
0.9805119813613498
0.9805119659649728
0.9805119810942391
0.980511977174641
0.980511970416131
0.9804837341006195
0.9805119292505053
0.9805119648775101
0.9805119816813875
0.980511963569057
0.9805119816512277
0.9805119816755893
0.9805119816079557
0.9805119802719406
0.980511865656093
0.9805119749732577
0.9805119806304061
0.980478576848905
0.9805118937476867
0.9805119816186557
0.9805116965909211
0.98051191893872
0.9805119499250085
0.9805119809639362
0.9805119710467721
0.980511910302136
0.9805119796082911
0.9805113893245897
0.98042053696473
0.9805119814292095
0.9805119337286226
0.9805119762467209
0.9805119685672823
0.9805118257179523
0.9805119420692265
0.9805119816809957
0.9805118302401628
0.9805119804183489
0.9803151785077207
0.9803424940734172
0.9805000483179693
0.9798113452185752
0.980272057043715
0.9799740897207966
0.980511399088008
0.9800127713148206
0.9805119732106242
0.9805115787102904
0.9805119695416146
0.9805119608195645
0.9805119630003908
0.9792942480100378
0.9805118453809312
0.9805108498229471
0.9805113173403488
0.9804936790610708
0.9775881575837848
0.9805025097448896
0.9804752619697593
0.9801936749355828
0.9387632045842719
0.9357502727186137
0.24766331323399965
0.24766331323399965
0.9805119816825358
0.9805119816825345
0.9805119816825268
0.9805119816825232
0.9805119813864714
0.9805119809239351
0.9805119776254357
0.9805119815686706
0.9805119816820145
0.9805119795573797
0.9805119816759917
0.9805119815749404
0.98051196883114
0.9804982299100599
0.9805043532396951
0.9805119792335895
0.9805119732202221
0.9804900493958576
0.980511981330045
0.9804957717116491
0.9805119687232615
0.9804829289267596
0.980511972859777
0.9805118761472407
0.9804770790318662
0.9805119721707327
0.9805119188687073
0.9805119803464276
0.9805119565773631
0.9805119795660995
0.9803760440021989
0.980251528600136
0.9802418587938262
0.9801559378668802
0.9801947385106942
0.980049768818898
0.9805119277428078
0.9805119413266811
0.980511893761796
0.9804484858761232
0.9805117565769523
0.9805117665708141
0.9802861034495414
0.9805119242085062
0.9805117453110628
0.9805118108927832
0.9805098106367386
0.9805116723436834
0.9805093213578421
0.9805106043797697
0.9805116320302626
0.9805116320302626
0.9805114216848998
0.9805068068836655
0.9774015874843772
0.9805118738166916
0.9777610422151851
0.977155301548069
0.9805091467909752
0.9763275879330204
0.9719735296941597
0.9722981201505906
0.980502789495896
0.9704036759236939
0.9715101131392424
0.9697676884873104
0.9731750802629353
0.9645586445125137
0.9683178848188536
0.9656508452499312
0.9273448477774466
0.24766331323399965
0.24766331323399965
0.24766331323399965
0.9805119816825358
0.980511981682532
0.9805119816802433
0.9805119816807537
0.9805119809414117
0.980511981681562
0.9805119816824523
0.9805119816689928
0.9805119816632738
0.9805116261203827
0.9805119814299342
0.9805119799130221
0.980511981333559
0.9805119816762312
0.9805119815342865
0.9805119811891383
0.980511981639947
0.9805119816790167
0.9805091334778435
0.9805119816753514
0.9805119815007439
0.9805119816515296
0.980511981636148
0.9805094796661668
0.9805119816001157
0.9805119814904597
0.9805119815236979
0.9805119815319624
0.9805119803630765
0.9805119811616732
0.9805119816518802
0.980511981006025
0.9805119816547382
0.9805119816547382
0.9805119816547382
0.9805100740986241
0.980511981403426
0.980511981403426
0.9805119793375108
0.9805119814551955
0.9805119813674542
0.9805119811026806
0.9805119805674649
0.9805119805674649
0.9805119803248443
0.9805119805674649
0.9805119805674649
0.9805119805674649
0.9805119806673923
0.9805119806717805
0.9805119787588078
0.9805119787588078
0.9805119813130208
0.9805119756182067
0.9805119756182067
0.9805119756182067
0.9805119756182067
0.9805119756182067
0.9805119756182067
0.9805119756182067
0.9805119773970742
0.9805119803850251
0.980511979101782
0.9805119812909445
0.9805119696045865
0.9805119708212993
0.9805119640728733
0.9805119640728733
0.9805119810074269
0.9805119805292133
0.9804965751743289
0.9805119436404999
0.9805119787174681
0.9805119764572318
0.9805119800058916
0.9805119294505058
0.9805119258734918
0.9805119809139261
0.9805119804131017
0.9805119781320845
0.9805119714318686
0.9804820611608996
0.9804808984413921
0.9805119797059774
0.9805119736627949
0.9804788996934662
0.9805119793970548
0.9805119783315346
0.9805119784394982
0.9805119771381093
0.9805118955508481
0.9804747414615093
0.9804565058746249
0.980511975373874
0.9804564350398097
0.9805119676991297
0.9804790600412359
0.9804838657032796
0.9805119651989772
0.9805119591725432
0.9804352426621059
0.9805119665341168
0.9805118995782399
0.9804089496015153
0.9804279858087666
0.980511949280529
0.9804624440624878
0.9805119201025582
0.9805119777251128
0.9805119518534434
0.9805119400320159
0.9805119443452602
0.9804009171430828
0.9805110067636184
0.9805118975012959
0.9803376025965937
0.9804632053238147
0.980340952978433
0.9805119642157354
0.9804545490090836
0.9802755060673609
0.9805119448954981
0.980233895444928
0.9805116278641074
0.9805116013793443
0.9799963411239638
0.9799554159892437
0.9799346759681495
0.979892677039777
0.9797042747905292
0.9795739459453279
0.9724077011738856
0.9582458719568936
0.9698997656030349
0.9101788587345698
0.9159242527114972
0.24766331323399965
0.24766331323399965
0.24766331323399965
0.24766331323399965
0.24766331323399965
0.24766331323399965
0.24766331323399965
0.24766331323399965
0.24766331323399965
0.24766331323399965
0.24766331323399965
0.24766331323399965
0.24766331323399965
0.24766331323399965
0.24766331323399965
0.24766331323399965
0.24766331323399965
0.24766331323399965
0.24766331323399965
0.24766331323399965
0.9805119816819116
0.9805119816825296
0.9805119816825343
0.9805119816509543
0.9805119810911004
0.9805119816825331
0.9805119800299553
0.9805119816825338
0.9805119816825336
0.9805119806052881
0.9805119816819116
0.9805119809877095
0.9805119816824651
0.9805119380815684
0.9805119816825341
0.9805119816602489
0.9805117824752769
0.9805117881936579
0.9805119704313341
0.9805119815634503
0.9805119808319706
0.9805119816823589
0.9805119816824891
0.9805119816822185
0.9805119629936074
0.9805119816821491
0.9805119816816448
0.9805119816823364
0.980511981667488
0.9805119816811527
0.9805119816811617
0.9805119816810831
0.9805119816810831
0.9805098407766412
0.9805119816825076
0.9805109096948929
0.9805109096948929
0.9805119816816864
0.9805119816825033
0.9805119816776416
0.9805119435299408
0.9805119816818858
0.980511981682362
0.9805119816757029
0.9805099472084012
0.9805119793640331
0.9805119816823529
0.9805119816798665
0.9805119816798735
0.9805119816821329
0.9805119804595855
0.9805119816822023
0.980511963997371
0.9805119816787358
0.9805119816768578
0.9805119816345096
0.9805034181572726
0.9805118145940868
0.9805119816549558
0.9805119806562547
0.9805119816680462
0.980511975795567
0.9805071383408053
0.9805119740128079
0.9805037008961419
0.9805119814579393
0.9805119816596628
0.9805119796323654
0.9805119816426078
0.9805119816505556
0.9805119766475654
0.9805119803657334
0.980511981674044
0.9805119816405834
0.9805117966852516
0.9804931602505681
0.9805117703609876
0.980511981588033
0.9805119676835965
0.9805119815253701
0.9805119811431257
0.9805119741763123
0.9804687485016723
0.980511981677088
0.9805119814813213
0.9805119663444237
0.9804729487540329
0.9805113887133304
0.9805119816647391
0.980511981533891
0.9804040416357053
0.9805119804641275
0.9805111354322568
0.9805119613893497
0.9805118827853051
0.9805117063265064
0.9805116119627304
0.9805118124568755
0.9805117992737417
0.9804029871221199
0.9805119531743584
0.9805118761166245
0.9805117310739321
0.9805119353870173
0.9805116592422195
0.9805119815666793
0.9805112430728985
0.9805104455231504
0.9805117918748875
0.9805118839144503
0.980511973577254
0.9805109565993217
0.9805119369011657
0.9805119372768047
0.9805118929270165
0.9805111879044389
0.9805119780202304
0.9805119760828741
0.9805064089728207
0.9805079905255145
0.9805117478306219
0.9805119462854105
0.9805099256550056
0.9801842862237967
0.9805064531634293
0.9805119752728018
0.9805117887435002
0.9805052998852138
0.980511759572772
0.9805086644755188
0.9805112311623423
0.9805108244239047
0.980511924473651
0.9805118514222328
0.9805116887935009
0.9805005353010514
0.9805109932739032
0.9804856843986542
0.9805118409435691
0.9805117533000137
0.9805118485759736
0.9805117760297444
0.9805115455031901
0.9805116051141015
0.980509757501331
0.9805068762244915
0.9797606793616159
0.9805112557633964
0.9805117893451113
0.9805115670336171
0.9805118004576111
0.9805112285835974
0.9804536350721343
0.9805118356284517
0.9805114650540855
0.9805117944670411
0.9793752125636158
0.9805116494661847
0.9805104999891727
0.9805108336677869
0.9805107499200818
0.9805101780369061
0.9804929351185376
0.9805100667887285
0.9805103226103257
0.9804929944025852
0.9805114738167511
0.9804998266832116
0.9805108192301396
0.9805040191609935
0.9805111940017155
0.980509711590606
0.98047434795181
0.9804653070764546
0.9804870317183967
0.9804861117217154
0.98050845957962
0.9775848258376705
0.9805113551314932
0.9805072763881952
0.9805037100918841
0.980492773456822
0.9804765144341333
0.9805040854434829
0.9804945594270527
0.9803361228861673
0.980488453035021
0.9779160023149849
0.980497392000526
0.9805105202175858
0.9805066170316812
0.9804999989321425
0.9804999989321425
0.9804999989321425
0.9804999989321425
0.9804569676199344
0.9804907327036544
0.9804907327036544
0.9804907327036544
0.9804516771866965
0.9804789019620384
0.9804789019620384
0.9804789019620384
0.9804789019620384
0.9804789019620384
0.9804744174898529
0.9804645640686002
0.9804396824603555
0.9804477488463901
0.9804477488463901
0.9804477488463901
0.9804477488463901
0.9804284639166192
0.9804066979316807
0.9803426921921767
0.9705718893833892
0.9804938613545716
0.9804941090651129
0.9795799693780051
0.9801723050576392
0.9802291869885112
0.9801872723038679
0.24766331323399965
