11.562751593451173
13.40404358635269
12.483665376485705
13.159346048621233
11.221089019427149
12.026443350665867
11.29449233517748
13.107184270112553
12.67119323140077
12.64780021758068
13.139802648733806
10.669168101647864
12.960567568577716
11.557639401687316
9.968667111642477
10.398718105392335
9.535129558740747
11.854195322966572
9.510783175919977
11.066902322313188
11.506995216114511
13.186570365166144
11.152882912859404
9.534446137964286
9.774418752557063
11.69755769659183
10.76565635308829
10.314428634356826
10.608492955701033
16.48736725110814
10.26318604544148
9.388096040439091
11.290704523382935
11.542367098526261
9.302451188807591
14.514975306644718
13.005818109076927
7.731387924898678
10.026081326090997
14.08985065423125
8.636468876449293
9.646852334745141
10.767823068899647
9.361964052638681
9.249978344239109
13.26973049526582
12.370131120865167
7.497818707009116
9.72877739934141
10.6498113964934
9.621694282182924
11.095596493604406
12.037710226976866
11.570942001381194
10.996707127076183
11.977269899360094
9.411567987217115
10.538330943909108
10.835449304206987
7.505865487888484
9.074781992587482
10.173676861154146
9.432635694354587
10.268087642569812
10.615468718182411
8.933186836817091
8.488449053463455
10.103847009979372
10.974836802260254
9.193445688645907
7.411259535804618
10.111454548811041
9.75656372594843
9.952760728945112
10.427696318081427
10.701024000956151
11.353019861265214
10.114828578414832
9.98514269870973
6.670590141748065
9.930935527028575
7.469424178172741
8.852123564925629
6.483559439378505
9.831495182318688
10.073417618484296
10.606695466608947
8.418303354099878
10.337398338999446
9.441450587707875
9.671134244378342
8.668190414752925
9.310893726893532
9.239883163009091
8.894910508170861
8.839646731451644
9.728640719792327
7.998699063905113
8.068239726335122
9.417454470493377
8.667479840776572
8.200213893922784
8.038493536094517
9.138076702831723
8.267001909513043
7.953722590771961
9.64500687583385
10.651621059195135
10.05755735262944
8.95341682166348
8.557136926935549
9.155544652715426
8.384141141153547
8.686146549967063
9.540898702701677
9.818387101223784
15.52265514277799
9.014585822526017
8.518460423764006
8.104669623144293
7.971977431260247
7.767380956701544
8.270623704215275
10.80970833761936
9.126500941576182
7.906819729927959
9.01243981208149
8.67288580772781
8.770458664612319
7.662611408441391
8.151456930607198
7.720275085832264
5.732956941597023
5.776824072217723
8.78273697595227
7.7580699545640295
7.717757815498826
8.429716248697051
7.3941477933189255
7.5205555222853855
6.451028174896145
8.926642674774053
6.410437256503067
8.23139863917075
5.6232974542761065
6.6143051044269106
7.179818453214188
6.200841191122353
6.261091888748997
7.889135366700654
7.10578082656526
5.308937425068564
6.796327119070314
5.387468273594456
8.121841140057029
6.393336021815381
7.034481653223264
7.335700359671604
5.204574904506106
7.433694967313584
7.104538394504837
4.92915302026574
4.880615498325135
7.535480311852272
5.053697819604549
5.810871862832665
4.793236258455951
4.96970626449873
7.151908966218951
5.702833752685986
5.017123030969216
6.568821359547542
6.621060923696728
5.588045675521759
3.982546281578245
4.886068051711538
3.3890960902248013
4.413829438093791
0.7795830572322192
0.0
12.955874095672394
13.398486319568349
15.852742690821012
15.960828550259894
13.869746942444312
11.321824881292235
11.48529326105392
11.751546330819673
10.796861252241106
11.052608616906948
15.228887161904227
11.629011824849051
12.334463547341603
13.826150219213332
14.248271213095741
9.313944257220115
14.262932926953232
11.97914075508325
12.942381857092643
13.27745975468046
13.912864918301434
10.095239864081549
11.187051225683014
10.703735259685935
13.591251414438574
12.253039146433249
11.800155235349393
12.27645346043567
11.456992216100874
10.818526300212243
12.896820693704003
10.905330931124142
11.047089059685858
12.036641431794672
10.507571416581246
11.126031661338997
11.416137054938101
9.015350164077349
9.844398430388951
10.998341036293919
9.504809898507443
11.298366861762554
11.826699327475268
9.174854890965166
11.141255306060517
12.966683340471937
12.966683340471937
8.17207002810006
9.22165157158176
8.252815205274759
11.725450916870823
8.22510956049112
11.26886165092802
10.732160498093734
8.10451372030526
8.964146314232119
9.745685748510112
9.064703307846015
9.089433759961077
7.759894005115223
6.994483499753338
6.753961877081385
7.176635436038409
9.193826929038153
7.0588770254990205
7.731700829298694
8.186700182872176
6.878132133754324
6.633028010245229
8.343618677824463
9.014084124531854
8.823440338617017
8.336238929535787
6.951502699058837
8.185891694476592
7.886641037624199
8.397574233285768
6.91226684955176
8.74044312960519
6.2009635444403335
9.202892550969127
6.712273256394362
7.862638509878727
8.240597031478679
7.36315403812245
6.389721562312749
6.602494102074166
5.836021928845572
7.061038644481617
6.049999348565768
5.644844878917551
7.839021033910819
5.92805822505093
7.111713651704116
7.244079396976312
6.916755966172142
5.933831992598463
5.808798720292715
6.3277795173237505
5.400315979418523
5.519761055701904
5.366393976981309
5.352107637973533
5.148759460967987
6.096441653668831
4.969204202935252
4.835650847883771
4.874204676098737
4.884382101340596
4.637686531348537
4.533608265453124
4.614293125226996
4.47445225519191
4.455248538311995
6.165425463532199
6.285365068005963
4.7536531508364
6.549190017705242
4.803174481175302
3.6018869670879274
3.9304814173320723
7.995251722184867
5.200974553702553
3.343929453734172
2.304137077405282
2.069465554265729
1.507363535185702
1.244537682573017
0.47506897848506346
0.0
0.0
13.417786983638706
14.74381371322887
17.14148579197353
15.926593211352136
10.690039231926333
12.466174246711597
10.597161845768417
10.597161845768417
10.375661933920677
8.856096133158463
11.32098929111844
12.04851199767298
9.678125176872435
12.0762801001108
10.560693204105029
9.460155253288198
9.62440273886685
11.092976894221797
8.574858949912773
9.724079125321976
11.991790554832587
9.733556133873018
8.312132758499697
8.000823009744513
8.305278203141336
9.697419630875551
7.853328485093312
9.773214106167833
7.706010787943697
9.388132519509355
9.126608346258703
8.161387613517462
9.706050431399003
6.43987560827568
8.146769586204
7.677500411743657
6.7399562132964475
7.750363223188179
7.672107614907424
7.585775267851262
8.501844054223122
8.857535413743351
6.062452801871311
6.8414611385335045
6.316896981301156
5.436375847192653
9.558936935912392
5.984811053323361
7.245012855462537
6.6625513550627815
7.9693768957334425
5.443877439395596
5.779319440065464
9.10505247928846
6.291180496868514
5.860719254053586
6.8924958218376595
7.51433386159902
7.130999281657169
7.6376394082085275
6.179980751141691
6.9592874362673225
5.185300542831915
5.534647030783896
6.872505462151298
6.415757961771656
5.918614369474297
5.644618912883424
6.5346535961264145
5.05841953484324
6.7503524168541285
6.304230517947752
6.524854366662162
6.783988133002295
6.077311707561124
5.332794923976612
5.9314675831660475
5.9314675831660475
5.600113040875678
6.364934869703052
6.335153581833283
6.258343952123943
4.873847421751673
5.577083375668616
5.329441175637469
4.543051591765965
6.512288924646046
6.179874554323969
5.003536087295647
5.3899853997080065
5.633549650882355
5.26757522784648
4.919519692575338
5.838511926874711
4.998301117112262
5.038457718543616
5.016146417168478
5.625811719218494
5.675132860515279
4.842842596909334
4.351336067147242
4.983233192195815
6.007469967943438
4.8365234724006285
5.37209248435686
3.2465845285123724
5.415683112737918
5.559496676648394
4.64363434194057
4.310680315881724
4.02567362706375
4.347588374728965
2.8521650029205925
3.948924772049563
4.110860598500519
4.195191102392862
4.097747931733132
3.348734189235003
3.9093554031123943
3.9644798706502455
3.0502935081410674
2.6080291069137833
4.600562756247816
3.6651141050723615
2.3753912873924063
3.5668850430302776
3.628691037525555
3.2371903625824596
2.284087827396578
2.532967584059697
3.776280000539253
3.540522564990479
3.6479342849438834
2.8967564258239373
2.7886105752340127
3.554015918662265
2.047741243344826
2.9811689432875927
2.2360401819786304
2.912059906594704
2.0845299893002833
2.3418463615290355
2.77988887729326
1.6999124920546331
2.325657520391536
2.3035577130555835
1.4969596171340895
2.3500542698333806
1.3534985549848195
1.2839476491797648
1.386349163482573
0.9520753288737669
1.7672300440021218
1.4852760339931061
0.7643491114726856
1.5360432932952757
1.168866620276752
1.3101169331806817
1.3101169331806817
1.8555490349339083
0.7733090283990356
0.6595220010528321
1.0104903388747062
0.7113964811220819
0.633282370051811
1.0344108633410318
0.5841427241406061
0.5996027100598051
0.6667153963645748
0.644782954364166
0.982216417575144
0.4557391140893002
0.4365185944988889
0.47278708440885936
0.42304188807863735
0.4187180499026911
0.39820143427681987
0.3585185569031716
0.34251073228320766
0.3334134099251092
1.0415028973554161
0.22140118531353387
0.2178622690904367
0.21611741903765036
0.17518136115509989
0.1561389372489663
0.0
0.0
0.0
0.0
0.0
0.0
0.0
0.0
0.0
0.0
0.0
0.0
0.0
0.0
0.0
0.0
0.0
0.0
0.0
11.29532955743045
10.677816866423866
16.302527917635555
16.45084792043874
15.439693540322855
15.439693540322855
14.020547638893037
13.181470321539253
14.730965285617836
14.730965285617836
12.578629257640614
14.133539764600286
12.860159897615757
13.515390938808235
12.364728652500528
9.688774993549364
10.927346544995682
11.457144109959767
12.705400283803371
13.13639923391568
11.276313543573853
12.20876548259946
11.716673472312095
12.050676982947481
10.544022916776992
9.739784417460351
12.146258843831488
9.27953600722755
12.421815230937218
8.815139110098047
8.388154030296556
9.607444678889713
9.604528853912276
11.626607785774752
10.576856767732147
12.902974486144595
10.361501367516539
10.03911937169793
10.761024547561071
10.131970304306755
10.860991810329883
9.415282752295978
9.896630810377898
9.843533867527661
9.64720305579038
7.862280934949992
8.80453362879263
9.029520905571605
9.987468779481786
10.699175970455064
9.232516231794664
12.325924886051936
10.587606564220827
7.077791134204698
9.260604187467388
8.439076864075508
6.730158732884122
9.099685199252058
8.269044314074787
9.059821329939194
7.463957963976745
6.528439923514809
8.466805794119795
8.313944215284813
8.18122431043372
8.748681000541824
8.031177915838317
8.078528637636172
6.962518029958373
7.743895736033453
8.172161988728291
6.189666325626246
6.079344811404175
7.016557253289036
6.848184851859315
5.821672343723196
8.842158572623259
7.209744368866562
8.057083928005246
5.586618059671924
6.335869608295719
6.530250766781289
5.390265065746307
7.430894776956529
6.640764134038635
5.322320930936295
5.867139366914938
5.720215793164259
7.5192114960550605
9.66395000807041
7.827208124622994
5.119010964866657
6.772671568086961
5.275944878853583
6.013398810529032
5.91507532097798
10.013195400143973
6.686930767943963
8.948548648196942
8.948548648196942
6.462645358059294
8.199214363855363
8.199214363855363
8.199214363855363
7.630808260311184
7.630808260311184
7.630808260311184
7.630808260311184
7.178194285319801
6.490341883053099
5.6821594486587275
4.2522337246104245
5.262209119250397
5.546240527227337
5.051415958472853
5.131497999915667
4.827284069986552
6.354793472148562
3.879510716837384
4.703353955716537
4.494451252494342
5.10604980341748
4.7505474605442295
4.434279100522276
4.5538518694530286
3.233544623653692
4.144630883077662
3.3939696795141305
2.8011102690655427
3.8683290160996178
2.7301415557964575
2.721464490901851
2.6710822131436287
2.7105124516400676
2.0321413693439663
1.8037518202630922
2.036713149463509
0.95651331206329
0.1832132862516964
0.0
0.0
0.0
0.0
0.0
0.0
12.595167308664562
15.382966581933562
13.370049793744604
11.87512195928525
10.18436114432647
10.698859708031954
14.82739691168739
8.846543698090603
13.38065001257355
9.20100954696799
12.055316301769016
7.841103068810832
11.884709358316908
8.445401269812956
13.383832013612833
11.99265985095878
12.262079281509646
11.361024229685908
10.90410967668551
12.164320379773446
9.550202977993003
12.21643480491601
11.580946879868504
11.023122885220229
11.289898954206587
11.03072046395366
11.03072046395366
10.460745467086236
7.665591204039421
16.4021552968449
10.307627520932822
10.943180943893859
14.887228898845535
14.887228898845535
7.474611686701281
10.298910967500158
7.3993809627394995
13.814617623492515
13.814617623492515
13.814617623492515
13.814617623492515
13.814617623492515
9.073783515278528
10.47588085408369
12.995669605464311
9.451765384878271
12.339137000622532
12.339137000622532
7.0911589763313225
7.1874888528130505
9.759388732933937
11.79454728769456
9.59589756143134
11.331324218006145
11.331324218006145
6.677044386871099
11.3053786524277
9.358747241432322
11.928722928718608
9.11917553174179
8.778005527867705
9.349171558680858
8.928156487855759
8.842191348966713
7.427664613873795
9.610006173966791
7.185092595557766
8.04086417270106
8.819143695524204
6.843400892440309
8.403518765105996
7.481038389021296
7.040687105856319
9.072754236472939
7.858007106471329
8.409071911598106
10.214717008824488
7.748619809567651
7.536025336449201
6.879243941096665
6.428293443044105
6.228275998208611
7.5284564681405035
6.789839205138536
6.531875389337703
7.114069132817883
6.764522860343524
7.17744996391704
8.879870630720959
7.276709355612631
6.516839576793306
5.876904268462602
6.511217380503614
5.810342586987505
7.201831207752239
5.67402013182186
6.608772772430362
6.192098452291045
5.6839637594134205
5.241031529816126
5.310237184421068
5.423334797338302
6.43311568789485
5.113532050077341
4.961869017164975
4.835132070237159
4.738129339842048
4.676584974169392
4.675984346854485
4.597761152669965
4.560310230217439
7.2883784606866655
4.435520730775437
5.559107702955149
6.798787347685714
4.351224599785918
5.90589807245101
4.256688748806313
4.760184622873072
6.133319216636717
4.005217036631418
5.427938153023686
6.928331210597747
3.986134884235857
4.081711688644313
4.155004683516157
6.169429861670765
3.8945170616583327
3.7403400338912594
3.6666856505092946
3.7621190634261765
4.564380534693604
2.7953380773071848
3.525169029441818
3.511841580329736
4.0931639654365775
3.362056282276656
4.472019769059391
4.3883430482893715
4.520369620667774
2.228834940457018
3.177102119189279
3.137474420372181
3.8309954334368053
3.266699579913929
2.9742629719956235
2.133621730577924
3.887155295627787
2.7895180139826703
2.753122245257715
2.7462411324444562
1.6079679088801473
2.1009233464290764
1.5819368950813906
2.041071721363244
2.214581434912641
1.0678553783706985
1.0377712175207863
1.8325415528135622
1.0000100666771932
1.7687082851840537
0.7844962579407628
0.778433236685157
1.6366862108322495
0.0
0.0
0.0
0.0
0.0
0.0
0.0
0.0
13.373026708130226
12.710447670215391
13.360961346625144
16.377406798323978
12.938519590797311
15.143424393691474
14.947816286314998
9.82793299585936
14.31202229299088
15.875518702133716
13.75513262781369
13.569040359315206
13.188808322943384
13.191385080976472
13.233649075620836
13.425737020827471
13.283120685862286
12.67703676048624
13.403055175786873
12.126740210917932
12.75706364601797
13.204342516686896
11.600838874593512
13.255368913463506
12.76885391353181
12.268313078167784
12.233676116326265
14.107099737943747
12.191668337322417
12.266501297832065
12.078527667457243
11.189981700954233
12.353982895876443
12.34975326039902
11.898988355821427
11.415520985314112
11.764881269147047
10.931297021635332
9.970143314026366
11.154069381801472
11.647368219419429
11.11466881967406
10.966714410067704
10.246455325385316
10.434506820379035
11.538989907862804
10.32853339682711
12.37311270240323
10.116558603041439
11.427122382498153
14.721737853712307
14.721737853712307
11.788413834126121
11.889607630391287
11.797749162632234
10.605557645103808
11.244347406807531
13.781330900369614
9.735518685441509
10.879874291523677
10.930786099968417
12.168514829555418
9.965632785179205
12.173323180399262
12.401215795087133
9.057152406511266
9.96954437513936
11.5044439518226
10.995194459101162
7.870693978267109
11.405028360705165
10.041513509955276
10.01365642479312
8.58853633281299
9.09426094395452
9.921092830255514
9.701482766889391
10.62332653106048
11.005377776120028
8.689114715975457
9.898155022469362
9.246408685567488
8.720836014667416
10.783411889521233
10.374107430178997
8.841118671958899
10.207094779661606
9.313489056830523
8.284912154845612
9.751143498278436
9.4715861999269
9.820995903126008
9.253553951028247
9.158078226602036
8.688624260676105
10.390222777771791
8.17254234696322
11.529629855815745
9.420506380218388
8.448690390835246
9.720738649777052
9.077455382337112
9.91792287550937
7.6299489219390075
9.62005926221234
9.948044368721693
8.928072085677748
8.759621200262654
9.423050367850779
8.176566503300183
9.442580066470828
7.014647237266425
6.505733517967623
6.738595422914844
7.693172263489957
7.987608401364824
6.599214412507304
7.857575419001123
8.448242536329078
6.837598762186206
7.322178784921722
6.658542142421192
8.715039225632518
7.364393329325809
7.400597612980029
6.484179086661768
6.921772831601839
7.246786813848837
7.063255502760771
6.222615398317927
7.370640082625153
7.998306304113217
7.403932126508971
8.821407252057853
6.016340127793308
7.462697746976758
5.87032851880432
6.654424489756857
6.419136410698902
6.593529070170838
7.42910688528189
7.014218509540137
6.945400319383043
11.296005226753135
5.830552705006631
7.016889779437519
6.908115144543089
8.697308767157919
9.15882083944124
9.090651703561162
7.831568547424973
5.33427652824162
7.69505806008241
8.493234933041013
5.2674926718611506
7.3756899222783865
4.901774844316458
7.891588711176267
8.368758047251225
5.114677717685718
5.8662519078565305
7.624740571043209
11.916915460609026
5.0116142321870845
7.608175946474649
5.405554291400918
8.084319768646985
4.723284084325284
5.544057732233212
5.518497751368409
7.082002036916902
7.073170904832937
4.863129678227166
5.089783806325281
6.5807374061961275
6.284598054833706
5.667554671783098
4.645766266423371
6.407163063573644
4.765184984162221
6.108260807926538
4.71008810307777
8.906620189025386
8.267893333452433
7.774308685877802
4.30668956478355
6.709551986738116
5.086023190855312
5.519315311919909
4.930725413885414
6.503670282689909
6.0885621386961715
6.0839859600538695
3.9406072741728857
5.3048340170497505
3.8696452663377823
3.8188103201332777
3.8023030077351008
3.7539770246068014
4.387362398784122
4.471097085344904
3.563475713643478
4.676509922748468
4.972153701144447
4.1129152212446725
3.9020431226428585
4.804217177507415
4.372664487502162
3.618392331719765
4.318034804022195
3.5686483971123186
3.522038011449702
3.29635870507531
4.881739693058616
3.431056314792728
3.878484854664499
3.582020451057181
3.631153399456116
3.079464728721475
3.0100695835569007
3.235833139402214
3.1689348561349435
2.629435153281285
3.007206141978087
2.707668933273293
2.7923431633018208
2.4333400250569532
1.8284508688183172
1.7799540276364207
1.7315705031785014
1.7777744616986955
2.1461508871066597
2.125603608248944
1.3623412548494933
1.484956228748298
1.3234968217717837
1.8964621774922696
1.830338532219907
1.6498709297579799
0.9194839269917104
0.7563507088499053
0.6451115139504079
0.0
0.0
0.0
0.0
0.0
0.0
0.0
0.0
0.0
0.0
0.0
0.0
0.0
0.0
0.0
0.0
0.0
0.0
0.0
0.0
13.398947183482209
15.51402117197407
12.066156084841007
12.315612039634832
10.627480404480721
10.372525727841957
9.074830738283516
10.87494277108453
9.955936588476737
8.615646089667576
9.452595347436262
10.142369381982997
11.189109819457473
9.54111386445259
9.126480938942896
8.293881875979686
13.069983952729569
12.977976218424446
13.316836315118241
9.19650866364987
9.13598276117819
9.04003895242647
9.582538462790845
10.526581331425126
10.137431662144419
11.942021550175244
10.645670744171284
10.550904906235836
11.52150134846802
10.136829732634572
8.667511833761818
10.987649583289683
8.832597867769348
11.456561214100857
7.82737366461998
10.098469432972152
10.129869378189515
8.547554434116536
9.253268667062716
10.281134757030022
11.063730517091981
9.66360812259789
10.04707718064435
10.28990799658156
9.48295575751097
9.658245814369177
7.5958094068373825
10.312368514072016
9.387220020812554
8.029180038032365
9.415256705735478
8.263902395801276
8.613608134511887
7.636243926798954
7.425695323145941
7.138228932572369
8.17004709922076
9.562027215398677
9.239068172337028
9.047735624098415
5.973281482970366
8.429796322764819
7.8894179140876775
6.729279451042054
6.651700786983691
9.34848633934595
7.697437028402014
7.030494162811364
8.193033660982154
11.037745392112377
8.048554963340312
8.497331001536208
7.151698398205618
8.162061086589881
7.397550871726118
7.184294881388439
7.832068973987766
6.975887279820644
7.402789336012594
6.574271662093378
7.1092817601808305
6.6206650869176
6.236320096329142
5.925471630406031
7.050549691957097
7.6582301551102265
7.022058215808005
6.472132689738236
7.4803138797406
6.063826973454807
5.739627350966247
5.945104540681122
5.594166466516756
6.203079674604936
5.870309803148091
5.998789060019549
5.791725107457341
5.210225001115473
5.188598448470335
5.795577606608009
4.708779807082546
3.7015871561310427
4.696747536560694
1.6869296069093365
0.9520962146390625
0.11941998267633715
0.005248049530182133
0.005248049530182133
0.005248049530182133
18.136890437102565
15.328624820190011
15.328624820190011
15.328624820190011
15.328624820190011
15.328624820190011
14.937189725120298
14.82834448933248
14.595476454697351
14.595476454697351
14.022836173628276
15.29449304009977
13.300699484317693
13.697842507615208
14.590665134075467
12.195115482193053
13.846670014778498
12.436833719294428
9.277255835564425
11.770553454902005
8.904404413055206
8.365047062435606
8.10253544807154
8.644785170198451
6.70714512487539
9.94287053806348
9.319952415272292
7.051474405208417
6.84305596378324
9.201194286163492
7.92785931835943
7.728539808566784
7.34200356973398
7.924052196552457
7.805737308622587
8.737973362922128
6.518806107646591
6.959779794362732
7.947418275958803
6.412750824348448
5.741913239951952
7.674498092717989
6.448330408498683
6.874037253914648
5.952119238645255
5.555530730032851
5.504103648026658
5.750877046152907
4.904308602890985
5.1232608591784565
5.42551716306621
4.823292426318617
4.507663152569879
3.99948901067859
4.2523852514198515
3.945080083344999
4.359125540575115
4.186891981103961
3.4644888336227515
4.4828725778288465
3.385334955309453
3.0784961898271934
3.4302970143664977
3.8132128961435554
2.4179958784761624
2.41593465665225
3.7754710797159
2.9941596732318576
2.3868797610895403
3.24028342854702
2.651319440532531
3.428695794513716
2.6584877531342532
2.3809200525144463
2.855201744656425
1.9839866262447428
1.890908757937882
2.2509987082477223
1.7864221884160179
1.7551366689261811
1.855197014292856
2.354680847007706
2.2618028230845697
1.596040664385406
2.1263952038371774
2.036966364735589
1.579907255121529
1.4809343621296112
1.5009462700068417
1.3544065418162956
1.4914831123854415
1.3298580001941025
2.0458152900319524
2.1273029862616806
1.8252705877554902
1.3582511221473708
1.3586827283577134
1.7597962040558297
1.2952608140013846
1.1457020632089714
1.1265454152668868
1.0136858789173726
1.5108551017141791
1.7165499275942837
1.0673037926870592
1.4916496850639887
1.0292612334710605
1.0188173086432133
1.242231200339077
1.1387826103569583
0.9924461199795248
1.4454942341004688
0.9650977284105479
0.9266417851305748
1.0276846878660697
1.3592519661865154
0.7471052792264015
0.7424051232311595
0.6019454716662597
1.3071767129274405
0.6820679756637366
0.5812803076749036
0.4899648864101162
0.39201387120677217
0.35171276637886645
0.334630668881329
0.33026230661415573
0.3164653068075271
0.3099799511216415
0.25882610199385203
0.20066894311886904
0.1707687973295838
0.16918025039483298
0.1585211344363118
0.13801108489228134
0.13301161870101338
0.1167595409793424
0.11351202584347901
0.10520367562972206
0.10221390349742189
0.09929094239390023
0.09548653590912189
0.09548653590912189
0.09362417034467105
0.09178348689688093
0.07793790052313825
0.052517586991190406
0.052517586991190406
0.052517586991190406
0.052517586991190406
0.052517586991190406
0.052517586991190406
0.052517586991190406
0.052517586991190406
0.052517586991190406
0.052517586991190406
0.052517586991190406
0.052517586991190406
0.052517586991190406
0.052517586991190406
0.052517586991190406
0.052517586991190406
0.052517586991190406
0.052517586991190406
0.052517586991190406
0.052517586991190406
0.052517586991190406
9.637635595207538
8.016264366451908
10.957419275890663
15.12554114918793
8.358912403610592
10.18395862217254
9.113969050646972
8.801687481337764
10.420318345396796
10.299287593971146
8.046211498284169
9.048974041183646
11.15556367003505
8.369402046011777
9.390212560246802
7.266326973131516
8.037419200147111
6.784312580396827
8.833299110465177
7.074087626961467
6.990955005697464
8.72883040106183
8.570538836686385
6.648310735241185
7.834340818404596
7.023014718934615
6.784295232445456
6.495688620396574
13.254776284357249
11.431389133799446
6.873370195451278
10.796019486393586
10.237969118098112
10.628744296975846
10.280905822058038
9.731942344058815
14.886602399968567
9.75978583809398
11.894600325963006
10.481971585246823
9.988244102554251
5.71503627239113
7.650913799182082
10.93147353881203
8.710676097147216
8.228127769859864
7.434951384770416
8.064364299001607
9.356689288494085
8.183048414562784
7.895118212415089
8.55510953777203
8.407720292440143
6.521201236037803
7.950531921915923
5.065158175673533
7.6904386153907485
6.792219361089025
8.095852479770715
7.435016316270457
6.811084321037524
10.461646578519607
6.729428582658534
5.667310364264061
7.203721574077783
6.715439365279033
4.60466479599816
6.547389407139423
8.215464268163032
7.134219970265332
5.508902514282102
7.565934212120269
7.565934212120269
4.508090031017991
5.975380136082976
6.839937405280593
6.4598156647880085
4.9135776149608885
6.291873723582527
4.899622209105278
4.510770341256348
4.859654776919883
4.167203992159989
4.315787394966838
3.356777956831306
4.270536843952745
4.053574718624376
4.745610879474065
4.433303501611207
3.7033656766498018
4.500671962971393
3.741968593051386
3.6499444204487625
3.6499444204487625
3.3542048617020623
3.3877834057364717
2.946035685076865
2.8849020070326437
2.807928309631881
3.343713558953908
2.745212433111408
4.163308806300661
2.454134926538396
2.4399273366402663
2.3457195647377644
2.2956511858728974
2.236483150218993
2.202652780624393
1.9814033228721832
2.0687327336963537
1.9776263394576246
1.9029438144761233
1.8950280203864838
1.8269039792491155
1.80535709994288
1.7571544996799981
1.7308194837366782
1.5561412161983146
2.1979762250311214
1.1299818823005694
1.5832433054672508
0.9567915039290861
1.4777068357277077
1.463760368018497
0.48666662048828024
0.831650021758506
0.0
0.0
0.0
0.0
0.0
0.0
0.0
0.0
0.0
0.0
0.0
0.0
0.0
0.0
0.0
0.0
0.0
0.0
0.0
0.0
0.0
0.0
0.0
0.0
0.0
0.0
0.0
0.0
0.0
0.0
0.0
0.0
0.0
17.7222374675373
15.870073438900713
15.205541119554086
15.143830655379595
13.028471261173665
15.257482040654944
13.20555322594021
14.731760405948863
10.986763016809997
14.960609838584451
12.311239855713843
13.32752070820836
12.700184090451657
11.338242677950364
10.660875771909977
9.720564294128778
12.260115474685444
10.577969084559863
6.4361712767820105
6.145583608863044
6.600477199126545
8.571220253584075
7.676349735071675
7.438301634786991
9.65876021038309
5.988412074398619
8.808415701817836
5.830777800470538
7.368769131128501
5.485292706753139
7.054566001647197
7.395129435552289
7.068124810006732
6.795909274342564
5.442607379854527
5.815634175830876
6.032198730007588
5.970842612263711
5.986214290597368
6.391432974895863
4.3534416878620394
5.390101080482632
7.402365255034106
4.857175357636543
6.884721339774528
6.137676585166018
5.727899698587312
6.185527970349367
6.185527970349367
6.185527970349367
4.519699344645973
5.713646601684326
5.112191702661557
5.880451182128382
5.360844218865503
5.5336047777335615
4.190705688650069
4.713357799887359
4.957148401321221
4.044273583204056
4.678611797622027
5.205975922797109
4.0934957848895355
3.8491591596588948
3.9721305599789614
4.745200359820719
3.8216552814023728
3.5804211072279397
3.509448069309032
3.4980081412158044
4.4912825258948015
3.512291736017079
4.408468451577734
3.248754323132951
3.1491086723578974
4.390722555135301
3.0264042815827863
3.0807417520959306
3.051955226544194
3.0392885299400354
2.900877731205384
2.984173764653245
2.640224399916762
1.9656617941847554
2.2540331412485783
2.2540331412485783
2.2307191367922523
2.2231037890245
2.1104455661491155
2.103933782718997
1.5076066268046868
1.3987850791135614
2.04771887312088
1.3271085062348533
1.7443486143805043
2.7749914750182203
1.599035239169309
0.7549800879354669
0.6075617883327386
0.5329375919453143
0.3247721734581616
0.0
0.0
0.0
0.0
0.0
0.0
0.0
0.0
0.0
0.0
0.0
0.0
0.0
0.0
0.0
0.0
0.0
0.0
0.0
0.0
0.0
0.0
0.0
0.0
0.0
0.0
0.0
0.0
16.68744030054262
13.26514695482561
15.700081829074913
11.671123447803108
12.018447564576938
13.95678636971739
13.360210456955532
16.766984415880607
16.766984415880607
16.766984415880607
16.766984415880607
15.67967794870231
15.67967794870231
10.255780809304168
14.859360430249868
14.859360430249868
14.859360430249868
14.859360430249868
13.064450313177737
11.947666576016546
12.297600118986143
12.595826424806873
11.684344261135033
13.213303043749002
13.213303043749002
13.213303043749002
12.81897844173736
12.81897844173736
12.102540239791347
11.392929990549842
12.610788745013943
11.487351763465526
12.163505465678611
12.163505465678611
9.333178911998468
11.90764806434052
10.502714377091872
10.251883433501561
11.833085753141805
11.451019995843115
11.18863183766773
11.252607098588662
10.462140999258834
11.757781948158005
10.647150694603258
11.59610186937964
12.780552492919758
12.123741968985303
10.692401121272628
11.557118843475735
10.985220360925931
11.47409576063765
10.689815631181784
11.445232936757307
10.548057302627866
9.494501060810347
10.732059073953653
9.56566286441364
10.092968397584334
10.407032962433297
10.942890464766132
9.012998276499577
10.67120568422153
10.953217990836972
9.657887447482869
10.433002061333205
11.282328627403823
9.76291728174269
9.58690239126371
7.785634533325197
8.947743457677827
9.717883654473786
10.991673415953054
9.794838236251506
9.913701551489941
9.142628517683383
10.107147245727285
9.37443183797946
9.979476644146313
10.256143873483785
10.043574968898179
9.078655301671478
10.053946197730234
7.652322857839933
8.0917484346384
9.151986105775533
8.601607400114926
8.823596406043267
9.045849390561841
6.836206166623035
7.536498932284387
8.84603600141078
7.804930582073895
8.309894382623927
7.281564352641429
9.173062097825886
9.06667977249219
6.386905356246526
6.155145385055082
6.998423182022526
7.344378545594553
5.789325600977153
7.838135264772468
6.309836769329818
7.949598135127145
5.640991270445834
5.620831249986455
7.437332362369393
7.228378203657126
5.929154605798623
6.875081539472882
6.353646768610417
6.263370323903805
5.857166754536137
5.459626596296254
4.002351701784704
5.238604865135688
5.286159926346029
5.101776579256321
6.58063626447653
5.094698278038462
6.169484619955902
6.169484619955902
5.842394730931005
5.343647382432071
5.343647382432071
4.461565991205341
4.9714134922578
4.9714134922578
4.904637622150412
4.668093752357485
6.925218192071617
4.7411647075039225
4.549309261047434
4.816290130196853
4.219195149110841
4.409880798963481
4.226277874659909
4.796594511142125
3.968578066364164
4.623089187411533
6.596365102581782
3.7007678655933853
3.93102012095119
3.9794479710249444
3.880479963334809
4.008721640003715
4.019237590113948
4.269980188453028
3.9142654791511577
4.484057139853926
4.123496327732725
4.088822380872058
4.277973493947199
4.090124615739036
2.28799088838358
4.054365669751664
2.6734974753893663
3.952635780940409
2.5496030656189546
3.619576762135561
3.5411681926667002
2.3161816659361003
2.9824723106456297
2.3647891612571583
2.9384940630004555
2.9424161669577926
1.9996976336654033
1.8773551290852943
1.4179547127083414
1.9011486413178125
2.216359520209534
0.9529775727672531
0.939505529312401
0.939505529312401
0.8578311327818294
0.8158986796827208
0.7476339828621462
0.7023425312555552
0.7028570207927363
0.6252657607143335
0.5713312018034948
0.5207919119512817
0.44910887583250764
0.31742048713882715
0.0
0.0
0.0
0.0
0.0
0.0
0.0
0.0
0.0
0.0
0.0
0.0
0.0
0.0
0.0
0.0
0.0
0.0
0.0
0.0
0.0
0.0
0.0
0.0
0.0
0.0
0.0
0.0
0.0
0.0
0.0
0.0
0.0
0.0
0.0
0.0
0.0
0.0
0.0
0.0
0.0
0.0
0.0
0.0
0.0
0.0
0.0
0.0
0.0
0.0
0.0
0.0
0.0
0.0
0.0
0.0
15.056606536449584
11.255867133033547
10.304341704986726
13.59775019891799
11.737525851552693
12.079626886067729
13.125337439136645
11.905835932049419
8.731564476860992
12.402152875776194
12.837621645473478
12.419270230706388
12.206143896327156
12.67990949734025
13.656189821553033
11.656895015833054
10.71071491994055
16.78824043416233
11.097950026449467
11.711071055234903
15.490002379334905
9.66791740699762
11.437109172192294
11.52000406830879
14.506650090826929
14.506650090826929
14.506650090826929
14.506650090826929
14.506650090826929
14.506650090826929
14.506650090826929
14.506650090826929
13.723948725183218
13.723948725183218
13.723948725183218
10.518219657867075
13.078973166645618
13.078973166645618
13.078973166645618
10.22945750458493
12.533737810933443
12.533737810933443
12.533737810933443
12.533737810933443
12.533737810933443
8.740716613508818
11.90154891861095
10.509423655419262
10.567703884127415
12.063700055864127
12.063700055864127
12.063700055864127
12.063700055864127
12.063700055864127
11.652147354875773
10.679260882655507
10.456219773151995
11.28725833826375
11.28725833826375
11.28725833826375
9.085357606795307
10.492407196737037
10.6271011371874
10.468278112259712
10.254357143746011
9.79374677699217
10.601339062224097
11.691932648717884
9.31261781394925
10.739292653899492
10.634363254854682
8.701549819850271
10.540930886578444
8.626849439554197
10.064735132690158
9.083427623691243
10.033308527131709
8.212785534212323
9.712247605938302
9.543210328012831
10.270824979055703
9.748973809319326
9.569089557394827
8.828403819051589
9.96901956743676
9.744644720238417
9.69588977854338
9.519088863139876
10.6046157045084
8.924396727970258
7.077679194180117
10.382582713671498
11.558641857635617
9.19981767430839
8.703692384398279
9.437172261446728
10.238523169936162
9.70841660485865
8.610579581951397
8.946654854347987
7.085963669722604
8.650016391574136
9.161141717545565
8.813170769928071
8.453611594383215
10.450355679297257
8.626778980365506
9.174182833623856
7.10347079869106
9.444977178216494
6.867721164853
7.088926002756506
8.875912541230026
8.739472855552734
8.965295317491787
7.294152579905259
9.74383002489238
9.74383002489238
8.19652247215384
7.010054977328277
8.3839037293609
8.38359885082707
8.752402451771946
8.099168110215812
8.41736116573456
8.666520008171155
8.202204760617567
6.535278922203329
8.003435441837517
11.258692062010185
7.742715668581171
10.664557902339267
7.013888611365276
7.439647873770977
8.117242716381945
10.173931086840076
10.173931086840076
10.173931086840076
9.758296587883658
9.758296587883658
9.758296587883658
7.82666396394007
10.056086047573363
6.06260901789763
6.1921939790604945
9.39924529828203
9.39924529828203
7.874329481943778
8.690198962580428
8.236290599542722
9.084237702587979
7.938958606775126
7.16226357976831
6.114002185696028
7.143263550504922
7.2558885444952015
7.538582583557183
7.340361946506549
7.867733567720191
11.173459474187593
11.173459474187593
7.3770458526801255
7.686369414371547
7.529558420007138
10.440851481077367
10.440851481077367
6.4231970546797434
9.858453829009875
8.214408112504284
9.658697233497987
9.379077354096239
7.324189600105984
8.974270504208471
7.101378503674533
5.629142826756705
5.761136021809806
9.238387953860629
6.173761770215441
8.320632959245218
8.099044195803891
7.304027568995943
5.7075243864050345
6.517872797911113
6.806974643338742
7.724908891687025
5.958244716176149
7.293220857419444
6.66021338806379
7.618912111215681
5.29679803385281
5.561590751713846
6.520713442243919
6.422629031262607
6.561210195794901
4.987836733277341
7.798923812143031
7.210419044811647
7.642464765670544
5.133798561100405
4.868184838725407
5.065303731435922
6.95963528436834
5.108778784035504
5.742888305596903
5.327546675569776
5.140537447518013
6.7246240375405675
4.823952524163946
7.387504253506597
4.399095383477932
4.791506734238908
5.503575142531361
4.380211825244856
5.665468070156919
4.916631282490461
4.520159267441144
4.47921008481565
5.239474853279192
5.216843883723672
4.794467281744818
4.020798282905351
3.9786953635876485
5.039899375787297
4.140608065526903
4.0122958256454675
4.00137119300967
4.101740494235958
3.857991403017931
4.652722192741089
3.8053322144973887
4.895321628002725
5.0555974620756965
4.555634944162808
3.562229319440194
3.6729740817299312
3.5996847512321364
3.4422226614128473
3.4248525214350853
3.4248525214350853
3.0893965107285752
3.3518535176435096
3.848893081038638
4.270653851293465
3.2984287697876473
3.1518162812066937
2.2521006693040935
1.9307842158039124
2.711591883045325
3.2383065856928717
2.456739902189209
2.067781073321398
3.870059343693676
3.408577619602053
3.408577619602053
3.408577619602053
3.408577619602053
3.0849508028111234
3.0849508028111234
3.0849508028111234
3.0849508028111234
1.6862058453459878
2.839944644539877
2.839944644539877
2.839944644539877
2.6449818545048593
2.4843500226400526
2.4843500226400526
2.231481132789938
2.231481132789938
2.0379684736983417
1.8148029427925485
1.5508463795887364
1.9128114528747096
1.7887397330573405
0.8375037336401346
0.6571887425533434
0.38642347492261986
0.0
0.0
0.0
0.0
0.0
0.0
0.0
0.0
0.0
0.0
0.0
18.028485294945714
16.612994974490796
17.377439351690956
12.199512599673213
12.645365157845605
15.480848759864205
15.018281156320143
13.73053723541597
12.46396610471985
12.957086143814205
11.99105911997538
13.905470355686681
13.905470355686681
13.905470355686681
13.374957862635299
13.374957862635299
13.598625793435293
10.627650351138284
12.324066579266026
12.324066579266026
10.566195239106209
12.072863679143188
10.562349479562998
10.188048386252861
9.696800862944896
10.398300313954655
9.21202409570958
8.967024053790334
8.9378525235384
7.357965865575589
7.207860964397164
7.69126951233634
6.812862785490375
8.78429884469176
5.327557593873297
7.474904012556335
7.3478848693890715
6.588300436934101
6.683148916524919
5.656765337143554
4.59420850244608
7.498863069836764
9.124832082908929
5.680539854205275
8.096223946726024
8.555238692715905
4.863696904112753
7.420621688266328
7.39335021944962
6.101842518678168
6.461498747421914
6.902122009463538
8.46109881394405
6.125048125994814
7.292741908664332
5.376231501519866
5.27169534845837
4.738468539962055
4.529636573888216
5.08020720441098
5.578102168491463
4.109870774716155
5.176177628706411
4.402064507647393
4.029333605648211
5.840330136604838
3.736071072401441
4.725743969802958
3.6722871643017703
4.831616082840786
4.254352644975211
4.1910895112345505
4.914725395329282
4.63799465228182
4.479184429795837
3.290823027446892
6.042828157034886
4.473641795948577
4.465215842670177
3.20533775377422
3.4480702869274107
4.566369335994436
6.658524792166603
3.909975299739745
2.9530929362715703
3.8664245793424974
2.9216091771084476
2.911333388558661
2.8910881873582874
2.86145642543512
2.673143205801529
2.673143205801529
2.8139585012942936
2.7955809948738786
2.601470661242242
2.412551687401131
2.5912133369438566
2.3567918346760037
2.3388899552677107
3.1948625355912985
2.2704323799320774
2.254058234285358
2.4739370758139803
3.3105588003732898
1.9999415706528374
2.277217158549243
1.9637351951563375
1.9519936484874123
2.2466837690717587
1.9404049861356274
1.9289687341021586
1.8955224341051755
1.8528653946693143
1.8528653946693143
1.7829978415879926
1.7640627598890652
1.7097095095172516
1.683830546964652
1.5439774861951248
1.5024140012414053
1.4440209526023537
1.4134339305595816
1.407465360212673
1.350299045314203
2.069214800921434
1.6243895309250482
0.0
0.0
0.0
0.0
0.0
0.0
0.0
0.0
0.0
0.0
0.0
0.0
0.0
0.0
0.0
0.0
0.0
0.0
0.0
0.0
0.0
0.0
0.0
0.0
0.0
0.0
0.0
0.0
0.0
0.0
0.0
0.0
0.0
0.0
0.0
0.0
0.0
0.0
0.0
0.0
0.0
0.0
0.0
0.0
0.0
0.0
20.446857549055537
13.88381221463979
12.563798207315132
12.348532026643438
13.884352837433187
11.351416445533891
10.030583574427515
8.15281209879614
10.041335956608702
7.581082381267714
8.16299152270095
9.62636179631541
9.274651694848984
9.632423487379407
8.901377784119338
10.314922006785471
11.133440545143594
10.536710958986612
10.536710958986612
8.897536819542779
9.288697363605257
10.914705079729924
9.564895526757585
9.511175364166947
8.652018655397049
8.437395812806798
8.307178464988809
8.195916670441322
8.73521457733332
8.517228622142126
8.134124301223776
7.7056647438633314
7.660912372174425
6.974941525308476
7.644562186390475
8.27719941187749
7.903825683692637
7.9909164510592605
10.657064817176417
7.46081563345088
9.35778416353922
9.35778416353922
7.487628936018964
8.909388028678663
8.909388028678663
5.628018772872168
6.983998413192649
6.284985834217062
6.768445350024776
6.585937052387013
7.952023334684963
5.9642622472234335
7.043755948331133
7.231050680752693
7.500455786491217
6.317888255838814
6.772550350188001
6.079528531825626
6.123787188039097
7.369454610475167
7.015939800725998
5.499945838603259
7.933057304243408
8.118873030832779
5.560518717941572
5.95688639179266
7.2647360882876155
5.284747367058617
6.168171481243814
5.761075631450714
5.4582546956949205
5.629600289782688
5.9788126195663525
9.267726008010499
4.095039357037021
6.109658809478324
4.837568805744528
5.268269392558695
5.343547718413429
5.519533017707787
5.521808199907231
5.496053241063495
5.142284754118215
5.786880213374311
4.09260633345986
5.298710052190658
5.904331243518791
5.092553026924691
6.5014963431911355
6.915931543667797
4.822832449910405
5.069221658351271
5.2344861753139105
4.754981871926085
4.2528633046111795
5.852350508268453
5.111823274435573
3.8650851464762113
5.211059051175027
5.136298915665643
3.8489905213204314
4.3997347507694196
3.6239910892838934
3.771682729256459
2.643088518014204
2.5541390864334765
3.504689861514079
3.536484114076412
2.5664745814595973
4.28636716111708
2.1787054756886297
3.8884687404729847
2.463193866399639
1.746663729293845
2.3943079523522215
1.9472203104041401
1.4336846262001752
2.6733843782453333
2.01652204121565
2.7185448184786334
1.9711466848585504
2.4016739173918196
1.823464861853974
1.198563688557011
1.0193539899534463
0.9904871626598264
0.7240666680409771
0.0
0.0
0.0
17.36047130106788
17.79443908611135
17.935216638710624
11.592613266314887
14.304494240433698
13.50377095130177
14.235531911251037
13.643632625012682
14.242653624164692
14.305379871652937
11.70731576307294
11.337965779143195
9.062153465968573
9.83507621690892
10.439783098006773
9.363665409586803
9.8131918404931
7.88882031599224
10.901510838765338
11.662199149363621
11.915568251493568
7.726250250131793
10.359592351656941
8.666571356477432
13.377218597790673
9.67576649090556
10.1150962306194
8.625504657399786
8.841808645220862
11.012169392420118
10.819586525248997
8.218158494082976
8.737273960291276
7.010345140306202
8.859544763208236
7.024644073561969
7.0182038044417165
7.758833729543113
10.826982666375994
10.720919388932426
6.781596711490139
6.550892466435574
8.291495682655382
9.775876941959044
9.225769759332385
7.9327671750811275
8.154386817607948
7.287123435793906
11.074625708686623
9.509413347377208
9.05283634425552
6.978228718974417
8.459872720222952
6.70324189759518
9.233609844695055
5.831229674221875
7.976753901031203
7.234952788385467
7.459512439127143
7.752662208780252
8.094026191573457
8.08190902843519
6.0733697376415865
8.536647590290263
6.566769343302521
5.575241605923802
5.5401686261222896
5.981522658148227
7.508422590289336
7.1385078146326695
5.797027285508927
6.2151402011096835
5.112535695185645
5.405832758308599
5.340053133589767
5.395750900803565
4.861501872101268
5.267037409477864
5.11650792566217
4.944363711894128
6.29496208998874
4.787414936177616
5.940284036976154
4.764252165952412
4.678910105543914
4.886731939396615
6.294826210196065
4.391055342614833
4.793550927728669
6.557592593461894
7.633317728391688
5.004379568526076
4.187906954452294
4.086150936246587
4.382979254800558
4.206221870047055
8.94235167769276
6.219321928288558
7.737451448750325
4.220543100085468
3.174649748076634
6.950191619248717
4.282376567393194
4.025786411835899
6.331458850545156
5.996073879207654
3.95263644894058
3.9064932489074176
2.975943404639811
3.73222627443867
3.8364167241389158
3.690270258819204
5.038332823111489
3.5353103091406064
4.288299819607723
4.264631939520763
4.195888300045846
4.203960634389332
3.8267446114050974
3.786813558854482
2.889702276092676
3.351282839160394
2.55607979539879
3.449675302922709
3.04524888476748
3.2768466037104056
2.30406359121475
2.4534596127987496
3.1986810398346632
3.0150529941323505
3.068236194219087
1.7919961497332304
1.9003179620592945
2.6218595465592553
2.497174628055478
2.1590834722911265
1.7240391158800144
1.6408976439589997
1.4391323392904065
1.2788892591306327
2.1551034412151178
1.8001723385585526
1.2879704113168529
1.2879704113168529
1.2739643026962
1.1406356707349092
1.027035067590249
0.9290219224224857
0.6808663750186987
1.0999296712245732
0.0
0.0
0.0
0.0
0.0
0.0
0.0
0.0
0.0
0.0
0.0
0.0
0.0
0.0
0.0
13.670712644434035
14.461250760567323
13.76930444721646
14.004224570245835
16.60177444922846
13.482698823733477
12.110558796770192
10.56624579602293
12.302482867970228
11.893765740767757
9.156593631328843
10.072258508665895
8.51255195050169
12.964415392154512
8.298888145504614
9.684769003667096
10.350536903299776
12.02761445331897
11.135645877525096
12.405277781439251
12.905391676830291
8.968732468094899
10.876004952589398
10.083050733026656
9.668282848961528
9.324991297767118
10.664199562138176
10.986317789133494
9.243393717076419
8.824516905186957
7.555151831629549
8.3484676644668
8.575323041795796
10.650444846257122
8.790552978165183
9.35296802690119
6.966106607690008
14.091044600527795
12.828235531079839
12.828235531079839
12.828235531079839
12.828235531079839
12.828235531079839
10.174125625575511
7.189312631446284
8.417283141308905
9.091098302824928
9.22080534336856
7.92407342616928
8.22015481927448
11.11850331059365
8.716627038074725
8.777120035998008
8.755419799605786
9.746735956688386
7.762013065486571
8.087938495096523
7.466314962778658
7.218455722932457
7.075848916600269
8.728711021117768
7.208154239206441
9.82462599717298
8.05711209455613
7.911128882441982
7.824116623995045
8.861241078544918
6.9396859636864505
8.426828019219796
6.954220429639957
6.882694025108276
9.235106874221668
6.869026064351107
6.677102524095608
7.688900165977771
7.169264504132686
7.568114922255432
8.173410576313449
9.116597958568477
7.4898612790868135
7.2223380293870205
7.26213247389433
7.694087266391681
6.833316695948064
7.84813255085501
7.7183840470062695
6.639229998328042
6.707202246001434
6.766270110868655
8.169042528830845
7.076002069301377
6.155446640903655
5.916011868754476
6.034645591766434
7.527113848770381
9.185452984095612
6.501352370310751
7.321359556744652
6.720902442596956
6.310969008408155
7.85856599998569
6.112652043081318
5.838398523197554
6.403496567693957
4.879394920320179
6.880285602163159
4.408853930696176
5.611230788067222
5.2513400639825765
4.911067261720545
5.105027091760515
5.47581420907212
5.902951722887894
4.2721879869574595
6.937964122539537
7.070827837509613
5.445015783741651
5.10982900017591
4.949645323613431
4.811872041878998
4.955764690252257
5.042097167525086
5.7171503718169205
4.915478360167373
4.589072773817136
4.007186885985487
4.497659533020196
5.067902275598581
5.679128335415705
3.71342188988808
5.818462031385404
3.7812108009175773
6.788197978210771
3.4193898670959744
7.058218161419855
3.367018163461933
8.29979676677868
6.497508400833153
5.2604713899815465
6.889537444432205
4.854395133882002
6.197736964983692
5.922166798215219
3.688480139486668
3.783754223443863
3.362047367621392
5.407403107625036
4.715475092329816
4.9090236313067095
4.462924902533433
4.154119987351665
2.8340092867279454
5.042852814886743
6.662217111906351
4.103897867275951
4.2303427170379
6.023720189348483
3.7446475562039683
5.5401130526501765
5.5401130526501765
5.5401130526501765
5.5401130526501765
5.5401130526501765
3.403415040751877
5.15523647211138
5.15523647211138
5.15523647211138
5.15523647211138
4.161537592108225
4.224313560542353
3.0014938722963262
4.838143099180473
4.838143099180473
4.838143099180473
4.1125115793307225
3.8636972026024035
4.570126517451517
4.570126517451517
4.116064267887654
4.339115210301098
3.654999662261152
3.74747306055746
4.050102076787274
4.552517178851533
3.836995404826792
3.907544950897951
3.4588561767266324
3.3340219062668046
3.6479043403597995
3.078405794623192
2.4640616354723988
5.872815424132827
3.759499058769189
3.2170557579030796
3.4316154768990574
2.3126756058254427
2.21532321725435
3.2217656128635683
2.8229934417210933
2.9387577026985428
4.810846806727867
2.6035733130172742
2.2041954064024654
1.1742421129435707
1.1742421129435707
1.1650289484025564
1.4212292117602738
1.0961648279583203
1.072317548606342
1.0274495294177632
1.0528769369624094
0.9350628279705014
0.0
0.0
0.0
0.0
0.0
0.0
11.92315816698093
13.069499050362618
11.35450119669052
14.861786118024595
11.396806681038946
11.976963067898179
12.121436490770662
11.939285642964135
13.282856140336696
10.841136827628018
11.74956206672965
15.00263807862292
11.459794616308727
10.727843990712653
11.01696637356885
12.070475679891246
13.383595270341678
11.627797810115625
10.714271001839938
11.546782733522589
10.823308601704058
10.174961985883305
9.942578309770603
9.037573931237647
12.987438953154127
8.831326730857805
9.759746098571183
12.421764145780317
11.978494202008852
11.978494202008852
11.978494202008852
9.235656239622942
9.400152734500955
11.614746018827605
10.155279453032913
11.30653106744515
10.068970552711344
11.039161417315997
11.039161417315997
9.681248974672132
10.953217375406822
10.953217375406822
8.673250443664243
8.67605331402648
9.61390322412068
10.148729735670141
9.4643938006649
9.340802300152452
8.319965841043949
9.479769440054321
8.502199249886962
8.319613117406446
7.824701051078116
7.665222276281452
7.4579597822423676
8.140303312399094
8.907820444389928
7.754214022919441
7.9258412883502825
7.262008319801449
8.132969434963192
8.720214354596866
7.181266644044912
8.065133831424562
8.102702384136828
7.245727170432895
7.187147054520336
6.281623204726738
7.123842288074265
8.284440880009186
7.721139011273784
8.807686703545087
6.365797183147124
7.854061934996699
5.61397242481678
5.988613045054682
5.533319819202279
6.474337255456531
6.450848566582028
7.19974658561562
6.252534435920162
5.9829431391105885
6.063733895690453
5.8624675722182165
6.678690765939896
6.224126571248696
5.6154158206429265
5.5728645149566205
5.374979901368958
5.362591070566892
6.459525973057619
2.1397867351519135
5.090294758273058
5.666625153211263
4.866426042828811
5.577852862046809
0.7388653114924373
0.4881148497739654
0.0
0.0
0.0
0.0
0.0
0.0
0.0
0.0
0.0
0.0
0.0
0.0
0.0
0.0
0.0
0.0
17.789488775700455
18.32428482204333
15.156299598294714
12.886706952722642
13.666884942814534
15.747825566540385
14.740537664019124
13.002913389731791
12.705766868399689
15.02818932042089
13.588169512242017
12.933365768056316
10.635547527342686
13.842347650989847
12.497966905617563
12.207183934884426
13.413129770849816
11.1298983950694
14.17304999655981
11.54618037845094
12.01030331454315
11.086313495653213
11.650505106502138
11.162240519476791
11.794437100517671
11.302713634180375
11.943408035616427
12.657000538935305
10.461249171728321
11.978737718544185
10.504314301029954
10.75344762366172
8.511368087670052
11.009670538369713
11.079150302013558
10.861170690678351
11.64636312065019
10.68409111332557
9.270483754337032
9.914959640209336
13.210142086463945
12.506410059396012
9.861316587035935
10.310259163638143
10.779243813877391
10.34736060322449
9.298191161270251
9.190420102315771
9.693819465476752
8.976365559039905
8.333419203251534
8.504627376529687
11.243490022266155
10.516913305916919
8.004408205783168
9.233787574071956
9.09945810902909
10.85661433054729
9.364242456083717
8.67997568550605
8.850876680394457
9.25870091752548
8.169593773562474
9.534976789898705
7.2280667402768
8.100158082585038
8.717144681561491
8.898499559567318
8.077482173014749
9.695992380040723
8.623408342262413
8.460237805558902
8.493372933027956
9.00050925251989
6.589300594406226
8.758701511873465
6.894164558198326
8.334067391533281
8.634645684271375
8.817281378443731
12.91284851183798
9.58334062392987
7.4897327559692055
7.412968723899579
8.468891842578325
9.870198942830871
6.102765675116842
7.219195776267473
9.135139735308622
7.074626527998058
6.1664331258196725
7.511411664730005
8.40215538817672
8.443080670553769
6.4177479346501665
8.941268978293474
5.491007449044322
5.518871097924167
8.361940710239674
6.48383032613668
6.723899631139667
5.931501236925867
6.832218078574547
7.073570044994488
7.4330746023167675
6.4085175400065095
10.999878434709446
3.952920603898045
4.828551658961273
4.29160250519422
4.525631428652246
4.5642971588148
3.639809417382613
4.417586345441641
4.712965047642691
6.00018907892417
6.276897297536181
5.941460540212408
5.241016806381938
4.8781675403522184
4.1898803413532155
6.564909073799852
4.989740663250933
4.712428599563735
3.077419772543033
2.4226057609019365
3.115640620276031
2.7689958801090397
1.7851233295589761
1.321284528434384
0.9825848445475597
0.0
0.0
20.778261191552478
14.810980640666573
13.576301808517977
11.206538198069246
9.201376590619553
8.964121750533987
7.865362298499417
11.083459690023908
9.386358762678457
8.263537194368334
12.065673437154482
10.749145858897078
7.282485174992076
5.920104401689614
6.854491771039963
8.274816066389505
7.4043982378745286
5.974574729048656
7.680820641274949
8.983301081892327
6.846354948532611
5.422864590566812
8.009135409474503
6.199212825455285
5.128246886259
8.255050610233774
6.17452122124506
9.439583839920827
6.3746226312546375
6.786861339244408
4.670297125752284
4.357161325799816
4.334725907915503
4.091818669653626
4.217536905100458
3.755062494471343
5.472960446508872
5.050363534139703
5.149315468195929
6.037822835440728
5.30939068505911
5.000451611332685
3.876939351347357
4.684962429516814
4.901223494458636
4.18664477951668
4.4544278430268855
4.243789514842018
3.327885230391363
3.4881960790902107
4.5412595674766125
4.5412595674766125
3.7031675837597557
3.3325066553053917
2.5977970769643868
3.609466405791997
2.6968935573007817
2.3739095039070714
2.9147591804171387
2.362273697845092
2.1459661111768398
1.8369633647089212
2.4196232445392565
1.9520566502662995
2.104230186256307
1.7353261206338662
1.7305648736348684
1.5870822263661186
1.5322905041059196
1.4337889569542661
0.9962166843365157
0.0
0.0
0.0
16.5279887082411
14.671600344933633
13.792361965918383
14.139951728293491
12.258961848744274
15.642780331629943
14.402667194297894
12.680179619625358
11.815358835319255
11.729554589776894
11.591131451963934
11.03292881233988
10.473782257997396
13.511577960500857
11.043069523724965
12.41744415020693
12.619821420411833
11.486576437632541
9.590924580176852
12.546812851310863
12.01109556306249
11.383113605383155
13.334102899565789
10.249533437700682
13.637697028219176
11.082063302036858
12.404866646919526
11.111246816833084
10.798616173452343
10.590315314110207
11.547784390505647
10.442089396992912
14.019402815384423
14.019402815384423
14.019402815384423
8.590967802147066
12.753405413034042
12.753405413034042
10.074235083146561
11.13287391286983
10.425401588344258
10.165556421364894
11.964415599409364
11.964415599409364
11.964415599409364
11.964415599409364
11.964415599409364
11.964415599409364
10.494971605821968
10.23022584752986
11.402044378048146
11.402044378048146
10.515016708682182
10.969175309625257
10.969175309625257
10.969175309625257
10.969175309625257
10.969175309625257
10.969175309625257
10.969175309625257
10.174762448270744
9.796080942477573
9.604518606194063
10.445427456262317
10.619024515585986
10.619024515585986
10.325844397967654
10.325844397967654
9.538718746648696
9.746667696531773
8.750212327840128
9.853611294179188
9.38540992791092
9.235036161602245
9.816994288445033
9.657663141758306
9.657663141758306
9.718770035845782
9.782208157546552
9.477258148116478
8.785087314693554
7.946446074501177
7.946446074501177
9.191884906911755
8.802732346305863
8.796841846229492
9.115600038903953
9.782952898645103
9.77268112331808
9.21741418646853
8.157171160088899
7.771111286263835
7.613133006892315
9.018660812261905
7.549943835505632
8.416887838339298
7.478670409376249
7.089441417044906
8.241083261538307
8.149514362214042
7.748441654359023
8.149657975010056
8.002817625338777
7.199212910871901
6.93913575978585
7.853629757602121
6.665656383461178
7.700454120381148
8.422996618935437
7.77917638054923
7.656595333193522
7.643425655578353
6.537651665700305
6.914922742257951
7.491834118633556
6.355382677996754
6.38184183638104
6.299049246738684
7.461822662693799
6.326926588723821
6.116547384362108
7.38327967097592
6.021145955560142
6.696972628586757
6.482952092270521
5.634631261530785
5.5643984489622484
5.924971125222665
5.448835263097199
5.200564206637828
5.147732458151037
1.2451291256384687
0.8876566898052848
0.950692121548929
0.520577513972705
0.4673706738656438
0.0
0.0
0.0
0.0
0.0
0.0
0.0
0.0
0.0
0.0
0.0
0.0
0.0
0.0
0.0
0.0
0.0
0.0
0.0
0.0
13.27894903085815
14.143253684304407
14.026285753865132
12.728004173840555
12.514277570177015
16.076723029880913
10.999801598530535
14.243652988866861
13.581360828370311
10.949088960638708
12.312057499113818
9.876702594608858
12.860380301885758
11.651312930958332
12.532829807003234
10.397149908589183
9.467743796253549
9.950771566345423
9.411931578953396
11.92355981618873
10.832069213534332
11.066721452881536
11.448098585595332
10.216733668114758
11.797701570714993
10.452131296195352
11.216443745680623
10.626472031841994
11.111946244271389
10.842473760963834
12.059965789747208
9.89867177327596
9.89867177327596
7.869781249800806
10.582338938082135
8.149004836061236
8.149004836061236
11.078453449294683
12.335485955221312
10.843396424535346
9.697763594434207
10.051027459773227
11.971287073455086
9.970689921528137
8.00928330539168
9.234562617797874
9.89937944324296
9.998543704559202
10.139818687105793
10.080726430938222
9.101145097887033
9.255995273375254
9.826354610096404
9.22908692390103
8.8170594576024
9.988037664003564
6.621151402112364
7.596382816036735
9.102350720508992
8.402783555881676
8.139445369042132
9.536227794430046
7.617639252360895
8.256734650714538
6.72751077934072
9.166188313748853
7.941693431681839
8.38965834998221
8.334462502211716
8.409862405795753
7.760084520401894
8.328558733123462
8.468074532644343
8.062796493540636
7.427112866049586
5.586753669021063
7.3660468382274304
9.233126788531337
7.5918363753444575
7.180865678537776
8.217855333080912
7.704085081166308
5.518776621556163
8.051634596987041
6.7681026107663484
7.405336356800687
5.129253122637461
6.380286694378058
7.544568006002251
6.858068975706307
5.7545322971961355
6.930646100773548
6.484841673279019
7.1353273899810645
6.24093314899156
6.860397274023012
7.734028263277805
6.994110152718858
5.593041849893823
5.700021958608702
6.929998741959528
5.7148245786857155
6.42491589615893
5.781226605519342
5.023113110559368
6.196100402968488
5.8580159232232
5.199295474362869
5.857280663385516
6.228382007045983
8.523967357943238
6.087087415945752
6.974285752700942
7.559619315048311
6.0190954873172515
6.405237951247035
6.731793293680454
5.7913838085642295
4.846397727802323
4.574874776665682
4.584350450231927
4.23761088497718
5.4832838103153705
4.6900764359268265
5.529827432106728
5.275197300074358
5.122130265752439
4.8852532942473745
4.993673776151984
5.04734961458258
5.432755982051958
5.20122001026808
5.52916296611718
6.019063270500957
4.7788022854501095
4.362994743190018
5.119524541584683
4.38646578730474
5.718603534677163
4.775807798050008
5.2573422030545505
5.255260856827417
4.977963363947487
5.23229023028906
4.4516478979712115
4.865730528261607
3.3055583641671356
5.094272813242499
4.528959588542565
5.292711245404594
5.562895861648146
4.523800490033126
3.3400941131546436
5.005982169500467
4.108560093540437
5.1954941391503855
2.4362131735751458
5.5097555487179894
3.8115358220051694
4.873859978606332
4.500060159293023
4.643529462385871
3.5910789518851063
3.210189990443819
3.126865133293819
3.723765264751441
4.500845655556148
3.887996955163272
4.002886182469885
3.0028685824725003
3.875887537831124
4.911468332214133
3.367161879095112
3.317446828845662
3.1879508823666125
3.4546303332934682
4.136474489258273
3.9234648663050993
3.972741680976513
3.1972174220573066
2.8374278967615525
4.380339703430429
2.961015568350492
3.1744937976340886
4.18823489130467
2.9915256954201306
3.043675549258185
2.4010464410510286
3.621670049521735
5.274268239128656
4.655939449843138
4.268584472014819
4.268584472014819
4.268584472014819
4.268584472014819
2.8791807361637374
3.991441527291355
3.991441527291355
3.991441527291355
3.0175991988293673
3.7774896912777565
3.7774896912777565
3.7774896912777565
3.7774896912777565
3.7774896912777565
3.10272523013145
3.604015202093647
3.4584992060525277
3.4584992060525277
3.4584992060525277
3.4584992060525277
3.4584992060525277
3.333337285151482
3.2236218449967162
3.0380855105813964
1.9130905855331442
2.109390631727678
3.7555724927098226
1.11363238567801
1.2736543676617453
1.8988263939554813
1.4439867480774642
0.0
