0.3784019577439427
0.46012508746984015
0.46168363737940543
0.3166099646438951
0.38604002123449066
0.38401347208261416
0.4140196565445361
0.42809970324765256
0.3180903537088307
0.35496914719995254
0.40622126834563593
0.3683468387584415
0.3118839720502887
0.36247363792860887
0.2984037025666779
0.37461075792194654
0.2861574676535279
0.279972144181541
0.22766804775904959
0.34566083644072154
0.31790386349942273
0.37080774182450843
0.2761036442267178
0.311458941101594
0.33190407802695143
0.4200800102379436
0.29250938919563413
0.2979630378435705
0.3129185557303633
0.24973002670716735
0.25682857621020694
0.3464804417043787
0.2922654076279317
0.2867274218758138
0.22050700000487292
0.2835752183976379
0.2653589318198352
0.17957438471881193
0.2982460239689624
0.3628578067369699
0.2817174079256307
0.37322468612994186
0.2937839851869842
0.43447800300375894
0.23250996035119925
0.3150327072087389
0.32184530881268825
0.15934251997838988
0.24777030364497973
0.28393424824130736
0.28436108577431374
0.25182484862735155
0.3166103505377247
0.3058184734043773
0.2648050309818572
0.31965233517145825
0.31903256744906006
0.2131152525630245
0.26580899910654343
0.20546745620981322
0.2934037532920124
0.3208033281342541
0.308261061136353
0.20984695450179763
0.31487986545789304
0.2906017201053817
0.27493225750555683
0.363637451111475
0.2763622052138111
0.3246392383883839
0.1352659837746602
0.24227080421483083
0.3270960303314194
0.24361720300207848
0.32195169851925226
0.23998315601178177
0.31483662897186454
0.26179861127972814
0.24081845536916308
0.17146438080962634
0.2514682346427807
0.12982768954256574
0.28950157353335293
0.1680054546360194
0.38579751087257946
0.2666090015116314
0.23440676032395574
0.300009088303531
0.2842794539958313
0.22179496411025632
0.24532431960889806
0.2957950685846696
0.2876657446820736
0.186432132252707
0.051407147228779565
0.18556717194310585
0.20984840968408405
0.2564285656098155
0.2366737594588509
0.26127938061648603
0.20403923900614018
0.2572003478671237
0.2925083528118883
0.2462143920490744
0.28895059840974
0.25977474948141355
0.28304578523007223
0.26926228804380853
0.2234891815894983
0.22228669467334114
0.2075182083524638
0.2133146033650446
0.26488262727374784
0.3296784276834124
0.27580785062910135
0.2865510096397722
0.35036994892422835
0.19270517552019067
0.2435010852578779
0.192508666542496
0.3113350427686696
0.1876558629625839
0.22346180464204357
0.2234023768514924
0.22981785099645755
0.21283781741580252
0.23969943273372737
0.36789192937083626
0.2370926465346513
0.30113278912039276
0.25059696429734873
0.21780971124468465
0.14807071381646478
0.11719712655642861
0.2577981865827841
0.22421292655072092
0.2046125889212466
0.22998279313597567
0.18677421390307974
0.23168224352358205
0.0489969784317454
0.23361730234275319
0.1720418999673995
0.24526453501267392
0.12519487319205383
0.1339819255875252
0.2800271527284127
0.05948644978906652
0.05212509731259486
0.2577557074062673
0.1760612900633221
0.15184208255155335
0.22692230400918345
0.09295956442712573
0.24357808491831925
0.15739151703576978
0.12112332764589806
0.24280365166342638
0.13976656861681785
0.21932839646336832
0.23970552310746027
0.14141103460366866
0.13271746450064933
0.20432855295606187
0.12162109265382115
0.1499414440692863
0.1277645786555262
0.04069557734523391
0.2621951204915819
0.16731762984863746
0.16548554918674613
0.1034281232397349
0.17324757985538006
0.1643341196504568
0.11520843995983966
0.16724155551612246
0.0458004153695257
0.07924790962786316
-0.007525021846794566
0.0
0.3509756816109198
0.31716963845738755
0.34032840536932196
0.357136296569374
0.26193706115586973
0.09421496872058316
0.2512787554036143
0.24944080817284162
0.24789744962695526
0.2634737677176383
0.3243392426722342
0.24409861994235088
0.27711568601751047
0.25095331130324877
0.23451701339097833
0.1350951173442823
0.2697791079799144
0.22666301114228782
0.20388640673125538
0.21678571948772335
0.2879962867155768
0.19084499216047707
0.23014445360345626
0.17546884112883493
0.21947822985262122
0.2136587931141744
0.2144716333146418
0.2394645915984442
0.2648700450755138
0.24116112652399824
0.2162330891533628
0.219368199915006
0.22043307913706034
0.2433393616424099
0.23293033244577713
0.23054429633639978
0.29897484833320126
0.06522120813135222
0.04959722922243609
0.2830926089754594
0.24712506241789578
0.2380993583588248
0.16891977856350657
0.15097124766960446
0.1985845593551773
0.27480357510964926
0.27480357510964926
0.12952671924210063
0.13634597732369189
0.06906048332286405
0.24891865181103753
0.08266086788123977
0.23975604332041367
0.24693916035862185
0.06991379110072554
0.17477323769742525
0.25908460714894904
0.19888581936851016
0.25130367770460477
0.06933912125905659
0.08957223611615206
0.0993742637071569
0.06778205584790799
0.15056870629631572
0.0681805107108087
0.1462879830208342
0.16046810187125898
0.1510580776757528
0.10333599496345838
0.14559438548483594
0.29666728757306604
0.25946322363678526
0.12407260392271383
0.06834487592296712
0.19634506522082312
0.1342792857660847
0.14886140347708268
0.1125206292677218
0.25797689536315804
0.09890170594036901
0.24449044834102376
0.0687533539258969
0.16807717651781467
0.1745129268978119
0.1437583856837505
0.06862649498081305
0.05240064920993287
0.09394958478553828
0.14882211191672143
0.06890706428677382
0.09940671634749261
0.2506195174368141
0.06308300954540003
0.12140906990323695
0.09680671117638345
0.1317462835093293
0.12328458836136277
0.09334311966259104
0.054696305654542546
0.05822715318839393
0.05428611715231966
0.13558409719593745
0.05357526625162117
0.059431956940675115
0.14081221135876845
0.05909008696333087
0.07885522595990116
0.07765697740315979
0.07735452176788665
0.059134680160897166
0.0631910252129472
0.05140064750703391
0.06246351903159313
0.060888863904771426
0.08040408375982877
0.14435679047650307
0.15691159939132268
0.13692999126262287
0.09382537016321617
0.03162158866934791
0.01963004550992393
0.18033640858921035
0.1137500411875651
0.04315780414413823
3.436048229665742E-4
0.021134250896911524
-0.007171472996671947
0.025358961804682122
7.468758992054767E-4
0.0
0.0
0.3030488723368074
0.3715436277949986
0.4335600443584857
0.4076877456864815
0.2643898278365556
0.39463983779722495
0.3512308681205736
0.35169793973009456
0.3041268529085722
0.1562592749031626
0.3393065788350104
0.2865311836422152
0.2538541303032498
0.2577145771312932
0.2946306822738208
0.22872391218660423
0.22360763221724064
0.2940402928399876
0.15250916161593409
0.3075759169008735
0.22166031110768136
0.24489962335287388
0.2132734391298889
0.22530807806132608
0.28836733660369823
0.2551384157524457
0.1870500768393981
0.2996872215542714
0.20125470912910043
0.20426290178007633
0.21886578704210438
0.3228276119832324
0.32518184531584593
0.14845553825173952
0.2702838223724327
0.18454526207763328
0.18881112989996326
0.23035802137551342
0.2608007690544635
0.29820299594110466
0.23695290731540475
0.215420960364924
0.14742864685137289
0.18644731512364796
0.22467973423189952
0.13961575237580517
0.19129565720790223
0.14525068933039667
0.23037304106699247
0.15693766591849662
0.16354151438770426
0.1538389682288231
0.10771881433448395
0.17727945370080514
0.1865494704605123
0.17457749827560493
0.20175435802428635
0.18875568375396173
0.20849956552861515
0.18528975863363417
0.17417865139959868
0.22003146184162697
0.13433459463553638
0.14568093757013872
0.23868656353483014
0.13786720843451447
0.25338895517261767
0.19125929691229368
0.18105163016598388
0.1342216520929324
0.214622221159782
0.17794702032469537
0.1631791831651512
0.19819262232028778
0.2052656811702484
0.12843395974868715
0.19539726076044284
0.19539726076044284
0.16012876668018833
0.19725342267693804
0.12427950540396157
0.1385472503707001
0.1105506372994056
0.1710284137527714
0.13106234460957536
0.08961010482866089
0.16690668117633964
0.19384954248829372
0.18493880266471682
0.17772246180291187
0.24026684835762782
0.14716607754827277
0.15153507184365253
0.17356530628886607
0.1700284077812542
0.11705213726882502
0.16596681490441206
0.1813865851839658
0.1458256082345249
0.17795322946721198
0.09777559626823222
0.15220958877398566
0.1488153063269563
0.18901519867064454
0.13373060785944124
0.09409279339238552
0.14893768701558685
0.2010442119253412
0.05258950230198918
0.18661044047893535
0.09355860876393517
0.19062733667876344
0.09421976651344288
0.15689631097739132
0.11356678820791938
0.10059985855799079
0.16504941748655114
0.13620087802092803
0.09117909234530311
0.06590589932236895
0.07188696528694159
0.08740857687326223
0.1716866494842144
0.10947024944731407
0.0867533545844259
0.14699122755434427
0.08668701366180709
0.13561967731474606
0.08331132758932083
0.0886414035103466
0.09456919780791995
0.07768227917510548
0.08810569225834813
0.05800315721997683
0.10969575307961539
0.15544004024235672
0.07564561020620433
0.13375530965064944
0.1005728763199949
0.051335547728524
0.07289395625247318
0.08688056848042922
0.05004420846752018
0.06454331796412194
0.09089689900145471
0.08818276079291443
0.05511955337024242
0.0842984000443319
0.04473631889536683
0.05519573340672777
0.04550671661326046
0.028010736905015605
0.0594536664204139
0.023580289912062156
0.04328072610630555
0.08818471510496301
0.02775110442193513
0.07802353458580152
0.07802353458580152
0.057553802616860064
0.04369003511407596
0.03829948622231953
0.027219729338151394
0.05810212855465784
0.027952319125470776
0.02713640465380218
0.049322424370642236
0.025929467207099578
0.012335296633335522
0.011048763483129262
0.06196562929850221
0.0369512169691641
0.03872780202797135
0.01650549662980472
0.033998089155168665
0.03223779771220761
0.03261611303232099
0.027266773399478465
0.027220955600562587
0.02841889960158521
0.051707833437701106
0.010205757968029932
0.007650342543396106
0.008227633720693593
8.748723304937873E-4
-0.003043046121144562
0.0
0.0
0.0
0.0
0.0
0.0
0.0
0.0
0.0
0.0
0.0
0.0
0.0
0.0
0.0
0.0
0.0
0.0
0.0
0.1665610876728159
0.29459141861079763
0.40456365396178007
0.41106869474779173
0.38718636095704917
0.38718636095704917
0.37008917224839205
0.3378068093047759
0.3731276416142515
0.3731276416142515
0.3611913281922826
0.36140719304119484
0.2558964066381282
0.3439197092267655
0.385186617574423
0.15211406770275038
0.2984274720111324
0.26398777991911415
0.3604679600791962
0.3701317635301422
0.35709028491186046
0.3126999985081559
0.2611747078056881
0.30993276012975135
0.2781859868370044
0.29875193264643796
0.3422054352107904
0.2945686777486057
0.20993221345676122
0.15951857036974498
0.1502503704326077
0.23713501597859268
0.16400057127364856
0.3426739996162041
0.39678171378234733
0.36993150816070636
0.34085344747701385
0.2552300033472179
0.34348419683867604
0.3585954718309468
0.411924803498797
0.2842787898999281
0.3707891993917704
0.24010264011378715
0.2868399515664153
0.14507900288888945
0.2703008136589023
0.2601705134796231
0.2580077885342034
0.25647232693945166
0.3563929646560978
0.2737063167036392
0.26408839005870965
0.14601790145466104
0.307706369304207
0.2506682352162346
0.17886863465455244
0.38915280185549045
0.27682349570134057
0.3443645375701829
0.23408364688819872
0.14811489162446678
0.24769061982806262
0.20172066258158478
0.2658428950107793
0.3061807877061047
0.2921660472102108
0.24572119861873498
0.13322036602129902
0.23919883319112903
0.23747983406656697
0.14308711049789205
0.1413421029817732
0.24716081171844018
0.1190479870867984
0.14001637843992626
0.21777659793317158
0.22060606342944294
0.3018408382446104
0.13773690228075441
0.22313720086799205
0.28322224566668014
0.13533339301380848
0.2799891715117157
0.2584246679751068
0.13596297542683516
0.223415939064471
0.2221882136390915
0.2001835264734633
0.2387598417135383
0.25279790671764274
0.13350466266837405
0.07795593808099252
0.0727364563752359
0.1770029005041765
0.20395363170909747
0.2675851150757802
0.17964378638249118
0.24471563232427718
0.24471563232427718
0.25256747753618636
0.22905172397590284
0.22905172397590284
0.22905172397590284
0.2173872083319167
0.2173872083319167
0.2173872083319167
0.2173872083319167
0.20819957381115878
0.1942983620944223
0.19433400480071794
0.08423901054996456
0.1966895387211115
0.1792450727445626
0.16718618755881978
0.2023025631732937
0.17859637233891035
0.3195568290753385
0.0798547699697296
0.18482900482272654
0.16799049223679322
0.22234301355226452
0.19521048162309634
0.13978508888215044
0.03852607449930653
0.08039445344700971
0.15634481509654186
0.07242088693783483
0.07315047609100812
0.13338357149553967
0.06093579906670591
0.059898243635683676
0.05913951281169379
0.13842761520678776
0.06932860278485267
0.05881548516873484
0.054273690729529075
0.04820725401794001
-0.0021350645549231937
0.0
0.0
0.0
0.0
0.0
0.0
0.3859864450727185
0.4429282559545646
0.3242288383629677
0.37309492953929957
0.2361892391658575
0.195185042034488
0.3853225708418243
0.1543781707230553
0.3035160755606119
0.18589535756100198
0.2762703149567384
0.19469277783869515
0.27906813113451906
0.14841254105401938
0.21715887003100592
0.32474265071068564
0.32325699166663524
0.2566453320951641
0.2504322503317601
0.2684269417458704
0.308405589251024
0.3536522996396134
0.13218088576577292
0.3069916824298354
0.32915359117457954
0.30834652523236195
0.30727130459468555
0.26887577285484277
0.1455924257734712
0.367618250042906
0.27710720816672496
0.22879814342920768
0.33477815254799365
0.33477815254799365
0.14178457353127283
0.29071287020791414
0.14281703877594426
0.31209926864629933
0.31209926864629933
0.31209926864629933
0.31209926864629933
0.31209926864629933
0.30142845054678297
0.25791459705614445
0.29510750065643876
0.12802128170709998
0.281664835826875
0.281664835826875
0.14951858541189667
0.14317886829306448
0.2805990743990293
0.2706068947938097
0.24159263800460648
0.2612420871538929
0.2612420871538929
0.1800986920710157
0.30626190265768477
0.2792449135677147
0.2855970436307169
0.23699679419122388
0.24127465811275672
0.22922906833443746
0.23439244181153515
0.25381030097628504
0.09962187295587199
0.22844603529224963
0.09946896878914122
0.09415408857283555
0.14523546399124002
0.14477295985776223
0.09945059139744193
0.12187676936670663
0.09210291085556194
0.32098726119310805
0.18937120687113126
0.2224893698938541
0.3804419251153822
0.11990409140769925
0.15317998344614536
0.08864794509100224
0.09785593024278992
0.1354165553220859
0.13983861424393632
0.09217436116820482
0.09011692873055382
0.14439657931396102
0.0847528599278389
0.13875372442573697
0.13554831016850855
0.1999096648116409
0.11502759381506265
0.09319883363316218
0.15622066712465021
0.0917048733476048
0.23025511158548934
0.09618349713820276
0.12922882251721013
0.0849531462752117
0.09649750521274997
0.1302840527803491
0.09363935653933224
0.16508087755739442
0.16015171993309135
0.09398392195341373
0.08901448833710923
0.09154998778603755
0.08885061167563839
0.09108033613741826
0.0887846826265843
0.08634800449347532
0.0860940360984874
0.1551810598992366
0.08542968104941548
0.16360864434713931
0.1428198116143216
0.08681130665448462
0.16678392666852893
0.08494934562201012
0.07100757350655024
0.1169217041689638
0.0776881746986781
0.11131496555616205
0.13058878832540569
0.08000249388771496
0.11027664550060295
0.10849141552036554
0.12336723475068814
0.07757966638094829
0.07152467146087053
0.07567453805052035
0.10085074727066626
0.09623006861164263
0.06959811237034132
0.07288143938254693
0.07320334544485918
0.0013274050844223808
0.0681132388981191
0.08884413666969893
0.086623419112658
0.13027002954687525
0.05714356512536449
0.061446554535463334
0.06246457408123764
0.07474458204182588
0.08978397650901249
0.0613383515621066
0.02928779309815019
0.14473190039179856
0.010860237294334508
0.052744671957216424
0.05214810211878917
0.011250238225744238
0.03341648099769797
0.03343065185478773
0.012271715694732812
0.050647041813916
0.015375816952714987
0.01364377030857351
0.008945556396074446
0.00681157814118255
0.007051778789143275
-0.0011107369665540607
-0.0023145187150825927
0.056980553670657276
0.0
0.0
0.0
0.0
0.0
0.0
0.0
0.0
0.16159808757980648
0.16263929351598302
0.3938957122991625
0.27121245804454425
0.34516526585844454
0.27266058058299686
0.2579111746165049
0.15945767696971108
0.271407061985929
0.34885389766519376
0.2743108476711308
0.24950215410460216
0.20325716163609442
0.23836110390005266
0.2754262294419969
0.29375167581076944
0.29370859417042594
0.27512308886393533
0.31584265048598337
0.24978941013852665
0.23033953401037624
0.27406593510487637
0.2333314798655048
0.16089023407708597
0.2752557282895751
0.2920492555495494
0.2735345235203073
0.28849603824481157
0.27610001887357266
0.20814888566773818
0.24937821793845172
0.2260606992813215
0.23587147661350646
0.23996476551733764
0.2951783261238926
0.2239157575562248
0.19480548022586655
0.23373449942642566
0.27797336595674993
0.26113247376730425
0.14298584568693307
0.22454596733830995
0.26007074141973835
0.21995927128939244
0.22781830108844708
0.3182479705697918
0.21897926729191955
0.28618868060949054
0.16694508106790312
0.3193984050449407
0.2698400632520943
0.2698400632520943
0.28122060347249145
0.3525982154516018
0.2881502264265969
0.25480655115443107
0.2355720832017526
0.2560366344157893
0.175971001266995
0.24943474590121295
0.18347446904473708
0.34263641935661915
0.24357106103891116
0.2650668845242457
0.2366051308972085
0.09919778888870576
0.23382939878595319
0.3150780178067714
0.29251389020127094
0.1599403636487109
0.3132074539216091
0.18264219384449432
0.2007194424735605
0.1034921011122347
0.20188627591907568
0.21047519748920385
0.19152911381541127
0.2287043386477654
0.21612843269859894
0.09687842325751134
0.1855600293647964
0.23535093768623364
0.1756667885201433
0.2802062606268761
0.168413572147108
0.09336745122605707
0.19182446486068624
0.26303027895546055
0.15835174597049
0.2733812954358505
0.18123609863374604
0.16002327506649558
0.22374368569264957
0.2528608467922103
0.20083401413690216
0.20780343724770428
0.096159888083901
0.1335743335967022
0.2711334729646786
0.196105519358959
0.26300737645161265
0.154917765802891
0.31294244136907323
0.13346921144268292
0.27599005324371856
0.2786817650444721
0.1361920762703157
0.23155626721675007
0.18907025923765255
0.11936208933620363
0.2882291014343177
0.13651303536492954
0.09906712443134749
0.09646866853394334
0.2059251626130427
0.18140430443402128
0.09881484287172729
0.1632282533007714
0.2648310643639619
0.10441155731192511
0.1599311633370184
0.1555423666773832
0.2685942254084999
0.1422090532968357
0.14415415862219078
0.09769189894808356
0.16272039931750495
0.17192001740276042
0.15576345970799166
0.10029603620404245
0.2029892540552136
0.16421590732492866
0.2137276263681098
0.31230517295193977
0.09386378328759923
0.22519265115582196
0.0954262838821219
0.14943861102162978
0.08517735352675174
0.14478520843608947
0.23572775302702834
0.15733483782964142
0.15922417043671205
0.13776924707200278
0.11307797683834567
0.2175242682969397
0.17909539578531952
0.12367004364114496
0.1614804307278364
0.14463128208250572
0.08341954981171651
0.09538137454192622
0.10497458884102427
0.10303814689296678
0.1254750287384765
0.025719009321274945
0.09460372030199643
0.13462035237071945
0.16489491701282685
0.0953292943784046
0.17333977002770126
0.12412008371894646
0.175020999095876
0.09268865050575995
0.1258145307431547
0.14215298149662745
0.0871361968244388
0.09091990009178419
0.13624169466610803
0.1507692405807805
0.11869150489206545
0.10377631902241213
0.09030453756388333
0.08937168426728068
0.12074787251767685
0.03173509859857537
0.14241714763420657
0.09022399958711821
0.024591694263333824
0.1160477359153411
0.11645121394885927
0.08318096009220435
0.14352803773237652
0.13352550404214622
0.12606314569467106
0.08906046604132768
0.1656518144815662
0.03917033245729765
0.025024836271817917
0.04113425164407285
0.10756525788247212
0.08788255069623749
0.1014904377198914
0.08329000783946969
0.12097803948276226
0.08393208745556097
0.08384969463085734
0.0826734678373657
0.08177597889450593
0.04153602111539939
0.09127712832052517
0.07859695222872815
0.09719887680389205
0.20088026352547722
0.025097501292767034
0.07766595070766547
0.10397958689206682
0.06336107396413374
0.0777882583680714
0.11198367162661772
0.039213761116053174
0.027758108314673874
0.07521396811633284
0.11157046099195989
0.07492819829221418
0.08872464528032047
0.09298789907861887
0.08020973455604796
0.07031771255078938
0.06941438895964527
0.07066827903054052
0.05810821042000399
0.03228098096357898
0.07461379800206616
0.04520344357789251
0.08216374656691353
0.0428601827717798
0.02212030806244919
0.03199911506325264
0.03196664190421038
0.01937944477376752
0.025396016096257204
0.025669551429311946
0.025316863194791994
0.007135890429087823
0.02262822863239227
0.018231943047178203
0.016287917293650707
0.010296671808267831
0.009550444727077115
0.0015545174974934805
-0.0057192062483407006
0.0
0.0
0.0
0.0
0.0
0.0
0.0
0.0
0.0
0.0
0.0
0.0
0.0
0.0
0.0
0.0
0.0
0.0
0.0
0.0
0.3609643663441917
0.34070717061242894
0.24717834681647638
0.46299362202795263
0.37942596870560624
0.3306655979134167
0.174897679741667
0.4168365778808991
0.2935365195988696
0.20612252495059155
0.29514756652903196
0.2795026253957653
0.2843229015015303
0.3477253485565874
0.31446959395279317
0.27545593285624914
0.33695005989481297
0.2876518171004572
0.2261010708300949
0.23415831598671455
0.310883544512561
0.2961475632929012
0.3622190309051497
0.2573138409672606
0.3423707099352197
0.2670295435314015
0.2759948294126999
0.27666620434603145
0.25677966466131386
0.2528660271248719
0.30007204350411276
0.2989585271468662
0.32298003396103736
0.2377115337798043
0.2576665218980447
0.2517716546048404
0.23193725427617568
0.3375205591444202
0.163734024245553
0.28433230967687784
0.3135313070289131
0.23319245404674174
0.20406495744140435
0.3214954891978803
0.23975707108690722
0.2715703674172273
0.2789044875384382
0.28368410966384056
0.304743425711913
0.32954784832366013
0.2946618904641305
0.33206428029032437
0.2572439684120068
0.27248413752136613
0.2854192305132165
0.2177838268923997
0.3429359657568724
0.28648104624720644
0.2834433408698462
0.2808599973865167
0.168922798437022
0.2017674712064142
0.33198729500004337
0.1311067241943323
0.24575707238343017
0.297649329550334
0.24363354054976985
0.28919943589520414
0.27849222337480367
0.2606445202476617
0.27692220943642654
0.25522715251092326
0.24729950669884967
0.2770575105306215
0.2512611860907181
0.2516301210016204
0.20968685689716968
0.2461465678871062
0.3421878727455099
0.20977468362402213
0.27009792959015805
0.24845375666678807
0.20182426706955656
0.2443435218450476
0.2927698436315987
0.2232422685006609
0.2598396572589191
0.27923139303011746
0.3054619141729546
0.24324365059677758
0.2559094480031334
0.24182617384344574
0.2111534916964567
0.30008270413169197
0.26079115294967725
0.2593921784562652
0.25772181476904743
0.23781436668968198
0.24531853646500085
0.30487156788490566
0.22790553265366176
0.1410166832604483
0.2344490963405359
0.07219971638270832
0.041843844175388376
-0.002921142124284949
7.92931057369535E-5
7.92931057369535E-5
7.92931057369535E-5
0.3980184599461476
0.33881031240803616
0.33881031240803616
0.33881031240803616
0.33881031240803616
0.33881031240803616
0.33090430651307445
0.33182298363908697
0.32406612635114923
0.32406612635114923
0.3127069169082357
0.32249436003576404
0.3628608025350332
0.38057498511554433
0.4215440277813658
0.26254846441770646
0.36573854936736655
0.2841455752821785
0.258770388777879
0.29522587851394316
0.19478551006062922
0.3225220576094206
0.19650043751900437
0.3121597820017953
0.1683499414663834
0.31372640339458674
0.29944965882120983
0.1547537596697403
0.11834893212493702
0.3644663969054547
0.32695584207100564
0.2630339016783902
0.28243095623990566
0.26499789910885335
0.2478386880813161
0.3676655614181023
0.2716261362160974
0.21482979739752645
0.30163993816386525
0.15639277277172997
0.17388131013658897
0.3152263703756826
0.2552421862702219
0.20183743357411246
0.26065927743142514
0.17303096187005487
0.16949012389471946
0.15190617655815017
0.08143493239886078
0.16691712255056115
0.2523969544294161
0.14535663441834357
0.14474702291702599
0.1305310913198362
0.1335887881242641
0.13093846091217812
0.12713843805233246
0.15427948027836708
0.09088046045628398
0.1841486318062941
0.1033596850188973
0.11351009221645539
0.11380675339320964
0.07146662582420181
0.08154281137425319
0.07245180938871273
0.11821971856125577
0.1173132191376304
0.08140811012808345
0.14122290751370462
0.0990109980616983
0.11752105963447665
0.0888555986674124
0.06293567803744954
0.10147378238784152
0.06740126287035911
0.052900993697665294
0.08907787943773317
0.04894509335789307
0.047376340951897786
0.03670526315216692
0.07956456515067081
0.10677971742441614
0.050714222618843244
0.08103723768749635
0.0752328655254953
0.048475669191321735
0.04721307314469938
0.033499234170418814
0.04380070194627589
0.044759406864432555
0.0420016469374166
0.08099385014976807
0.0868187719898415
0.06436151238312063
0.04794116195074616
0.042391284850336275
0.059369107727279054
0.03434569341675552
0.045731738155066495
0.04858185933593582
0.046102679417259394
0.06017191560158107
0.09252359633593413
0.025165830057056943
0.0596158868419079
0.04039533334338721
0.040934343627156644
0.041162246732951616
0.03583303453390372
0.0376333129023993
0.06269439635192364
0.03682765019841921
0.03523694892274133
0.03461454280704734
0.07730538551115955
0.028609107819341627
0.030287300178017836
0.013290148528765769
0.08412354329673827
0.017395086372184475
0.016772407923867826
0.01847564311062677
0.022694941339197798
0.019292387742485498
0.014007863630327386
0.01680765758274972
0.009716851562316367
0.012197669360739835
0.027202377941292134
0.019454016147397155
0.013598535417831025
0.01289144976072654
0.0164448382218391
0.010482108121112848
0.007796627921004372
0.008380882020088219
0.006771299220276646
0.005046212785304368
0.005176079568688625
0.0035636341005331976
0.002834483096583483
0.002324810429906776
0.0015551958173885918
0.002208617719888761
-0.001941437946276754
9.945391366547904E-4
9.945391366547904E-4
9.945391366547904E-4
9.945391366547904E-4
9.945391366547904E-4
9.945391366547904E-4
9.945391366547904E-4
9.945391366547904E-4
9.945391366547904E-4
9.945391366547904E-4
9.945391366547904E-4
9.945391366547904E-4
9.945391366547904E-4
9.945391366547904E-4
9.945391366547904E-4
9.945391366547904E-4
9.945391366547904E-4
9.945391366547904E-4
9.945391366547904E-4
9.945391366547904E-4
9.945391366547904E-4
0.2638418198413054
0.21020783326489714
0.19851965112825098
0.345631072810529
0.23307901187326038
0.24140398397236315
0.21400480360673033
0.12960975682062992
0.2805293563317573
0.12172921974117876
0.2590267917099277
0.21447526239813508
0.3720925384735134
0.16710167242656482
0.10955239935239905
0.1793806092267739
0.17441054326429503
0.191709748706578
0.17838781922513675
0.11834830902103902
0.24579408726445406
0.2113839945788426
0.33675446363887374
0.12264748764762373
0.20852479995317108
0.13700369672325668
0.10949741325975212
0.11960695232174766
0.13087476518934554
0.12550859190429053
0.23833882756731906
0.11202052974931562
0.11846757062090642
0.11549670675355073
0.1375220804894612
0.15083834935030258
0.26739365600999493
0.14576129695473647
0.21993582447857224
0.19214642041288
0.12807747405629105
0.11851493523571446
0.05083970917141934
0.10662162255417654
0.1352150090800864
0.034981234561053016
0.046065794936581264
0.11242560356838949
0.2765287813967616
0.028906546206597904
0.15522475489738724
0.11680208363863666
0.16098975512718552
0.04659569389958558
0.15537896053317923
0.12065379296382693
0.02168819287490458
0.03775409496993843
0.13422625718326153
0.12125507761330244
0.12672278894805497
0.21311281478625857
0.1785082929879264
0.045320709310667714
0.13451219184595392
0.13731267465990163
0.11401634824027071
0.12620062085413836
0.17483350808675915
0.16470161469126524
0.14491285577055762
0.1639242563504178
0.1639242563504178
0.11081974788187135
0.12269961426651901
0.1514486438813597
0.14467895453482446
0.045405056031836616
0.1416128677779851
0.1356601884570471
0.12936004893121464
0.08593412873987416
0.044367468358379195
0.03455211495147576
0.10181798927569137
0.03625561472279713
0.03841668659446308
0.13483461789837486
0.10073027324390177
0.0532617525589929
0.11542995916566245
0.03439228146778722
0.03508284614416363
0.03610599929700639
0.09934895640679356
0.024313874062192237
0.03486619068508595
0.029573318824009355
0.05121532348875489
0.09413542958829689
0.07937006099187906
0.2179461228990996
0.04544617643705863
0.03927079799642704
0.039431330749565584
0.03919834003767565
0.038589634867686524
0.03483060217353674
0.022174215258439794
0.033956170781350194
0.03134295650734882
0.027123986051953486
0.027979665146061084
0.023230106156679475
0.02443672371776541
0.024462276877750707
0.02041374287194178
0.027665018361862345
0.08364428769321186
0.030836501694988177
0.014726400349035234
0.025466858782747646
0.01298383258044489
0.0035351888268944504
-0.0021357464408398455
0.011415996821563534
0.0
0.0
0.0
0.0
0.0
0.0
0.0
0.0
0.0
0.0
0.0
0.0
0.0
0.0
0.0
0.0
0.0
0.0
0.0
0.0
0.0
0.0
0.0
0.0
0.0
0.0
0.0
0.0
0.0
0.0
0.0
0.0
0.0
0.45472327719203
0.2241231841720478
0.3135672431253389
0.2890988013677247
0.12406731516872085
0.34992954984404945
0.30616003080185245
0.3396822406741916
0.11037754010604833
0.3813497036646495
0.3694404788607388
0.3383278459621818
0.3682759529100764
0.11159592911986393
0.24472352295137054
0.16832650620018041
0.11565177657475142
0.3380008861584719
0.10605853455328931
0.1064248111581913
0.14345526611439252
0.12854006289677467
0.08153933139799799
0.12705805402905226
0.11961623734423496
0.10283292857017726
0.049422779638642556
0.1395731113740801
0.11834740616080026
0.061756940475121036
0.14435458573244814
0.12296888205454518
0.09728782653653952
0.10419452943393692
0.05124054106777376
0.11400655935145398
0.15486433922824658
0.14682805281891592
0.15767168221961295
0.08959023929811123
0.08801686739738948
0.13132640287452962
0.18724174384647466
0.052540938964520584
0.17280335150841117
0.13515988444035065
0.10215535471286123
0.1534669643659577
0.1534669643659577
0.1534669643659577
0.056580352433095144
0.14048813872954657
0.09125817876014572
0.12183462442424735
0.13076852448347392
0.09939501591492633
0.06517385528081818
0.0696725981755322
0.1385317812791188
0.06046201011212357
0.09953984948475192
0.13795748418880477
0.07147308793273321
0.06117724564544715
0.0470585508518063
0.13976923177971834
0.04219590042821791
0.06607138413333982
0.05189904823227215
0.054202691520050264
0.09220117737316758
0.03402882006717066
0.10976936292604318
0.04907326404941961
0.06397696299248022
0.14022352556450113
0.061614701646853454
0.04321345753031405
0.04349222519944678
0.07829868571209926
0.06099311179154297
0.07677707358420817
0.05566590089918226
0.03075398991905906
0.04471873178377199
0.04581246813206932
0.044987484497348976
0.03507980808425569
0.03763800768937894
0.03669899055427024
0.053300182211423755
0.05626755908060434
0.03466708690908453
0.05513394233006397
0.02681645838391466
0.10211796828005697
0.017426533184627016
0.02977328666807798
0.020618046562441913
0.01115478918060265
-0.0032840436771863573
0.0
0.0
0.0
0.0
0.0
0.0
0.0
0.0
0.0
0.0
0.0
0.0
0.0
0.0
0.0
0.0
0.0
0.0
0.0
0.0
0.0
0.0
0.0
0.0
0.0
0.0
0.0
0.0
0.48076058130329014
0.3708982981800073
0.2921389452395972
0.24403561972381788
0.3561376761204163
0.3692636699206174
0.3642417672519362
0.42418785494114963
0.42418785494114963
0.42418785494114963
0.42418785494114963
0.39699608333387854
0.39699608333387854
0.23278107492619754
0.3768725602772852
0.3768725602772852
0.3768725602772852
0.3768725602772852
0.4425059439074048
0.22299714638759363
0.3025543782535557
0.33549694735359115
0.34667391701404926
0.3376546039437402
0.3376546039437402
0.3376546039437402
0.3284848280715991
0.3284848280715991
0.368512996915907
0.3367407112019746
0.33251205439599674
0.28214519783591663
0.31339867939492294
0.31339867939492294
0.2593168267640322
0.29615991012131726
0.20358298462283883
0.20415533417078902
0.4155649036672205
0.35029809504576864
0.2911796871057975
0.3758158442235653
0.17719263276260655
0.16257023043672908
0.32666225855057746
0.2925359274141124
0.37115093727629334
0.33037043238041164
0.3219824501814673
0.3092736725866659
0.2750274640449439
0.3830119232674602
0.3428033376982338
0.384379097813351
0.3220705657209733
0.17092391675787438
0.3258756271714681
0.1760986266688773
0.2942257624853368
0.3763931251287997
0.3105273520232991
0.11205639292232691
0.38193667771799455
0.32863339314082657
0.21246033650342347
0.16643979825341187
0.3353697801925614
0.31746014575451836
0.3006953421347078
0.12778545694116775
0.2249687684412067
0.3005853167225154
0.39875476260271814
0.2873239102551486
0.36192917713165174
0.24695976491906205
0.37942773625370096
0.25506163296583934
0.36101755904388044
0.1699011397779463
0.3518536289354187
0.30439819198581874
0.3705852777827154
0.17279539289502907
0.1795535074669916
0.2778767183993829
0.23175672662182137
0.3227904959076955
0.34131696736378425
0.16680168231251624
0.14964886078235748
0.3294138637524036
0.1745946759149601
0.27199402421591645
0.11390297807591857
0.3230587283033186
0.3116240246755834
0.11771787713332973
0.15706626270773227
0.2023116109409472
0.23736264528381976
0.11726808817605686
0.29905929777408785
0.15874653803133054
0.33516012970900283
0.11606231204877515
0.11556298248040267
0.313472526703357
0.1761635897923678
0.14802092105597903
0.14616066450994897
0.12589788861376888
0.15627878398496448
0.09408045456857546
0.14721404192646917
0.07636249715189077
0.13935905322494543
0.14636261320353516
0.11105001454009318
0.16725006414767835
0.08568260928099083
0.15643532018723208
0.15643532018723208
0.14783425218643323
0.13466743708931567
0.13466743708931567
0.056032790166577126
0.12472710382221654
0.12472710382221654
0.11893899452125785
0.09711997246719892
0.31747030738806686
0.11066523127522417
0.10911826932457773
0.1543443874807816
0.09526173659865905
0.11020077793095157
0.10412286992117603
0.10646104495468522
0.08672455868798314
0.13039614412472167
0.3190361448947923
0.0885878087131432
0.09133647715839138
0.09218892744145829
0.08589964190997577
0.12130905231529772
0.09635235890084089
0.11431346311084205
0.0923108208522021
0.08451144749250418
0.132369195780955
0.08548403268574753
0.12213475440145712
0.10950222873243773
0.07969605281311343
0.14118023300617488
0.05701914270390783
0.08857485133281129
0.05647263153597792
0.12210978457290603
0.11798583044774515
0.0540372110559679
0.0787193635333432
0.031038921361770097
0.0783471518398774
0.04485257404157095
0.04327581271547867
0.039096162664979756
0.043649966929328585
0.06952250066172734
0.08388923558057289
0.03308160543918812
0.036087154165394146
0.03807015393808007
0.03374220553114898
0.028409341587475434
0.03155303037880218
0.02927414473951251
0.019524677117558932
0.019632829523966857
0.022608927362493335
0.009148742118698178
0.006796026937642322
-0.0036606681515918547
0.0
0.0
0.0
0.0
0.0
0.0
0.0
0.0
0.0
0.0
0.0
0.0
0.0
0.0
0.0
0.0
0.0
0.0
0.0
0.0
0.0
0.0
0.0
0.0
0.0
0.0
0.0
0.0
0.0
0.0
0.0
0.0
0.0
0.0
0.0
0.0
0.0
0.0
0.0
0.0
0.0
0.0
0.0
0.0
0.0
0.0
0.0
0.0
0.0
0.0
0.0
0.0
0.0
0.0
0.0
0.0
0.3270950379342958
0.32460500537759945
0.16519682133154112
0.4442475401003227
0.36295360047411607
0.37894225841220464
0.3904428727916621
0.2608811985998367
0.19285384846936046
0.36895750401085226
0.2848086174501897
0.35114324532639646
0.33812937886684724
0.33848630777873273
0.3247602435410102
0.3514550733034734
0.36522243917039293
0.3875408202140348
0.30533412605290017
0.3270805640877035
0.36344552239862055
0.27304604011688893
0.2689249489447962
0.3687802117318898
0.34580689899395545
0.34580689899395545
0.34580689899395545
0.34580689899395545
0.34580689899395545
0.34580689899395545
0.34580689899395545
0.34580689899395545
0.33213882342143464
0.33213882342143464
0.33213882342143464
0.3105801505635836
0.3211029328792585
0.3211029328792585
0.318941736915888
0.37772103592908285
0.3119114024245612
0.3119114024245612
0.3119114024245612
0.3119114024245612
0.3119114024245612
0.21389841439715265
0.33428998598800974
0.2757957731205036
0.29162290180898154
0.30406727316571314
0.30406727316571314
0.30406727316571314
0.30406727316571314
0.30235935054789653
0.2972415826945419
0.29500303981993936
0.32819836472475916
0.2912071483611727
0.2912071483611727
0.2912071483611727
0.19216900970919115
0.33828737565878214
0.36919216981791664
0.2996738677902585
0.30298891620590795
0.3178926361760747
0.279012229807287
0.2924901334501482
0.3170190427050312
0.32609887449712494
0.38936261427604635
0.2745105953391422
0.3680989394838031
0.23269637450638647
0.2866215227077258
0.2477257133524375
0.2960652289330684
0.22299865645953082
0.2649085374997049
0.2818454372194507
0.36042443530268503
0.33821282162628385
0.32677264546320073
0.25507577390776837
0.336716793514669
0.32098655366668777
0.2899963633272691
0.3519858294154451
0.38683070417783677
0.2834483405418732
0.1890924933460916
0.28327572086556985
0.42880581500269654
0.31524609617900906
0.1262153585219144
0.2868824103293485
0.3467445061620647
0.3645222304674949
0.27437035786200514
0.3258613988846824
0.13457648943874323
0.2895607945380827
0.3578538949474626
0.2689671711645199
0.1754786774477806
0.2983337271995764
0.3247398553878233
0.3035557642781444
0.1831528973020916
0.33071834223465957
0.1364610885057979
0.13311233426742058
0.3207692850770524
0.3346571006399874
0.3341125004549878
0.1564461721720303
0.36052073600061113
0.36052073600061113
0.2468391814094439
0.13186444794181001
0.3056091156950379
0.2999762167594194
0.3129753979040797
0.26821205522343744
0.2968991615837249
0.34721416903843594
0.2689009901677904
0.13457856609446875
0.2827203529925832
0.27257376658756827
0.2151607508425898
0.26203314036007475
0.20212750066903282
0.25274175174207364
0.33992492186948814
0.2534795075329827
0.2534795075329827
0.2534795075329827
0.24632005903140072
0.24632005903140072
0.24632005903140072
0.26541683519223075
0.40455389596023117
0.13269319345823355
0.13048102076613274
0.24018099241282587
0.24018099241282587
0.29252518432372393
0.28588859571695485
0.275654369910905
0.23481473415057916
0.31988201250317283
0.17790580859157748
0.13278087801403887
0.26302333619207835
0.193105806401273
0.2979558937560683
0.28020657221223666
0.27285917004826105
0.27975134730726775
0.27975134730726775
0.29323907522851655
0.30613682494996697
0.27490623066583225
0.26609914421585806
0.26609914421585806
0.1622888125020912
0.2554416186294377
0.3574517984542836
0.3512540499638197
0.2467735764083914
0.2989103854163986
0.23950271632819273
0.1526769097708125
0.12558793004241886
0.10519149756017615
0.4003909582522686
0.1648216272103997
0.2277836861633548
0.30022417942132157
0.29082902870464755
0.15884016000398324
0.19901206166933175
0.1946604402418187
0.2825145351292255
0.18130912354882733
0.30096709223148566
0.25957902774200153
0.27283819648448937
0.12868105728784177
0.1706671224296334
0.16294414256153084
0.24461699884154617
0.26206691408256405
0.14751048294910013
0.32655454043775384
0.3214860740445734
0.28985355063787677
0.1483147192470871
0.12680358357912577
0.10248219116813759
0.2693070277448156
0.12076346746257005
0.18279097896649094
0.15999106163671026
0.11953888283335719
0.2702287742611156
0.12086879475415971
0.34131381479246564
0.12249129932782202
0.11220393448182814
0.21516562304313436
0.12188872139765723
0.22556694987862172
0.11623975815110645
0.11837779553233815
0.11369333593390485
0.17731285300662414
0.18979159235439078
0.1269885939016637
0.11682535596184868
0.11662622134002858
0.20169863726539977
0.11305229455014751
0.11479895428189393
0.11522199375410835
0.11411413020541226
0.11233769083229408
0.18513209615212395
0.10887727098483385
0.21499455823185537
0.21336241375689274
0.139798465520192
0.11012897385147163
0.11161179560728862
0.10680972999302989
0.10731208554519293
0.1062303534007329
0.1065861627424812
0.08632872052357285
0.11795049061623428
0.05209866275756264
0.11797284891607063
0.09225365323449451
0.09447139673560273
0.05418769483756061
0.045001251744319876
0.06638141405490434
0.09650058291447675
0.04869399551075812
0.04560818642111202
0.12076387467591368
0.11066544437036285
0.11066544437036285
0.11066544437036285
0.11066544437036285
0.10353646329616989
0.10353646329616989
0.10353646329616989
0.10353646329616989
0.024664434968437593
0.0980591140067733
0.0980591140067733
0.0980591140067733
0.09360922634950092
0.08985035774118097
0.08985035774118097
0.08368081680008171
0.08368081680008171
0.0786629381075823
0.07698121023700273
0.03136007276959976
0.07309636248486076
0.07511877738375072
0.030620954999280497
-5.180627797203403E-4
-0.0024330214819428104
0.0
0.0
0.0
0.0
0.0
0.0
0.0
0.0
0.0
0.0
0.0
0.2232008387638463
0.38479543461738397
0.21479160209235865
0.1419145679654886
0.14526852646727878
0.2514987580585647
0.21230618250391178
0.35672391496472244
0.19265847617424767
0.27477331575315794
0.17641335855177637
0.30529962279702133
0.30529962279702133
0.29792720152752983
0.2873358339118592
0.2873358339118592
0.14684734193920412
0.13584696191790951
0.25169966918656644
0.25169966918656644
0.13565834684663888
0.14534115750472934
0.14206134954730215
0.1400827024631825
0.13870111450784917
0.12520655580288634
0.09061610725464636
0.1312923515968204
0.13099215892893035
0.01407430856044499
0.1279861607493618
0.04705066123605546
0.014059451142890231
0.13033480790598292
0.02110392101994539
0.10427659516470489
0.07370427460320729
0.1279490200521884
0.057096073983432374
0.03543654507326538
0.021630321121557695
0.04698796589215229
0.18648920438328
0.04693095797211108
0.15237706647086371
0.1291157015406413
0.01883425974751962
0.04597431807176009
0.12877160730996293
0.05898690667493287
0.1521735372502877
0.11960585414439794
0.12854516748594844
0.08566395498561723
0.045643022797181465
0.09510054684131138
0.03824606736375947
0.05035291082251302
0.015786163188992397
0.06013002320878439
0.030848717185889402
0.018527107388590522
0.009043118938445383
0.014380154697915329
0.017155545961415348
0.101197670429731
0.02074112311945947
0.01044346797769851
0.01782044077472155
0.05645191925905812
0.01224113789508991
0.011131200336467638
0.1047789137174444
0.05485357483019428
0.04790451594102788
0.019051597144803006
0.18058820231686423
0.054292168728421436
0.053544319023338505
0.016155684636078655
0.01033524877462923
0.068598257739391
0.0373935645368475
0.054842718307585886
0.013739678746205134
0.051369992883222894
0.01171412707245664
0.012234559343297589
0.009372774166955717
0.010824175076250438
0.01680847794991014
0.01543869737278471
0.010287712775837768
0.010445779391681368
0.01592419688586607
0.014617910502700199
0.007934902525629785
0.012676193338526036
0.013180182906636759
0.021320022666655433
0.013930339897785478
0.012462039889080331
0.005758284726402872
0.0830237362513715
0.008105132126114203
0.00290831871838294
0.008734886047498417
0.007960653304136084
8.44808479372087E-4
0.007618235851918241
0.009161289126772899
0.0073133823348647264
0.004516774546540136
0.005050978632701906
0.0054200453569826414
0.003990128740786804
0.0027448580250875087
0.003251560039226226
-2.5646416397263503E-4
-6.630711263646318E-4
-0.0023988224527834072
-0.002394957517366379
-0.002060000293218384
-0.004618697895833201
0.030129456084098182
-0.012260211126041422
0.0
0.0
0.0
0.0
0.0
0.0
0.0
0.0
0.0
0.0
0.0
0.0
0.0
0.0
0.0
0.0
0.0
0.0
0.0
0.0
0.0
0.0
0.0
0.0
0.0
0.0
0.0
0.0
0.0
0.0
0.0
0.0
0.0
0.0
0.0
0.0
0.0
0.0
0.0
0.0
0.0
0.0
0.0
0.0
0.0
0.0
0.42092926395945074
0.33555169285039826
0.2838638055711274
0.279435515887152
0.2836216697331171
0.32460399500214404
0.3154785383737437
0.09921669873609626
0.2174282033881269
0.18442516425787248
0.21957669877814245
0.20568096078718856
0.22479516562666219
0.1653990477663976
0.22236871665629707
0.16871109153924152
0.2270475021988183
0.2159655193344055
0.2159655193344055
0.22688874000002646
0.19112814233809777
0.27223460079159045
0.18121757554928983
0.052806897096049604
0.2172860188826602
0.13794597674922685
0.06677688134984137
0.09358959480073167
0.179744659507916
0.18775296382748133
0.16072498029188426
0.14921584647053332
0.040074560754227335
0.1046124118013764
0.1624687069529412
0.13729794480932986
0.18284705867620432
0.19374574081375537
0.20430705282262335
0.20729775499030653
0.1815126731286958
0.1815126731286958
0.11004682983425944
0.1740717090286505
0.1740717090286505
0.0658629207873
0.07619079272211217
0.07244849178267485
0.14941282568415679
0.1326184461730696
0.15877697223379808
0.05294956267580068
0.09893932126625438
0.14465638729333555
0.1517385574106915
0.19722514644626804
0.08915876242256304
0.03639396826081675
0.07947090295498532
0.1439404847163468
0.17301242116097132
0.12350026160070418
0.10778301639668032
0.13758747431528573
0.041732469425168506
0.15143399818731157
0.13007985193660343
0.07217524583909513
0.09908411953215836
0.11531430968198245
0.099539061786319
0.08880906530281928
0.11213818118727512
0.10849643160687451
0.12013234481417621
0.09612211846642749
0.054304046331006973
0.09466047416282095
0.09305796341294217
0.09587702340841704
0.1456378345460848
0.12284599144488267
0.08810952842658151
0.1033477746622815
0.0418512759474835
0.10744984649606666
0.11627756887846608
0.08668706939842391
0.09584232952278258
0.07211868618640635
0.0266355600297353
0.09097719370296137
0.16254477883570934
0.07871893889249972
0.03778100794942804
0.12755511010481865
0.009571329508983869
0.05016421134792558
0.1824002027860248
0.091375726552349
0.04913168093181148
0.003432240346983086
0.048139842014187535
0.08524836223271157
0.0508626450542841
0.08561944427016392
0.07195045996199981
0.09432348417003061
0.025793577173561656
0.08138364852029593
0.08716309266505602
0.06526385336971563
0.07904150961680599
0.041247424415724473
0.007771363328925527
0.02024142529530649
0.03276266267150565
0.07083185649694375
0.06898581001411826
0.08868298994934987
0.021163220402027807
0.08176027535955233
0.0779393224377337
0.023566877173721447
0.03878052973731913
0.025151264252998753
0.027710244000242752
0.0
0.0
0.0
0.34381739169311626
0.40757302542021623
0.361100610730738
0.2490782383509724
0.23142292506433676
0.2647388217959743
0.31144160282332456
0.3076417297765057
0.25516435652028424
0.23428332432878493
0.30075408569659295
0.3087441535584865
0.11010092669332128
0.14823050624046558
0.2481172812230476
0.19046620891163313
0.19500878212509748
0.1485437426198561
0.24715100822144834
0.22406769708037066
0.23376920007373597
0.11420459886389722
0.17731955331297247
0.20881894753517413
0.25947391075833603
0.1358273057622781
0.3735718941728028
0.21786481284971845
0.15317127645016618
0.23430203478340864
0.2757432230312897
0.08221846846253023
0.09957372543275525
0.11501356598842215
0.11949036137561118
0.12175644672072825
0.21690428100247197
0.08653285246692202
0.29273983428535444
0.20564873441344064
0.11228594926515775
0.1410899114398072
0.22045216792916988
0.2728693079675635
0.14731039371678312
0.16055733839387382
0.25263223787078465
0.181807087715519
0.15515650738282857
0.2127712086059904
0.25889838050183345
0.10445032791352113
0.1599268882550173
0.11365108734817683
0.2253749619100201
0.11103687967143627
0.22605758639086496
0.2076981777968024
0.15178857549673566
0.08838185022404105
0.1962321644902665
0.17657592692257756
0.09015912084192641
0.17300957298503683
0.07700622931144926
0.10672692262491931
0.10816196865208283
0.15876677750945262
0.14974001303225173
0.3010049453650656
0.08638901452967479
0.14772519786245014
0.10355780013196046
0.09722204858258851
0.10478091182746357
0.08291789342453414
0.10084866540581544
0.12818391376525823
0.09727089516971887
0.10703489772212929
0.17970120093878864
0.08412529558731573
0.1590557047217511
0.0841029940553703
0.08456652797002318
0.06717908024865346
0.1960437775806115
0.09161424253889106
0.11810457107057967
0.03311032330024099
0.09706918939389902
0.06244634188370149
0.05538531352057856
0.0866173389248624
0.15974030486148635
0.07292351717317502
0.17529840415427092
0.10602059020909625
0.15765567307838274
0.06373838989335939
0.05955792136186554
0.14645206554201606
0.05676618846133687
0.1274336867502799
0.1668860240248798
0.10207082050795697
0.08055888832119137
0.06538960203997607
0.07449038509944894
0.0691118957544647
0.041794923397158346
0.06574319656051668
0.13555061233385904
0.066012352417935
0.018363513194057053
0.017609279757272688
0.08451053112117812
0.1142408574038501
0.07358616767776702
0.10349553818085687
0.026183229021519344
0.07585102597149393
0.03912568635895987
0.09271883248446312
0.08921571564184153
0.04821223909769705
0.04883105188799611
0.03413407562345865
0.04528445347680734
0.06330364889538989
0.07727673334097716
0.043560821783330934
0.0419515412836116
0.035172169145771204
0.020423324151356104
0.041732500156568986
0.04107653907440805
0.037531896238636994
0.032903263198683655
0.03717472576604026
0.022575510592109556
0.0625203063815627
0.02526030636180414
0.024789305977332497
0.02046317751110846
0.014702837114168426
0.009160881327633513
-0.006287721426326998
0.01547293004396882
0.048691808381786536
0.0
0.0
0.0
0.0
0.0
0.0
0.0
0.0
0.0
0.0
0.0
0.0
0.0
0.0
0.0
0.35304861420362554
0.4566007504397608
0.3119876318838346
0.31238177157424923
0.38955150304577335
0.3448663257999317
0.3016572981224573
0.25911929403212614
0.28269063144780776
0.36859002694836696
0.2735880644319748
0.21399113301210812
0.22053156966881726
0.31132216636301563
0.21036245861091338
0.3035009206794821
0.18423594156578033
0.2262704581289176
0.25906929907032067
0.33918033321415736
0.24707353977400742
0.2278925404860313
0.26577424863972987
0.2154207468714373
0.22826617888902195
0.15680766900706855
0.2617220390581004
0.2939927233275759
0.23996282988705459
0.16731640879273374
0.18301601391072825
0.15628368880229881
0.20805963323614918
0.18772245927140038
0.1483916090810493
0.2012150057782145
0.14452853924559922
0.3241077148719097
0.3012323345367296
0.3012323345367296
0.3012323345367296
0.3012323345367296
0.3012323345367296
0.15448232170279838
0.19504185897441403
0.20365514343510618
0.23895899249784502
0.2103539572636886
0.1642816038156767
0.12898268930350462
0.2711724380297936
0.1872690247050431
0.19769937119918723
0.22758447846581648
0.22084941571464983
0.16711135127368526
0.157239310986715
0.15259922716556779
0.19705782862889265
0.08165111532272934
0.1535924610529532
0.19768910591276168
0.3170506822831749
0.17544608895429667
0.1797309241430528
0.19983538220282138
0.28604196915426766
0.1348601286444592
0.14725200320834933
0.12872192380931044
0.1356678253426024
0.32423960684320396
0.1437705258051765
0.14515237249777277
0.1293783499646437
0.1253357563063699
0.21256823541259656
0.17921184964355033
0.13813309620126457
0.1627115690065529
0.22756905999185928
0.146844750980838
0.15777749932503793
0.1511694932409614
0.1510149881425926
0.24741719517196284
0.10527431569604317
0.18617205806338383
0.20736694535336525
0.12711437672533415
0.16290848741993957
0.12495034845252359
0.1068138627640386
0.1789869823284294
0.13523108706578224
0.12550224136748306
0.1648090795945854
0.1104952557988311
0.06815583875364431
0.12563736066366532
0.14614049075584995
0.14473683894274914
0.11883773553049926
0.13825383168428151
0.07548115703078108
0.26557295434720607
0.09732735806143944
0.11611208420174984
0.13106828561116207
0.14060332685950194
0.18930882736940244
0.13984998626319925
0.17336370663660391
0.12464248366121852
0.21336239957537917
0.12446532411375825
0.17851126421441174
0.06479760882409928
0.12333015938725736
0.11430453832244275
0.13777638623977412
0.13327068024561534
0.15856169320139907
0.10670619908632964
0.1124286839500111
0.06823262411132727
0.0729477486558993
0.1064141204548015
0.12401451225727822
0.07212639178465928
0.21361212053998893
0.07631054304619916
0.13093426348437986
0.07006152110509606
0.0885185033865226
0.06842600453681948
0.02031906196227505
0.060377231195610025
0.1037575679706533
0.012897406735646138
0.0990951623774618
0.07739583457414156
0.031617607204282284
0.12218287533857629
0.045820888756278585
0.049564646494918305
0.0586562171429717
0.07193057101769207
0.021162768478497903
0.10190714465167407
0.06091715479698288
0.06973101212802975
0.1187755027319675
0.15261634548451816
0.08601535807320887
0.040191942615443954
0.14032736417862668
0.1088853408549135
0.13104987329619971
0.13104987329619971
0.13104987329619971
0.13104987329619971
0.13104987329619971
0.1105788860378038
0.1236252408113425
0.1236252408113425
0.1236252408113425
0.1236252408113425
0.09798075799777364
0.07633073668383408
0.053910168892293206
0.11743341913469146
0.1094641318112793
0.11743341913469146
0.0691592171289525
0.08682971452893291
0.1050784919178052
0.11210917095587261
0.12487549995966082
0.10742357681450551
0.041371612196817606
0.041739276992514965
0.09995079886340522
0.047679271848553424
0.08996383023845432
0.06509167001451899
0.07109320113618686
0.09361108076541903
0.08248830158289276
0.11099343491171874
0.0570746785227179
0.16174582068360602
0.12143874222891231
0.057238890963198466
0.10475278706887256
0.05153078268473818
0.02079870020339885
0.06341527407460464
0.07196959428643987
0.04539524449941714
0.1432934957440206
0.05907271256957565
0.03598567031215805
0.010841151046239875
0.010913144296905224
0.012858298547586737
0.03074167180077729
0.007218883330962685
0.007447724529196822
0.007272148792706891
0.012589344496031833
-0.001373597247059758
0.0
0.0
0.0
0.0
0.0
0.0
0.25938547751466323
0.3414417371340764
0.22041361072814925
0.36353854160670185
0.26776276894649825
0.29361283065740146
0.22742770808425103
0.24963398415522406
0.20942022661977588
0.24227623406012466
0.2740816144113689
0.21387981869348224
0.24661906146456297
0.25882586703141663
0.251296026332802
0.1381647820335552
0.11032740509436476
0.1909390047722381
0.16023820606093653
0.18099113171895043
0.09320537500821148
0.2083483037865865
0.1509893237166495
0.08531506259319221
0.2443653300745468
0.08383151686886398
0.19277090538473668
0.23067145405000244
0.2201445237507832
0.2201445237507832
0.2201445237507832
0.14943674938367965
0.17059453908689182
0.21162080502687686
0.21908235465162645
0.204461779906752
0.22059119691602966
0.1916972031935205
0.19828390878814212
0.1658514333927681
0.19232469875563918
0.19232469875563918
0.15129371170892517
0.15560737064856472
0.17794391215877042
0.17329679682019888
0.18112760225087948
0.15451758683139089
0.16996960955109847
0.20218935323629086
0.06998804903579439
0.12699272177750784
0.15874607600188284
0.14226095462342772
0.10952733316810051
0.2189346273625665
0.21552302954677127
0.12729440573017473
0.09148727498075404
0.14400578544525705
0.15890194594520507
0.19815677159092943
0.17672252794817866
0.18096001644267345
0.18782107079589586
0.06992065786317206
0.06412443559807282
0.08026900456731702
0.08560739290886434
0.18023838175062654
0.1604084577791175
0.29983765191124706
0.144584816923987
0.20127627938736287
0.07588789872729904
0.12514192690573792
0.0746771845254811
0.07752993776734438
0.07503733154450037
0.16378948837801469
0.07469989144911139
0.07194223987589982
0.0505098964425777
0.06965380611320529
0.23026430301238274
0.1191778980634315
0.06387121371867789
0.0628005803475816
0.05434110049215717
0.061990254416120286
0.20145408267878576
0.0323548855394436
0.05437013339127515
0.13069450104498942
0.04851639086012495
0.1578821489580184
0.01311504726214905
-0.0038298647469115973
0.0
0.0
0.0
0.0
0.0
0.0
0.0
0.0
0.0
0.0
0.0
0.0
0.0
0.0
0.0
0.0
0.32171577787835887
0.3850094201510184
0.32499399011039615
0.3656371840666748
0.40707389711038866
0.2543818488007283
0.38779539360089166
0.2594314151610375
0.25950729385920934
0.2928374395885275
0.3354435283464062
0.1897846732340002
0.09355016057061669
0.28389301632224684
0.26512425551502095
0.21728995538439688
0.30774794739703
0.23253288024116897
0.2608452486692913
0.25082592027847794
0.3431361530685631
0.2504207815001698
0.2671799241176316
0.2142959176028853
0.30074834561272074
0.1800005402226835
0.2825285862596308
0.2656196187446057
0.20375052231070234
0.16789852183630413
0.1692889620115211
0.2424353781357364
0.09822754672764764
0.2532355147812522
0.27811600896711897
0.19383249384344012
0.33972215193655375
0.309411232693463
0.20331296863698617
0.2373193129595945
0.22881888223448282
0.30598769139903037
0.26574494569334295
0.2072010571029202
0.1654693012789875
0.17481277702420409
0.20969769790146142
0.23954260962373583
0.10098686683331927
0.2229154854613879
0.12964082860720305
0.14766701065092616
0.1936587265502898
0.2535234737083748
0.09640198725730237
0.23693350552718065
0.25228280212865345
0.16545495439471272
0.16113618015826206
0.24889376739512292
0.16652981810630713
0.20966216020710501
0.17024118379838207
0.19605851074245795
0.12813074416770825
0.22085597498823717
0.18566067715029416
0.1723709299573144
0.19452708366027222
0.2102630154060614
0.16593307886563297
0.20103094475238373
0.21116955383279654
0.16398846072843276
0.10134828643978797
0.12829486682745286
0.19103779798277165
0.3053618194574033
0.16157358510223763
0.27421832749679714
0.25787164110077715
0.21702475523834008
0.18881378734925175
0.14208480090691195
0.1661566096751399
0.19410730957642908
0.13054511784781725
0.14035442933853992
0.23308559704276915
0.11964377837929274
0.1664743750829192
0.1732360956184436
0.19535743194219754
0.16298852393323596
0.15514163941854653
0.18545969571686008
0.12586106696142174
0.09431684646432609
0.23136346722180567
0.15410984661841634
0.22403567192224227
0.16322365450416537
0.1353372490776194
0.1491485156461383
0.3318990785016154
0.1250830055430651
0.18605246886579999
0.07979577447213108
0.08967905044418195
0.08131222127759048
0.0557121876903362
0.07741615731880709
0.06453844954730065
0.1447941449654626
0.04925728287692896
0.1561805206656893
0.08987291350552137
0.16038931256367572
0.13061466556574344
0.1477646012638561
0.052504432333271775
0.1271795641588784
0.09676056106327072
0.1160940034597317
0.06707710314810868
0.05058576760788031
0.06281836744254657
0.05849269314284054
0.02592223177371697
-0.009287886945307374
-0.007767241619209227
0.0
0.0
0.42767025653728075
0.3179922498610056
0.21465796478774582
0.25279320347934064
0.15273474403250964
0.14012577412945046
0.11589498296011792
0.15857715794979696
0.23215279543495268
0.13112121273388017
0.22322981458650945
0.18185985599682464
0.11697684382061523
0.12003418802712448
0.07508895175148818
0.11792211275820137
0.11467741653126133
0.0744964599632881
0.13755983982936523
0.093012040981348
0.1274774659240004
0.08216965416443464
0.0988920622346758
0.09633270713077619
0.11953982107901392
0.09327095035423366
0.10649658771322788
0.1573756190220699
0.12848916039289962
0.159723848839738
0.07226917285954487
0.06090731942707667
0.06205265928385658
0.06414410089010049
0.06034304461677208
0.07335417140145789
0.057789045488885464
0.06991862486551723
0.05292927416703564
-0.011156973527487707
0.03519578328933676
0.042579985065810844
0.008460310666030497
0.09045241927888868
0.04759538269583939
0.06844173875068506
0.0019689583287347714
0.06477990025062301
0.03632345184907769
0.049993997456418714
0.08660009430035179
0.08660009430035179
0.07174194767489206
0.015593648293736979
-6.583689346586858E-4
0.055007726145054836
0.018937958059007318
0.007646581178248058
0.05914367192180182
0.021476862990079042
-0.009883329541359086
0.007694121927491437
0.03943625573359851
-0.005970695803876211
-0.009934513204680338
0.004146494554129669
0.035179132618832314
5.835329164072096E-4
0.015606282137781813
0.015077062859412082
0.0017179521810990611
0.0
0.0
0.0
0.4565582045961827
0.3752343064650067
0.35372166464229504
0.2509154800978665
0.16074840015757857
0.3016680346846154
0.32310239628456605
0.24828980869245343
0.29072265214497917
0.09012076221686084
0.19799454597317687
0.18326997227464836
0.22062404511833328
0.21492036615863153
0.21675687922889542
0.13005664788541538
0.1924043022448279
0.2557369071295664
0.08345740138133734
0.25218882880373317
0.1692224221598695
0.2556746810157544
0.18216259153090167
0.048605898288927356
0.15920676058298885
0.19318060460863484
0.16598422888029496
0.2017109946576165
0.14699956354938598
0.1807840274740951
0.1905025230369496
0.17760510588375572
0.2554166445358656
0.2554166445358656
0.2554166445358656
0.10889363866659879
0.22787061546589818
0.22787061546589818
0.1476904950430584
0.18975917471169723
0.20892355142722452
0.19844835293694518
0.21130412270088383
0.21130412270088383
0.19895613160631742
0.21130412270088383
0.21130412270088383
0.21130412270088383
0.1801324811623853
0.16926359721892836
0.19983488109828654
0.19983488109828654
0.1937339215126479
0.19119938620462268
0.19119938620462268
0.19119938620462268
0.19119938620462268
0.19119938620462268
0.19119938620462268
0.19119938620462268
0.1332977992219299
0.1851477939614674
0.1682224755872007
0.19455825328751897
0.17770676620467224
0.18432342476809482
0.17862652842379645
0.17862652842379645
0.22183808799035415
0.18953770661968936
0.044193706267331476
0.1695188229720637
0.17078326957957435
0.15903348254479066
0.16640460527112774
0.16574497380516529
0.16165366224702438
0.20433230207854616
0.1768988501358135
0.15235820156527324
0.15342724635951643
0.053226188474579716
0.048922836904149385
0.19036505381299063
0.15783764511274415
0.02227465145107463
0.1868115041620601
0.14360386476833456
0.14549105790641376
0.15334444293674515
0.13403251661222765
0.049341006684689395
0.04429363927192621
0.14473812665770497
0.046433197477359835
0.1515153932989085
0.06126863162763702
0.0986959745709727
0.15185959174975727
0.145266159693761
0.028282720071953593
0.15450460212846645
0.16976284439249023
0.037365974258611316
0.05974177358557816
0.13945497277015786
0.08561353967542182
0.1584236962029479
0.1789051004307039
0.1413549435683618
0.1348098567532132
0.14016941498275645
0.05470833352726294
0.1004289574669244
0.17064343336708435
0.05768987963462552
0.08682816263063942
0.055044253438136584
0.20073031024209675
0.08967838813754186
0.05111055940364048
0.13924476187370122
0.05014119697473697
0.1424193554601287
0.13471308308689986
0.04259755472991736
0.040251880138595195
0.016503100590807895
0.04152425464704379
0.03836780216251092
0.035101411236704835
0.026714354766582377
0.014262797344199381
0.022933477332335864
-0.003135125122879125
0.001957358186064171
0.0
0.0
0.0
0.0
0.0
0.0
0.0
0.0
0.0
0.0
0.0
0.0
0.0
0.0
0.0
0.0
0.0
0.0
0.0
0.0
0.3120926834383189
0.37696099433336816
0.34335376018668573
0.27745116540594883
0.23816346579468667
0.3662139165879945
0.22648808889245128
0.3814190755336234
0.4153895656786535
0.22606950625140945
0.3221881121994559
0.24789395294253092
0.3079362038690976
0.12858496528247587
0.3332901973803669
0.23879862973138455
0.1319080513485256
0.134692356575441
0.23015793069030527
0.19767573905038766
0.18355769763384314
0.3245779710077239
0.29362342679276826
0.35791685343998025
0.11848074706778733
0.3224217988746357
0.26715704424541137
0.3296662141044989
0.23510812812407775
0.26782793982503206
0.29552624520792375
0.3147464029684976
0.3147464029684976
0.12479937003701094
0.31554059699350556
0.1299896250082347
0.1299896250082347
0.26724663646487007
0.3316390185897415
0.2814058108156671
0.1491015516480755
0.30690483305939087
0.24958389484414073
0.25400069013569726
0.12747641036841903
0.16791159021274038
0.3168787117854604
0.26097143957749164
0.22281532528591314
0.31578428674210973
0.18094114329933458
0.3184592693845404
0.1481588779661988
0.2789198985775685
0.2834753566234228
0.22479926151963717
0.13831048585792713
0.14561054007214635
0.27674603765506955
0.19506242147516864
0.274326666776686
0.1388503934083057
0.13271272066227927
0.16686818113791538
0.09807520103227044
0.23975208311041252
0.25756619020296306
0.17066224086071508
0.23279724513333458
0.21656741424835493
0.1747971775466272
0.1624134446155137
0.2732302801743388
0.23818897244580178
0.14274022246782703
0.1236578453071144
0.1751563137533953
0.1942723802912978
0.1547566205328339
0.25189106717499044
0.18795534628637267
0.17322421103356775
0.12782841531109992
0.32757612516061296
0.23255945175778117
0.16258423411853984
0.11925839443344435
0.11063078319491151
0.25268799264023767
0.24463275709036555
0.0671582347877986
0.19390368323629065
0.10792350601597968
0.15671194162644647
0.13166476861393545
0.1694847930501524
0.09058394585772295
0.09427409300768574
0.14360521632989023
0.047938550559402326
0.1270911048681125
0.14161155935127068
0.10119016584614754
0.13372261377260725
0.1451169180183582
0.25881344336989376
0.1215608229172203
0.12085220525772875
0.12302406087297268
0.12741447261061262
0.18531893048822554
0.10525362243752459
0.10185374912442048
0.16685537867437006
0.14178349356311068
0.12043966443614099
0.16636004965188736
0.18032897078191615
0.09962540035569648
0.12253602525634345
0.12118615960114729
0.15556145558875073
0.10336259045844537
0.0397425493783735
0.07282823790801139
0.16221719483664312
0.13068946678168733
0.08820278326481014
0.10927718591573594
0.09421859042641895
0.08872573666216939
0.10719758686870384
0.12328648677444688
0.08959584796880499
0.10644625434826208
0.09136961112399106
0.13154415217489626
0.07645744108547997
0.09767986246422677
0.10838519546137768
0.12966787606797303
0.09815502550753666
0.08724580842476529
0.08470849054513678
0.11437291546000453
0.09097655495184401
0.08567003947334313
0.13398419679356835
0.12130368742830543
0.11508321309409422
0.10254637271393086
0.08586756613826253
0.08068331949491847
0.11514506434668725
0.10774133163343527
0.10668111441160633
0.05439645622884872
0.14053197214354737
0.0875084375381853
0.12550391307539718
0.1113753891604442
0.11998772544378736
0.07666596836558937
0.09886302801536015
0.10294369521171993
0.06096491244613378
0.10134594824387237
0.06922617425313277
0.09340202778613181
0.06232802076558316
0.11756956925786946
0.04066699244315468
0.06400376076700419
0.05707405508557878
0.08215778238994222
0.03510074905539027
0.06216554474088503
-0.007091675394225719
0.13112265108968546
0.07770809144734457
0.10678879206360622
0.04206243960761951
0.07375813482292484
0.06993460801051372
0.048476576840907545
0.062168879754634955
0.07539267532086243
0.05348051433365259
0.0847146614513325
0.12493389117458935
0.11110374864858445
0.10261820079620693
0.10261820079620693
0.10261820079620693
0.10261820079620693
0.06097353784574849
0.09661078601717556
0.09661078601717556
0.09661078601717556
0.058547648661744764
0.09198172673380993
0.09198172673380993
0.09198172673380993
0.09198172673380993
0.09198172673380993
0.0654582548731923
0.08821042365954741
0.07871873424770931
0.08501602407912315
0.08501602407912315
0.08501602407912315
0.08501602407912315
0.08223221332705595
0.07975331430091852
0.0713479645870421
0.018775117239105455
0.069744182839348
0.1003305669893047
0.042475381766785884
0.053319850751835124
0.03835118169733883
0.06991801024922537
0.0
