0.47644198179978525
0.47919877947972905
0.47885106732808963
0.47636611121157796
0.47705774191310535
0.4791848944758954
0.47715484567658134
0.4782916696990908
0.47620487542509926
0.4769264731623425
0.4781078372568007
0.4770102404681506
0.47688645807814417
0.4771212405978711
0.47600881247845694
0.477137768773128
0.47638757848793023
0.476569507834493
0.4746083662032837
0.47735577733357154
0.47688483505110024
0.4773886477519297
0.4769022753383987
0.47717660630229064
0.4777358161447625
0.4797139182995741
0.4781720621571612
0.47781477223839997
0.47818134963999925
0.476822095186064
0.4772763609784666
0.477774128196931
0.47834339670394094
0.47768897635623575
0.4760125216596355
0.47739554456727623
0.4770492004390286
0.47305262523366837
0.4784122022268727
0.48229291011789654
0.47657018370227583
0.47979537017124996
0.47771493413284305
0.47952920510360414
0.4773215819357112
0.4778542544831987
0.4780219996091153
0.4738384592200868
0.4779623088434504
0.4781108827775549
0.47818347615975426
0.47777758092170963
0.4782386995834424
0.47795911692062787
0.4774851568553211
0.478222225056083
0.4784619081349566
0.47766325709915236
0.47800452857026715
0.4742315817707077
0.47823789870561406
0.47870874855322293
0.4782706337544533
0.4777436021772556
0.47799388324774594
0.47815125457461477
0.4779631166120075
0.47921422985081397
0.47798020449070444
0.4786163282185419
0.4738295646187621
0.4779911954413427
0.4796064430525838
0.4781136266923786
0.4788843349083977
0.4785249730287757
0.47858031976041204
0.4784024480101572
0.4783828243644309
0.4738918487031111
0.47831188803967195
0.47515183457897525
0.4784409612044705
0.473717121030913
0.4795311210957844
0.478695737336856
0.478670910699212
0.47855620805463095
0.478837269116976
0.47839656293775135
0.4788987161815448
0.4785201516441264
0.4785566447944656
0.4778911485675194
0.4744595486279161
0.4779049627286455
0.4786909418356648
0.4782050497583602
0.47868990872058137
0.4786926225250052
0.4774452925266358
0.4786261535384579
0.4785097636259349
0.4784523022059632
0.4787440531068257
0.47882709005600294
0.4792123999062284
0.4782967449458884
0.47866462255107084
0.47882022087099474
0.47846699463286185
0.47802439897631366
0.47872852178501024
0.4792958589170394
0.4788594125551451
0.47915984366081354
0.4821420133603696
0.4783099407235688
0.4790186877386723
0.4787268733976901
0.47979587018858033
0.4774064049634302
0.47882476118861406
0.4786045267019658
0.4786540420234465
0.47877488504598037
0.47879525075603524
0.4803334566562476
0.4793399339017879
0.479357816389546
0.47883520845048544
0.47885330988290903
0.47432772231344855
0.47483703588188997
0.47995639761544157
0.4788213181017393
0.47891270629857985
0.4794889321070841
0.47865012599620693
0.47919701646655394
0.47526577651244223
0.4792737724682882
0.47744924231818514
0.47924199485769275
0.47474048632646815
0.4766469993969553
0.4794954872263987
0.4752688413850964
0.47519453780109583
0.479627289807896
0.47881493381905604
0.474654199227899
0.4793610667482157
0.47517383185203166
0.47960732299962167
0.4776317642270938
0.4770065843311644
0.47970120734380933
0.47478719719522294
0.47959544174396607
0.4798390017827378
0.47493658593862126
0.47502873753845704
0.4795737824402407
0.47518819876711726
0.47600256227032756
0.47517883548876955
0.4758383851833318
0.48255767284042544
0.47799568898069233
0.4773190887082867
0.47682295647646045
0.4785074512541021
0.479003645079786
0.47579364615060943
0.4808455894706671
0.47655547751827315
0.47949929743185526
0.4785034297878896
0.47973358930091015
0.47679636490107186
0.4760889320134032
0.47680594561832285
0.48306823476640737
0.47695727079844136
0.4727040160982572
0.477132956396741
0.4771862854040048
0.47546758965492375
0.47740071030985753
0.4774134278903836
0.4776154606382677
0.48237425756492036
0.47771524460197795
0.47760459173506475
0.47421866825774983
0.47803418527634406
0.4775105292468345
0.4774683975909368
0.47763657624690126
0.4781430265602404
0.47594152627969505
0.47763488076983707
0.476046313178264
0.4779449704235231
0.47815224035605924
0.47822128268452274
0.47828240527483684
0.4781433734993269
0.47810727074202775
0.47795484595770116
0.4783511666382013
0.4783457568470721
0.48217550902208484
0.4781394634326731
0.47843381994292883
0.47884969083230844
0.4741521220553954
0.47436723125938535
0.4788016665254591
0.4789437606998259
0.4786487205760757
0.4782032425913722
0.47630271992312206
0.4784340688919556
0.48237872017123234
0.48237872017123234
0.4754731869685824
0.47671813990475
0.4743078896087846
0.48229800556256097
0.4745828376154696
0.4822518239978695
0.4790975454010362
0.47441976197995966
0.47846663618669527
0.47932990475672865
0.47897000220602826
0.47950903900685166
0.4745151387313849
0.4747396228714927
0.4743682237160277
0.474894627144782
0.47729556246276017
0.47474628834199345
0.4773323915950971
0.4770427320082785
0.47508016728602287
0.47470562856780757
0.4769383301093342
0.47970884448631773
0.479532052700809
0.4771210898748319
0.4749236123621692
0.4793216618044121
0.47746386430396576
0.4772918740700315
0.4755862896784101
0.47988389356612465
0.4747540030147958
0.47988478056965034
0.47451132842699445
0.47772268345648117
0.47778837030360427
0.4767551573614775
0.4752886401652419
0.4755138604053151
0.47497780729320965
0.4770582635910965
0.4753228625446127
0.475087299104366
0.4826404968837438
0.47558513080393383
0.4775386715724242
0.4770443438844938
0.4777555889217633
0.4762418208189957
0.4754258988757611
0.4756423887257667
0.4759221077933217
0.4758812315945241
0.4785839090619867
0.47597369208966384
0.47594396927596555
0.4787749309801975
0.4760762945803044
0.47593391116486433
0.4776101933100069
0.4775662270610863
0.4761443698081007
0.4762002003266279
0.4763452691153919
0.476241667784125
0.47624405758450183
0.47867889677853415
0.47936356384798706
0.4795266531725378
0.48134223166390994
0.47893416978052317
0.47685368277756623
0.47685347000312495
0.48125132414567845
0.4811288782923578
0.4770882722575955
0.4779230856080607
0.47777607202511185
0.4784507427530215
0.47952603100267416
0.47865761428840203
0.47973358930091015
0.47973358930091015
0.4749984508459578
0.4773251009049864
0.482848912398023
0.48283747229397245
0.47446696524637844
0.47885246063538783
0.478797145277022
0.47879326577002274
0.4755509281809872
0.47261748978183676
0.4788228237867963
0.4776771986412743
0.47575133851241763
0.47466547381784546
0.47624804958064615
0.47674376468161817
0.4762267922379031
0.48241983026334156
0.47334028106826403
0.47746581939330135
0.4763852379498937
0.4763892452279022
0.4764569910858912
0.47717386570298237
0.4771291903946469
0.47658834933821104
0.47642038109981166
0.4770710181939489
0.47639582746547393
0.47736489579847363
0.4776695653672614
0.47936352158267465
0.4781484422312791
0.47433042823891186
0.47795370044662927
0.47669244319920373
0.47607055749293004
0.47705780511595197
0.4776851328238712
0.47766973785147065
0.47724426196459735
0.4780128872152424
0.47451913850024796
0.47696336807634565
0.4772926574724409
0.4746136434453169
0.4777821646748318
0.4747089475264804
0.47860342884277407
0.47662034288204147
0.4770586484555248
0.47489039099462066
0.4752162224924347
0.4784004758361012
0.47676434859290406
0.47471528353837184
0.4772244049297783
0.47761271186195464
0.4779848935132087
0.47785045146546706
0.47683049570995284
0.47826698746116914
0.4752005362883273
0.4751686156917114
0.4784346324138025
0.4769201402136032
0.47975546184107754
0.4782280568195221
0.4785209705344609
0.47628267185231354
0.48114599546330944
0.4783347957568948
0.4783204525886291
0.4792625853432886
0.4786667665115672
0.4755017135141423
0.48100742092265836
0.48100742092265836
0.4782140094603969
0.47875106390584055
0.4778923466644222
0.478090377565024
0.47557721443003664
0.4785689604543179
0.4774428293493259
0.4758328960107253
0.4793149552405112
0.47891586414569004
0.47903965815948774
0.4787207806005494
0.47925000927591116
0.4774995689246669
0.4776658068511064
0.47890069477130465
0.4791701534851931
0.4758032573080512
0.47877594201641427
0.47874237686139215
0.47908914117570756
0.47956636829510885
0.4759608859922132
0.4788644959991475
0.47954856212377706
0.479376987529261
0.4792695350068314
0.47618182288191774
0.4796173997170916
0.478859076640175
0.47657728992554127
0.4799814636453572
0.476273711994686
0.479592785863714
0.4763042058265964
0.4795001341000805
0.4761533005149404
0.4762927785947926
0.4797126361155516
0.47788139262058754
0.4764421053965269
0.47679116543916744
0.4768728951489242
0.47670461157596233
0.4800897880315248
0.4776485000446801
0.47682194678916145
0.47997978956857157
0.4767173551655633
0.47918052163088853
0.476965058121877
0.4768735987493127
0.47807607725157364
0.47681327299466914
0.47931068421642475
0.47718927666839717
0.4791131129255086
0.4804574870761744
0.4773605699463365
0.47982974320539307
0.47864107904877984
0.47740496762081114
0.478238051396963
0.4794690822310767
0.47755107898266036
0.47766921176885746
0.47975062408512886
0.47979124414915797
0.47779184480754855
0.4790431317220088
0.4780763932842642
0.4778726635140155
0.4781022200993583
0.4784718167691513
0.47902073271944484
0.4787447343632316
0.4784566412097458
0.4800874837862206
0.47853317654893457
0.4799676035808563
0.4799676035808563
0.4797688797166257
0.4784041047595112
0.47864773868509786
0.47906524065160294
0.4782758281753169
0.47878166068221023
0.4795851201787775
0.4785296515329812
0.47881580682178326
0.47890016349849335
0.478984524453218
0.4803985443555296
0.47884182199937514
0.47884753110115635
0.479083417760686
0.4789214700066482
0.47890918220170287
0.4789455212581819
0.4790613278104771
0.4790784446483155
0.479082818793934
0.48067891273355706
0.47940346698020164
0.47942101743119137
0.47940365511358857
0.479520904472282
0.47957352307800066
0.47973358930091015
0.47973358930091015
0.47973358930091015
0.47973358930091015
0.47973358930091015
0.47973358930091015
0.47973358930091015
0.47973358930091015
0.47973358930091015
0.47973358930091015
0.47973358930091015
0.47973358930091015
0.47973358930091015
0.47973358930091015
0.47973358930091015
0.47973358930091015
0.47973358930091015
0.47973358930091015
0.47973358930091015
0.47245723957005586
0.4752691715706139
0.4828825790525275
0.4746501704555495
0.4828428378674211
0.4828428378674211
0.4780896353952585
0.477849395304056
0.48279671101022115
0.48279671101022115
0.4781832001059885
0.4827475819964684
0.47517468535544044
0.4777797309317974
0.4788181704926242
0.4728553476755973
0.47592551654270343
0.4749146093367172
0.47832692387473064
0.47824266941905735
0.47793798095055673
0.47597416036152235
0.4753816943593328
0.4760068108711784
0.47581270742735987
0.47609481081344573
0.4784443831926097
0.4761703156354413
0.4751085080929564
0.47332827077925566
0.4733284750686836
0.4755951029221153
0.472928612788669
0.4786197788826464
0.47961485235969153
0.48282879363427567
0.47901915505619436
0.4761477331020438
0.47886962033320307
0.47934495365680374
0.4796950875519863
0.47714021136341767
0.47964281595767233
0.4758051979712042
0.4764777178068146
0.47336759755650626
0.47709262535939256
0.4764740188094761
0.47627431081955535
0.4761478054316143
0.47991170588076826
0.47609923217966915
0.4763833430564453
0.47399352579815024
0.47744468739723855
0.4770851456434775
0.4739979858089497
0.48056795648391387
0.4773140095631918
0.4799747101880239
0.4770112727897058
0.47431207860988533
0.47701313136012496
0.47681906166653704
0.4791522259442885
0.47757918079298495
0.4776551040261554
0.47721506706266154
0.4746500845283928
0.47775039555106785
0.47734585758049425
0.47459933182362646
0.4747120887259685
0.47767286020311317
0.4747393258334166
0.47487373180829484
0.47827532134898787
0.4775132736534451
0.48043543536333627
0.47489106091634686
0.477729507775627
0.4799951923044552
0.4750458556455354
0.4783397086268966
0.4782300872539654
0.47508845063482685
0.4793280996274547
0.47856333620218167
0.4815086511650169
0.47815774434306807
0.47813541420061334
0.475374604380657
0.4752837646458372
0.4758234075514571
0.4783741721217304
0.4795190527289792
0.48138241117027514
0.47857820438054166
0.48138313644590836
0.48138313644590836
0.4789871801214873
0.48135609188182127
0.48135609188182127
0.48135609188182127
0.48131762699303765
0.48131762699303765
0.48131762699303765
0.48131762699303765
0.4812742666764269
0.48118332988833096
0.47964783869910743
0.47601732480613773
0.4790301018199876
0.4797344778309986
0.479577350544073
0.47928699555814
0.47923220381711246
0.48250460699594044
0.4762875250210358
0.479311756418419
0.47913594869525633
0.4797029464708916
0.4795977574264667
0.4790720878057203
0.4767852019625233
0.4765736294756354
0.47935257699949435
0.47677064158735455
0.4769702118064543
0.4809913717988098
0.47733831312634156
0.4773346277614041
0.4773655500141733
0.4812730047419666
0.47742850574003315
0.47767551493785354
0.47883367711399766
0.47963220438205306
0.47949641245210056
0.47973358930091015
0.47973358930091015
0.47973358930091015
0.47973358930091015
0.47973358930091015
0.47973358930091015
0.47731401406799895
0.4779928612965816
0.47673589063150085
0.47858633036337483
0.47600131190515227
0.47397764447545543
0.47812260748183655
0.47333059726532417
0.47836785964490364
0.47490104826986745
0.4779631321824996
0.47306649001374385
0.4780790198523573
0.4731810138815293
0.4779652291082127
0.47893151775744336
0.47904318894357617
0.47835094860417554
0.47832058806891753
0.4787099495653077
0.4790450977167018
0.47925523410463416
0.47519046694482486
0.47922723951364377
0.47933202907013456
0.47923985490900717
0.4792482080584677
0.478828352250719
0.4736444147365312
0.48299828314357474
0.47916760481185444
0.4787466691309959
0.48297926072025027
0.48297926072025027
0.47349149179549443
0.47938627244681126
0.4735770471023499
0.4829286019996633
0.4829286019996633
0.4829286019996633
0.4829286019996633
0.4829286019996633
0.47814016889898064
0.47921973162993187
0.4828657733990621
0.47554530019309293
0.48279837632506667
0.48279837632506667
0.4739738311607049
0.47381999598656577
0.47950403115522766
0.48272980444915387
0.47751305076748196
0.48266169213876
0.48266169213876
0.4739192570999628
0.4799786709629518
0.4797508928218203
0.47969140340966976
0.47929862329856227
0.4794134672601872
0.47897201104300835
0.4793415293452518
0.47967348649441116
0.47445934231819653
0.47932819754190464
0.4744229128549663
0.47442811218154884
0.47722728878088516
0.4741253099451149
0.47608069461713076
0.4759338865136186
0.4747116158800383
0.4806882412986599
0.47797911848338936
0.479711860806732
0.48174971316803344
0.47569484762486974
0.47753635153424295
0.47501640364655623
0.47487110655513626
0.4746445886115777
0.47731472271613923
0.474789117118798
0.4749808296256651
0.47723908948679444
0.4751256069475253
0.4763786267908856
0.4776544542324168
0.4784604460998324
0.476225954890907
0.475228632688081
0.4778926659465
0.4752926092655136
0.48039599291502677
0.47501282708779075
0.4766012811055364
0.47541585907036177
0.47507012638148666
0.47513321851088586
0.4753993840882953
0.4750156920607289
0.4774087545887761
0.47551573061743563
0.4755376379642668
0.47565182169834647
0.4757152837160162
0.4757836048388344
0.4758129240696941
0.47582595194014127
0.47580067289685607
0.4787530324225028
0.47596069001910685
0.4800855671759156
0.479210627152453
0.475944959089683
0.4791860726879407
0.4760712824963055
0.4762239726225951
0.47931207891208827
0.4762061418318403
0.4790811491329322
0.48145877638919915
0.4762347593100973
0.47599451443753843
0.4782342749289464
0.4813005454831405
0.4763543441220638
0.47652861471654584
0.47650565251498145
0.47627095096638994
0.47946025011759696
0.47639930088056004
0.4765444390242295
0.47660188274374654
0.47720784785589515
0.4767357156411769
0.4798978907556317
0.4801116034141742
0.48059444943732454
0.47709289569676455
0.47690257462763175
0.4769161482771095
0.4799420756503636
0.4767728894758861
0.47708126895049335
0.47748625345909446
0.48120662733602476
0.47758907242488047
0.47728928270957865
0.47730357189819483
0.4779036710879689
0.47951862114916993
0.4778220872876
0.4780025826875285
0.48033078916503535
0.47827198858080994
0.47827499338568125
0.4781543787821816
0.47834399209837764
0.47819210183967176
0.4786221465803754
0.4786372216028107
0.48055718710506007
0.47973358930091015
0.47973358930091015
0.47973358930091015
0.47973358930091015
0.47973358930091015
0.47973358930091015
0.47973358930091015
0.47973358930091015
0.4717184878853114
0.4723611942010475
0.481229028545022
0.47667494784304654
0.47743265252611267
0.47699599803274745
0.4768955832484906
0.47306030574013913
0.4770565485236161
0.47748748562053445
0.4772986651369168
0.47717814474902587
0.47560723411627687
0.4771266596937674
0.4774319910635819
0.47773729942472865
0.4778160007477138
0.47768502412572544
0.4779990887794342
0.47757771459856335
0.4774436631318436
0.47789599882429185
0.47754234772696935
0.47563642360284814
0.4780204808113326
0.47817743914604616
0.4780800990587687
0.47801737883436274
0.47808293460949775
0.4812673820147412
0.47630633823280505
0.47764358197492157
0.47778580525307407
0.477917461510637
0.47834362962363014
0.4777920433352777
0.47584580671307314
0.4779293206836872
0.47750683275701744
0.47829007401406404
0.47558398138905494
0.47795334085455576
0.4783886587663092
0.4779535587349531
0.47806269802487966
0.47884991536986765
0.4780187985675522
0.4785768039775364
0.47613474050291565
0.4788472595467911
0.48184456973633244
0.48184456973633244
0.47921311445595577
0.47906527057458
0.4787030762200982
0.4783805726106677
0.47833165605510064
0.48180732619717764
0.4766191721014889
0.47848872058538516
0.4766616255201495
0.479657270273325
0.47852182173327706
0.4786469674435403
0.4817176693801223
0.4745860748625766
0.47845180937035103
0.47898106253023875
0.4794117054771549
0.47417577607929134
0.47904006152047085
0.476482727260481
0.4769478357524001
0.47453338476143625
0.47815933153858636
0.4782876236052269
0.47671095305983036
0.4785121160407937
0.48157548335779127
0.4747633835438273
0.4768330831050534
0.4787721617180321
0.47702897152268364
0.4796661660493667
0.47674969296946323
0.4749081281751829
0.47698370477333507
0.47921423624271503
0.47682259708781827
0.4792350761472937
0.477015730626575
0.4768882610797385
0.47947582201103217
0.47909160761827
0.47738391097963556
0.47911618922996957
0.47517834979086415
0.4764420553346804
0.4794182954944812
0.4786577385949763
0.4793907618611674
0.47704395020483265
0.4796709223952808
0.47639213360329136
0.47935387548762315
0.4800320675672613
0.47731797514962165
0.47999458855620725
0.47743630640456364
0.4764815225989804
0.4796380404471187
0.47679403803534776
0.4753388654536844
0.4749236280488409
0.4791741673922879
0.4776738226731266
0.47540296144578803
0.47754241071643344
0.4805423556226794
0.47520292869423036
0.47717238797390255
0.47493795915972387
0.479795167805707
0.4772449701495701
0.4773206148432006
0.47546599205259804
0.4770896783741349
0.477068535432897
0.47695283083321877
0.4754103335076443
0.4800927374043522
0.47779219650667537
0.47955446892933595
0.4810440640506536
0.47563448322267354
0.4806073123187482
0.47573683140075196
0.4777802660972947
0.4757660243897671
0.4777901793182271
0.4806681758474528
0.47790860624547477
0.4780084188155756
0.47754929639873667
0.4771100155911383
0.4798896971090234
0.4775508290251767
0.47801041932004973
0.4784915694157773
0.4779261889913716
0.4777187814969495
0.47584183960824095
0.47783342777647697
0.4780883774544538
0.47816027120549154
0.47623481348045166
0.4760870241510695
0.47816291102705755
0.47847944500185824
0.47601806009457986
0.47868743696055316
0.478157406395973
0.4807546597848388
0.47602846579304287
0.47829496909922536
0.4777324533333662
0.4780543131673758
0.47600922678519403
0.4775853226518954
0.47844974693829595
0.4783400895059776
0.4784841954959478
0.4762560188806977
0.47626066983175114
0.4807877031949986
0.4764506877583174
0.47852658531615294
0.4761618595265883
0.4766261894421617
0.47762003878321213
0.47882112464817217
0.4765054473546842
0.48097629773717093
0.48093818308185254
0.4808944526733691
0.4764720928634259
0.4792607104218717
0.4766139022962264
0.47683531010411423
0.4764612984596963
0.480714271956896
0.47892774396640014
0.48063007186465856
0.4765972068263149
0.47932320564828607
0.47667549347323435
0.47666228114110937
0.4767186729263822
0.47668432747994377
0.4766702861003845
0.4765388274712514
0.47684812996220893
0.47938336809964927
0.482179809189786
0.4773386132178309
0.4769799804223012
0.47966887596287955
0.4790589760121233
0.47696145672306406
0.4798862501073071
0.4772039105893256
0.4774522957094948
0.47710587505369206
0.4790486062967122
0.4770591610322724
0.4797652424180343
0.4784057836590744
0.4789998980809689
0.4772688167765785
0.4773302258036005
0.47725246687286066
0.4793971919025635
0.4777157489407841
0.47958921238552177
0.4792298217904856
0.47968305584885196
0.4795608328211307
0.4781224637098053
0.47793512837169566
0.47785996909367867
0.4781766061681814
0.4780986240765488
0.4781406277982437
0.4782516045362164
0.4785070265310727
0.4783664506163766
0.4783288431571439
0.478369215781783
0.47854720584899146
0.478731860457081
0.47897443330722295
0.4791417726115106
0.47973358930091015
0.47973358930091015
0.47973358930091015
0.47973358930091015
0.47973358930091015
0.47973358930091015
0.47973358930091015
0.47973358930091015
0.47973358930091015
0.47973358930091015
0.47973358930091015
0.47973358930091015
0.47973358930091015
0.47973358930091015
0.47973358930091015
0.47973358930091015
0.47973358930091015
0.47973358930091015
0.47973358930091015
0.47973358930091015
0.47531840653993507
0.4824440113744581
0.4748914422194651
0.4789610869913595
0.47848928957091785
0.4765031178040485
0.47255922431887837
0.47824411815430506
0.4761854991047264
0.4739371989392501
0.4763869529990427
0.47635630434787035
0.47647270766773253
0.4787259070814085
0.4769123782651894
0.47675152958661837
0.4767031697183459
0.47647228574826456
0.4760107598897691
0.4761298004504402
0.4770391673959883
0.4770208303931787
0.4787288745751698
0.48182630560127254
0.4786580741093642
0.4766776912423537
0.476477230955664
0.4764378385290096
0.47668121047428874
0.48176527164549215
0.47886039066047753
0.47699573809253404
0.47737626914124387
0.47581035419423484
0.47673347819984896
0.4766877253677745
0.47655783101883137
0.4777228872830443
0.47466380214716164
0.4771003689017192
0.47716716007901594
0.47672610751751654
0.4764287009255467
0.47734507272253257
0.476913015888607
0.47739943318899186
0.47765876220108766
0.47727731504276133
0.4774633012063105
0.47950161926664875
0.4770995242458342
0.4779411989188733
0.477098323989999
0.47845348576290064
0.4776648749833709
0.4762341418125318
0.48002476817038353
0.4778301775349845
0.47774620935945833
0.4777273293761315
0.4741671565964637
0.47620941959851015
0.47821707359487875
0.47426293971994415
0.4774192990466317
0.47826582405873036
0.4772098550667467
0.4782201324371175
0.47814346801808344
0.4812810432790753
0.47819657204612726
0.47724884718792826
0.4778231931102557
0.47823605075785985
0.4783228525877263
0.47821425694041153
0.47790973833367684
0.47819532457169833
0.47895856908520495
0.4777377281750213
0.4785946307906864
0.4783753046837693
0.4771585941858377
0.47830814090939183
0.4789583276062558
0.477709131068814
0.47858781191143457
0.47901307075015925
0.47942769667595464
0.4788317963673617
0.4787224726285641
0.478844827036471
0.47807138321111436
0.4792810522969462
0.47914359063140227
0.4802052808449238
0.47942845171024273
0.47946284712832027
0.47988530002519436
0.48062524661592165
0.4799420059112583
0.47761044203684394
0.48013934306348144
0.47751136938865724
0.4784424702002546
0.4796685465722927
0.47972934271855694
0.47972934271855694
0.47972934271855694
0.4772164477605721
0.4825017205292478
0.4825017205292478
0.4825017205292478
0.4825017205292478
0.4825017205292478
0.4824627632743397
0.4758584776343719
0.4824233453097736
0.4824233453097736
0.48234531061596897
0.47626240079237125
0.4796541471956705
0.47927433603086717
0.4798431296725907
0.4763580248586417
0.48113637734710135
0.477314974045924
0.4769417322974705
0.4777030166017262
0.4755147527085988
0.4786712831010235
0.4756763177428069
0.4789152200228264
0.47578840969266517
0.4818358548535001
0.4818098161476988
0.4757512298477609
0.4747792005588172
0.47915704802419407
0.47922513697948815
0.4816666938641723
0.47897481005048137
0.4789249664818547
0.4789880205013594
0.4796240822371301
0.4786396639576004
0.47660383797854855
0.4795231833516819
0.4768056623874714
0.4768547844269193
0.4798135407789539
0.47973888018748895
0.476783651589359
0.47992999853113777
0.4778707889602752
0.47782797950224504
0.4776566311313097
0.47612812931198983
0.4770864596255527
0.4804182390418114
0.47757001972615815
0.47751312064232304
0.47793489393120087
0.4781807498640924
0.4779980158592263
0.47846508880043703
0.47805280336664496
0.47781947741973263
0.47837542930592003
0.4776606869569731
0.47807660609104696
0.4781602323596219
0.47817585963216125
0.47691541141509775
0.47710123331674936
0.4787747200074511
0.4782547544747336
0.4770578466803953
0.47884614992615093
0.4783555789231196
0.4784964197813855
0.4780699163637086
0.47744451836649315
0.4787812655310082
0.47748405532799626
0.4775871926663218
0.47865631767641714
0.47760543459597626
0.47775759459195066
0.4778322882521542
0.4790515407927553
0.47921217529685606
0.4778081630426593
0.47915028426551876
0.4790665676915437
0.47782967861513287
0.47786766389152185
0.4780209219319711
0.4779638279947158
0.47798489794870047
0.4779865351046947
0.47942808815721005
0.479480053744291
0.4792810574324488
0.47802296682505124
0.47805007073030104
0.4792058286326806
0.47818861891805825
0.4781230008568656
0.47811096911691287
0.4781409629539022
0.4796020959988562
0.48037259756517203
0.4784215164476564
0.47877449022936863
0.4782972945770056
0.478272979387744
0.4782601058302103
0.47833448261750033
0.47837190711628497
0.47927307421615634
0.4783908834998631
0.4784549435277958
0.4784260582323842
0.4804309409559432
0.47860001647891354
0.4785962047349015
0.4789209041927706
0.4799651465740354
0.47898683617204557
0.47904446549820934
0.47908899324284193
0.47912645302448
0.4792131687739762
0.4792512278335298
0.47923605573800143
0.47929908660438103
0.4793140003711922
0.47918396137568703
0.4793343795469019
0.47944315674326665
0.4794406670154348
0.47945023313637725
0.4795035282386936
0.4795489279357869
0.47956896352694933
0.4795929797134908
0.479620882923562
0.4795854003991556
0.4796377810083363
0.4796573377049474
0.47964940463537764
0.47967762032898087
0.47967346420565443
0.4797213818924047
0.47952959440347614
0.47952959440347614
0.47952959440347614
0.47952959440347614
0.47952959440347614
0.47952959440347614
0.47952959440347614
0.47952959440347614
0.47952959440347614
0.47952959440347614
0.47952959440347614
0.47952959440347614
0.47952959440347614
0.47952959440347614
0.47952959440347614
0.47952959440347614
0.47952959440347614
0.47952959440347614
0.47952959440347614
0.47952959440347614
0.47952959440347614
0.4745646688713188
0.4726451771670462
0.4745366686200376
0.48296123323162626
0.4749968929249052
0.4760719900442774
0.47539615443706035
0.4732452806016261
0.47666793587043693
0.4729696058769489
0.4747390083171769
0.4751355789293037
0.4803881442055889
0.47548531696784635
0.4735085312016915
0.4736226107147458
0.47572828328900113
0.4739448222651347
0.4767032863445789
0.4741642731837647
0.47648672524255836
0.4775390670019799
0.48040356399465045
0.4744743859110069
0.47768404415913795
0.47671030541156756
0.4746210386413499
0.4745441906765596
0.47718484869794364
0.4774904191599701
0.4783303697874992
0.4769790537546129
0.47730817265288544
0.4773511444920534
0.4776319814963238
0.4776900237361739
0.48196684985511984
0.4778493646994273
0.4819837692809088
0.4788043145887534
0.47818243668206334
0.47498627042532465
0.47469178822784974
0.47810617937941496
0.47799276544285724
0.4750620625232938
0.475068036532393
0.4777533385462649
0.4788768349937406
0.47522911414761176
0.4783946195219995
0.47831856797341277
0.47882074285988663
0.47531855177391635
0.4787855367389736
0.4751818218271845
0.47560182264914797
0.4755334251138816
0.47886182598857474
0.47848053730144363
0.47875779134643476
0.48188359112217655
0.4792542709448107
0.4757339326352566
0.4791760182636989
0.4790635980292819
0.4755025124737167
0.47892118294478225
0.48161767077602147
0.4798784247204055
0.47669256581452635
0.48148907165450217
0.48148907165450217
0.47567794939694
0.47906223341978116
0.48131106653503797
0.4812018298740087
0.4760684533272075
0.4811497798115675
0.47842236132066596
0.4771070239733611
0.4787817909339577
0.4764783921723078
0.4765619278483522
0.4760638723064441
0.4766004438035217
0.4765818771150733
0.47994207391137556
0.47938870422981794
0.4765909729014666
0.47980779922067085
0.4768098154855317
0.47688286060699847
0.4768325944894963
0.47635316380938425
0.47713085713495573
0.4771798886137935
0.4773167732577087
0.4770108900892419
0.4803538045940737
0.4769673475560631
0.483691570820946
0.47739121676912505
0.47737649265439375
0.4775179497521219
0.4774715077288197
0.47760517522775703
0.47762590628807144
0.4788678633490342
0.47779056415173565
0.47783849713435944
0.47791179194639494
0.47793123945404087
0.4780115192226462
0.4780320769377608
0.478053578314148
0.478090598389766
0.47968964528387376
0.48062556272903934
0.4781368884066536
0.47828934317684424
0.478324743839707
0.4783806979277835
0.478481413180484
0.47901530584939167
0.4806684781648969
0.47973358930091015
0.47973358930091015
0.47973358930091015
0.47973358930091015
0.47973358930091015
0.47973358930091015
0.47973358930091015
0.47973358930091015
0.47973358930091015
0.47973358930091015
0.47973358930091015
0.47973358930091015
0.47973358930091015
0.47973358930091015
0.47973358930091015
0.47973358930091015
0.47973358930091015
0.47973358930091015
0.47973358930091015
0.47973358930091015
0.47973358930091015
0.47973358930091015
0.47973358930091015
0.47973358930091015
0.47973358930091015
0.47973358930091015
0.47973358930091015
0.47973358930091015
0.47973358930091015
0.47973358930091015
0.47973358930091015
0.47973358930091015
0.47973358930091015
0.4772560788293394
0.4739898553460482
0.4781278730184098
0.47809170017933095
0.47262474920037845
0.4787471292714527
0.4785589015259735
0.4786773582709801
0.47310888944000984
0.4792478543010565
0.4794493069434994
0.48293022411095354
0.4804844424798665
0.4730488445344619
0.4764936052223082
0.47627969783930263
0.473789699368102
0.48039980838637636
0.47536986698325784
0.4755298534031916
0.4773997138323344
0.47757692322106093
0.47735630859127615
0.47767040832659863
0.47793040617099664
0.475707990624159
0.4757951725526301
0.47538701551101786
0.47803219797793683
0.4758289461075269
0.4782643823813166
0.47822739676397774
0.47804334717457386
0.4780127757642132
0.4761574927263887
0.4780141268970757
0.4782182068391566
0.4783540482529159
0.47823983132295045
0.4780003663931809
0.47621445879264096
0.47823680966720106
0.48086853620092124
0.4763870800121758
0.48082571713281874
0.47898565670813464
0.47850600547914734
0.4807186863192104
0.4807186863192104
0.4807186863192104
0.47642292433087724
0.4806073189870834
0.47833319490189685
0.4788564132103936
0.48049971115265855
0.4786640512092635
0.47641235629648954
0.4759897757186401
0.47894808850684745
0.4765766582848166
0.47847318676885625
0.4789834068789544
0.4761936780792725
0.47672767291283447
0.4769014314096679
0.47931051323609986
0.47706077195320357
0.4767637709660438
0.4770608400501084
0.4770832988046382
0.47653857701265406
0.47732527164087574
0.47949138229395016
0.47726277803934536
0.4770713368843447
0.47979849618827103
0.47710681064866267
0.4774326371424785
0.4774443218425969
0.4771066568929973
0.4772731038821637
0.4771476926905016
0.4774962885400126
0.47794345623159235
0.4778292568567094
0.4778384915192597
0.4778496950003934
0.4779221101432471
0.47798220172038797
0.47798943990285825
0.47802209580939947
0.4778876811659636
0.4780697514526141
0.4779131456941327
0.47835072476714696
0.48131982542477886
0.47850151956796405
0.4786774642568535
0.47889307598672204
0.4790614178878242
0.47938734946061357
0.47973358930091015
0.47973358930091015
0.47973358930091015
0.47973358930091015
0.47973358930091015
0.47973358930091015
0.47973358930091015
0.47973358930091015
0.47973358930091015
0.47973358930091015
0.47973358930091015
0.47973358930091015
0.47973358930091015
0.47973358930091015
0.47973358930091015
0.47973358930091015
0.47973358930091015
0.47973358930091015
0.47973358930091015
0.47973358930091015
0.47973358930091015
0.47973358930091015
0.47973358930091015
0.47973358930091015
0.47973358930091015
0.47973358930091015
0.47973358930091015
0.47973358930091015
0.47732939715407446
0.4770526812072731
0.4773522129132049
0.47447393087788464
0.4776598176003617
0.47801754014965187
0.47876741935575257
0.48297874083098113
0.48297874083098113
0.48297874083098113
0.48297874083098113
0.48295096105499175
0.48295096105499175
0.47479406309052186
0.48290408645233773
0.48290408645233773
0.48290408645233773
0.48290408645233773
0.4790881327583025
0.47458436566725265
0.47840305025166807
0.4788472339752247
0.47895842361268104
0.48272968284002704
0.48272968284002704
0.48272968284002704
0.48266973263571605
0.48266973263571605
0.47920386153783406
0.4789505026599128
0.4789862730779364
0.4783656825225385
0.48255276953485665
0.48255276953485665
0.47495120905306637
0.4787865636537307
0.4756409721802523
0.4757043762950633
0.47944293402986304
0.47940874360371466
0.4823361398521936
0.47754330168757747
0.4756517904946537
0.4756985012776828
0.47927099108154086
0.47884051191271704
0.4796099604744744
0.47932498319279765
0.47928024809459807
0.4792160025426442
0.4787242875248643
0.4798444340143411
0.4796191621892195
0.47985033732136156
0.47936863078711356
0.47580277776825536
0.4794928670815189
0.47575269848365404
0.4791187549309103
0.4803116277429372
0.47946334834207893
0.4743915742916899
0.48033129827292353
0.47978590938801924
0.4761256841622545
0.4760323994564505
0.4804894038685855
0.4798718152006159
0.4797378617643198
0.47407529843181695
0.4766976310894131
0.4798337214880491
0.4805148071316055
0.47965845442820626
0.48052438889163884
0.47897262871270857
0.4806602748187538
0.47922224930476676
0.480474615506808
0.4762548727422622
0.48054211872941566
0.4801682660836337
0.48075604096052077
0.47651580438366586
0.47684007342817425
0.479950429427251
0.4791691958473057
0.48059640844901336
0.48084601592321363
0.47630435945677363
0.47654743990120413
0.4807753863381345
0.4767796061332561
0.4800772468449006
0.47501991814836686
0.4817904177790161
0.4805803634930023
0.4751454131959141
0.4749467320216456
0.47785015677812376
0.48007257057988334
0.47540581993052256
0.4817988646981628
0.4778998045487368
0.4823732553209125
0.4755048488844743
0.47540899464982456
0.483355513909022
0.4813200224759947
0.47804271082471705
0.4781128611875795
0.47776072325126046
0.478278293542464
0.47792944439682705
0.47854283115611973
0.476547476277767
0.4785286542597272
0.4786705284621059
0.4785192053314919
0.4808156359946049
0.47856439619096924
0.48076301040435926
0.48076301040435926
0.48070792306809773
0.48059772303719384
0.48059772303719384
0.4766927165003099
0.4804918661866091
0.4804918661866091
0.4789686418200006
0.4788445614323098
0.48294227115642935
0.4789390068434445
0.480331448882937
0.4792561485787943
0.47858835474739697
0.4789091078353091
0.4802089030703889
0.4793879480265084
0.4787107544919488
0.47611191178412376
0.48373397736982426
0.47877888674070834
0.47893690880794
0.47903046583255626
0.478891695366576
0.4792976129020451
0.47911457099001753
0.4793431316680924
0.4790724040076902
0.4792374051671377
0.47957403184612735
0.4790864046398658
0.47950852873624755
0.47949601132567315
0.47682820009219085
0.47982807038556524
0.47726757765049066
0.4767512549119671
0.47732832206888637
0.4799741022739882
0.4800581766752277
0.477410274946915
0.47964524014916116
0.47776850251552144
0.47973292208706636
0.4775878559688527
0.477773536303795
0.4779464546235461
0.477903218506137
0.4798724120842236
0.4810936545575297
0.47833103621738415
0.47833355279278095
0.47825723691851457
0.47842491609707083
0.4785363433206182
0.4785797609315037
0.4785827257305517
0.4787227891324569
0.4787575805797648
0.4788088344050122
0.47899903605516675
0.4790926824436423
0.47932087442525284
0.47973358930091015
0.47973358930091015
0.47973358930091015
0.47973358930091015
0.47973358930091015
0.47973358930091015
0.47973358930091015
0.47973358930091015
0.47973358930091015
0.47973358930091015
0.47973358930091015
0.47973358930091015
0.47973358930091015
0.47973358930091015
0.47973358930091015
0.47973358930091015
0.47973358930091015
0.47973358930091015
0.47973358930091015
0.47973358930091015
0.47973358930091015
0.47973358930091015
0.47973358930091015
0.47973358930091015
0.47973358930091015
0.47973358930091015
0.47973358930091015
0.47973358930091015
0.47973358930091015
0.47973358930091015
0.47973358930091015
0.47973358930091015
0.47973358930091015
0.47973358930091015
0.47973358930091015
0.47973358930091015
0.47973358930091015
0.47973358930091015
0.47973358930091015
0.47973358930091015
0.47973358930091015
0.47973358930091015
0.47973358930091015
0.47973358930091015
0.47973358930091015
0.47973358930091015
0.47973358930091015
0.47973358930091015
0.47973358930091015
0.47973358930091015
0.47973358930091015
0.47973358930091015
0.47973358930091015
0.47973358930091015
0.47973358930091015
0.47973358930091015
0.4763361806842769
0.4757354533330737
0.47179478524375473
0.4776517672458043
0.47754089815236384
0.47757550470574506
0.47797299778357916
0.4763882377492931
0.4724807644482722
0.4779896637826979
0.47664716899762655
0.47801948029089847
0.47786731935759136
0.4777993085659852
0.48217593728198244
0.47810717646700823
0.47826033422012604
0.4822860889259212
0.47714662018362186
0.4780241047641463
0.48229613923002534
0.4758596246547279
0.47683698373223166
0.47844389397108333
0.48228235346049386
0.48228235346049386
0.48228235346049386
0.48228235346049386
0.48228235346049386
0.48228235346049386
0.48228235346049386
0.48228235346049386
0.4822565321253112
0.4822565321253112
0.4822565321253112
0.47803897437897147
0.4822243683358763
0.4822243683358763
0.48222090610091595
0.47876618692265294
0.4821888661079789
0.4821888661079789
0.4821888661079789
0.4821888661079789
0.4821888661079789
0.4743216902168153
0.47847293031336896
0.4773028618874944
0.47795491451785804
0.482151717713413
0.482151717713413
0.482151717713413
0.482151717713413
0.48214897201576135
0.48211392437465317
0.4774942565796782
0.47851352035919426
0.4820760828057544
0.4820760828057544
0.4820760828057544
0.4749992169636571
0.47864881567525924
0.4790203365167226
0.4782785866738581
0.47770705656391255
0.47869982947050005
0.4771041424223097
0.47742089735923654
0.47765639127101817
0.4785698608575437
0.4789127084462106
0.47648777871439646
0.4790228011856429
0.4747837461224391
0.4782485215722793
0.4763673546988407
0.47745808306136217
0.47517549440174117
0.48186122710933244
0.4784210847977071
0.478223534996242
0.47908033859756666
0.4789978627220255
0.47699003003459756
0.47904024313770055
0.47928645255155033
0.47798908656041605
0.4794290186068806
0.4793897156159563
0.47863832267465606
0.47356590316212277
0.4777696858685493
0.4799295985750977
0.4791283615459618
0.4740706753930347
0.47820558879818886
0.4792312697201976
0.4795602042693513
0.47866715424790596
0.47937563111184217
0.4739774793115805
0.4783876281266899
0.47932923244317455
0.47873823931003306
0.4752777364294655
0.4783422878883961
0.47959625205323136
0.47832985210905954
0.4757582398306553
0.47973321535833346
0.4743366448572003
0.4744427518522731
0.47947247467833254
0.4796924085185575
0.47961782190525376
0.4745422141865029
0.47970144570014905
0.47970144570014905
0.47850876350394417
0.47452800080419194
0.4794613218443206
0.47876241214129067
0.47946701822910665
0.478425330796813
0.4787722993438166
0.4799605214504949
0.478547300342354
0.4745452921316846
0.4784220821565215
0.4818608367107397
0.4772988278506081
0.4818304769950007
0.4755130226132844
0.47761037134589396
0.480059398830285
0.48179593167996215
0.48179593167996215
0.48179593167996215
0.481759387145077
0.481759387145077
0.481759387145077
0.4785642176031791
0.48148945486422273
0.47432887121993
0.47445288580377243
0.4817220497797648
0.4817220497797648
0.47967976802048745
0.4793797487168825
0.47933579586971337
0.48168462074687896
0.48004398047643976
0.4759360470857743
0.4744994619198486
0.4788783867485212
0.4762934015845402
0.4803445533440588
0.47890493201323736
0.479524623694448
0.48182408343995986
0.48182408343995986
0.4799811483856723
0.4800756101278802
0.4790849546847594
0.48180224281566386
0.48180224281566386
0.4757415727288233
0.48177204192940887
0.48050381227427347
0.48010551853324146
0.4817376478204402
0.48015225314213583
0.48170124199364805
0.4759696660789531
0.47480271961542836
0.475024397351594
0.48184874757589136
0.4759442921112238
0.48162673084815194
0.48118027912611655
0.4794418483986681
0.47597500945524573
0.47874216950066273
0.48126095461783475
0.4800307653729499
0.4762897130191041
0.4796139890439814
0.48023863495235536
0.4798915496677158
0.47507272762653036
0.4764447221174046
0.4771194711848143
0.47911701857742317
0.4800221859541125
0.47505652530679143
0.4812755224571854
0.48028615810300296
0.4802382422510109
0.4751479890106063
0.4752164807494163
0.4754206492561653
0.4801573511026634
0.47544105845939616
0.4778745179864195
0.476832296864179
0.4754809734661399
0.4801598879852529
0.47553075458872146
0.48214585460326487
0.4756265870196091
0.47572701316249655
0.4783047816192272
0.4755873579815097
0.4794891015528417
0.4756478627562455
0.4756894192461246
0.4758370605086188
0.477175497998482
0.4798889959870961
0.4772880888841053
0.4758881174874949
0.4758936515599259
0.4788376699833272
0.4759840507375997
0.476015529162701
0.47599225523952027
0.4760226169260622
0.47612663665754834
0.47941799511146416
0.47624118333426885
0.4808257094629901
0.48057514032073145
0.48085487726337345
0.4763081007565254
0.47781324504638
0.4763516211273212
0.47633955988761323
0.4764463900459722
0.47640251325981414
0.4766539080011975
0.4777554071348333
0.4787274147671992
0.48061328461016556
0.4804610928437157
0.4804328597940843
0.4774714252294015
0.4776793805983201
0.4787110139739533
0.48043128819870956
0.4787653212788829
0.47894766089699176
0.4805544545894415
0.48053378606018676
0.48053378606018676
0.48053378606018676
0.48053378606018676
0.48050208884219564
0.48050208884219564
0.48050208884219564
0.48050208884219564
0.47805740263792124
0.4804662489752496
0.4804662489752496
0.4804662489752496
0.48042899616994045
0.4803915659238511
0.4803915659238511
0.48031827474672395
0.48031827474672395
0.4802483686448707
0.47952761230351004
0.4781526873662832
0.48020484042446393
0.48017722214146197
0.4784684826961873
0.47889960574200513
0.4791764961914167
0.47973358930091015
0.47973358930091015
0.47973358930091015
0.47973358930091015
0.47973358930091015
0.47973358930091015
0.47973358930091015
0.47973358930091015
0.47973358930091015
0.47973358930091015
0.47973358930091015
0.47382122678119726
0.47800001291074606
0.4732525147439587
0.4730440070647703
0.47437970755832964
0.47513029100673254
0.4791552453146414
0.4794087942905192
0.4755139511018593
0.4801337137938954
0.47551202754663097
0.4836330824717744
0.4836330824717744
0.48360412878467063
0.4835700446636663
0.4835700446636663
0.47358714883427905
0.4739015759049605
0.4833667953779278
0.4833667953779278
0.47391068099427003
0.47386603666502036
0.4743353469950646
0.4743189603914585
0.4746894505861512
0.477675978863703
0.47780447043598456
0.4749974958080571
0.4749534802089883
0.47644353702050213
0.47853722090242085
0.475941185693157
0.47656897175437146
0.47508780141399437
0.4764301553140643
0.4785817657206261
0.47852612237348
0.47880715301200705
0.4784018591954072
0.4780649366991121
0.47640267544021736
0.47607572195511005
0.4808695100237934
0.4783255678492928
0.48084315434222835
0.47524751465160997
0.47686805235229807
0.47615995441603687
0.4807893660456206
0.47855706900523576
0.4792342919257474
0.4790554592058291
0.4752971923747397
0.4805903091345667
0.4762863350756101
0.47907749260379495
0.4785276307789486
0.4786746214775828
0.4771288214693328
0.4788458199691222
0.47857139956106376
0.4771207522271701
0.47726030944528197
0.477211921967018
0.47721699252055083
0.47928861149515034
0.4771083350361261
0.4772962034195968
0.47713628772910877
0.4790485525720264
0.47735667708903085
0.4773837828778729
0.47965362876957784
0.4791942835080298
0.47916014495394066
0.4771751768326438
0.48002470336795167
0.47931105144590713
0.479322708814274
0.47754589533410124
0.477633716334602
0.4796014414571603
0.4766899103909637
0.4796174062312663
0.4777316246231013
0.4796317755737221
0.4776930891113879
0.47773908409440424
0.4777630710961147
0.4777801783102004
0.4776503001692343
0.4776297031656416
0.47780645556306595
0.477812492527865
0.4776640961118432
0.47781485178089705
0.47799103590583214
0.47789478493194193
0.4778688046809829
0.4796516796299904
0.4779668829207725
0.4779594191236717
0.4780725532565323
0.4810801152089775
0.4781790568618085
0.47827133102946445
0.47819273884621116
0.47819976626814753
0.47831102564062905
0.47823428134361506
0.47824512049642326
0.47823232371371693
0.47831614098342295
0.4783048852486872
0.478367552645368
0.4783867241581939
0.4784255110616565
0.4784290446399837
0.4785572395940048
0.47861911727014167
0.47865581243928906
0.47869901629180023
0.47867380598539655
0.47877596898871727
0.4809284956417864
0.4804816340092431
0.47973358930091015
0.47973358930091015
0.47973358930091015
0.47973358930091015
0.47973358930091015
0.47973358930091015
0.47973358930091015
0.47973358930091015
0.47973358930091015
0.47973358930091015
0.47973358930091015
0.47973358930091015
0.47973358930091015
0.47973358930091015
0.47973358930091015
0.47973358930091015
0.47973358930091015
0.47973358930091015
0.47973358930091015
0.47973358930091015
0.47973358930091015
0.47973358930091015
0.47973358930091015
0.47973358930091015
0.47973358930091015
0.47973358930091015
0.47973358930091015
0.47973358930091015
0.47973358930091015
0.47973358930091015
0.47973358930091015
0.47973358930091015
0.47973358930091015
0.47973358930091015
0.47973358930091015
0.47973358930091015
0.47973358930091015
0.47973358930091015
0.47973358930091015
0.47973358930091015
0.47973358930091015
0.47973358930091015
0.47973358930091015
0.47973358930091015
0.47973358930091015
0.47973358930091015
0.47704982022778863
0.4783457187267109
0.4768551308134368
0.4775453877633084
0.4822870432313902
0.479521340769474
0.47979964350014764
0.47451399847080816
0.4778890746896409
0.47707945900719273
0.47952124782285105
0.4783941530725172
0.47849265079213393
0.4814953875974464
0.47878468426562826
0.4777458256682289
0.4815346669837392
0.48151503156535025
0.48151503156535025
0.47856208875813716
0.4814275800231136
0.4783366959131827
0.47805805426884274
0.4761347260415887
0.48166628303185494
0.47823215431591504
0.4767103942844506
0.47710164248801773
0.4787470419405285
0.4785310032730339
0.4785494159641004
0.4786085849010564
0.4756514719867079
0.47746899975016716
0.47874937639664294
0.4786122798088521
0.478807803475037
0.4786036877659414
0.48145710186513485
0.47921457686965985
0.48143222099079747
0.48143222099079747
0.478074728089485
0.4814058099628277
0.4814058099628277
0.4760064390270798
0.47709625067177613
0.47572497397820906
0.4788292102121554
0.4781914429626665
0.4813126842947181
0.476068044479824
0.47646406036063305
0.4790295481150538
0.4812490231925224
0.48003861929768077
0.47731991811776747
0.4764599709197172
0.4760312622509053
0.47954546681875615
0.4798413624669422
0.4783774543284418
0.4784866885405312
0.4788188138261013
0.47659676603914036
0.47950843628547546
0.47869550825327406
0.4778165472778604
0.47742465973197246
0.478596181470671
0.4776381128474801
0.4778236222267133
0.47768806388945834
0.47698506229209964
0.4779787289538011
0.47802147751343343
0.47651170621494976
0.4783684738192439
0.477665805454035
0.4776768876875617
0.4800442854654547
0.4795140836181338
0.47803769839865823
0.4788280808019492
0.4770031014836334
0.47889076653620405
0.47795635050342894
0.47780031705696635
0.4788293814106
0.47725204493873596
0.4770734291691375
0.4780041886328516
0.4793706566071055
0.4788699580808114
0.47701203204554815
0.47927746593608855
0.47715534767275064
0.4776703120039804
0.4817881610701535
0.4791130116522988
0.47705461705855023
0.4774661190446739
0.47710376124059756
0.47936849195734915
0.4774931216226643
0.47858884878972047
0.47974320526865066
0.4810711061770541
0.47788064393667673
0.4788371079596799
0.47924053625243396
0.4786925283607866
0.47931036252091297
0.4779381442037483
0.47815671909385815
0.4780250573010054
0.4781465934088977
0.4803393857552774
0.47939300366338705
0.480509799474272
0.47821801819511867
0.4804445394300367
0.4798134141175273
0.4783741016621304
0.4796665280371626
0.47982927507979056
0.4799727140495167
0.47973358930091015
0.47973358930091015
0.47973358930091015
0.47557932365207883
0.47749059453886106
0.4765275517567438
0.4752400758827248
0.47608984895098705
0.47665188949257875
0.4773726832011481
0.4780205913157849
0.47795683626738417
0.4778405827993923
0.478558494908826
0.47754162977802117
0.4739395578962994
0.47530934748473347
0.4784956717065801
0.47695425078124204
0.4765593626659073
0.47446551811707877
0.477136423383791
0.4787101104708396
0.4789872910686424
0.47450553286167557
0.47751144345779584
0.47623669315628137
0.4821924447631948
0.4765968658923043
0.4799026705722621
0.4768530087427938
0.47613520339800663
0.47944660892965485
0.47963676452477433
0.47501312041483157
0.47477097706649046
0.4747816595168216
0.47684322500459914
0.47509136392234036
0.4766464833321769
0.47476685223549764
0.47990459882373887
0.47748007048281127
0.47514545799192515
0.4749084250761859
0.477429197689121
0.4800518279087498
0.4776091258769861
0.4774219343432592
0.47975403038170766
0.4766027530729051
0.47783123745319905
0.47799982835861904
0.48019178754389663
0.4752976357758337
0.4782611314148889
0.4752672924417132
0.47992201274658347
0.47541465056664534
0.47986540480559575
0.4775801399546064
0.4776670619056757
0.4765529515682399
0.4782975702927452
0.47860786191217647
0.475752781208141
0.4783320177720761
0.47551900252428875
0.4755183122526709
0.4755450988094084
0.47773736301149483
0.4783513505461662
0.48152274561346053
0.4758229014295214
0.4773848885891821
0.475799434459159
0.4758002506799383
0.47575438654805585
0.4760531474840058
0.4759777076355104
0.4765240612570332
0.47602405741933895
0.4759546912906393
0.47906475750682637
0.47612154506430415
0.4784090299550052
0.47622268006391494
0.4763052701759109
0.47643628082607764
0.4811857199238678
0.4763181940622547
0.47608133358980187
0.4763531694820258
0.4789159804311966
0.4764898483048031
0.4767448810685701
0.47652626256067027
0.47910571397054846
0.4766231916522279
0.4815171605540857
0.479335538783297
0.48137111067606475
0.47672963060804663
0.47706401616058264
0.4812234650490341
0.47687853607105557
0.47894284490636846
0.4800376185637511
0.47879136869553524
0.4768044931397429
0.4769386936108362
0.4769260275483414
0.4769294844079314
0.47719209405131335
0.4769490675420629
0.4780587544881973
0.47705689484665315
0.477415689928471
0.4774369532666783
0.4790804647054843
0.47936728438556087
0.47924574131059056
0.4795027248445463
0.4776988589573642
0.47934305475234923
0.47762325718362664
0.4797602388893193
0.47957286910550734
0.4774977212553061
0.4776046925120167
0.47776762704110726
0.4775826273631865
0.47962758728278226
0.47994764850874144
0.47792656471181644
0.4779392845758351
0.47791511702193523
0.47808762383043935
0.47784696063169585
0.47804110532974364
0.4781727473782675
0.4783055819056077
0.4782479014648036
0.47817730161479366
0.4795909445908437
0.47846045467560044
0.4784893640961875
0.4785517264049598
0.4786756395218749
0.47880070381294243
0.4789973155413331
0.4789584191481545
0.4806920879300121
0.47973358930091015
0.47973358930091015
0.47973358930091015
0.47973358930091015
0.47973358930091015
0.47973358930091015
0.47973358930091015
0.47973358930091015
0.47973358930091015
0.47973358930091015
0.47973358930091015
0.47973358930091015
0.47973358930091015
0.47973358930091015
0.47973358930091015
0.4756850203698217
0.4782743844998358
0.4738225279700391
0.47428031227736545
0.4825341482326411
0.4765815611648809
0.47628719441835277
0.47484457560194604
0.47637221584133516
0.4794294388193832
0.4770435075091048
0.47504754392086124
0.4751891447851513
0.4769028148106656
0.47552168076140927
0.47871968719405855
0.4753343608122465
0.4773782276200606
0.47744308637578925
0.47749698475459973
0.47543626266293565
0.47563406790923085
0.4779946551561323
0.4760575504033535
0.47773898740277576
0.4758027139587607
0.47816872684742856
0.478526151483386
0.4779417075173458
0.47570338776610177
0.4754926044224559
0.47592121593370434
0.47621939362549986
0.47588481355453266
0.47564671033034717
0.47553780309018967
0.474293927635194
0.4818375541277361
0.4818305744370859
0.4818305744370859
0.4818305744370859
0.4818305744370859
0.4818305744370859
0.47615278700655117
0.47628790044409164
0.47606548387351555
0.478462480702801
0.4783868047697873
0.4754710848391739
0.47604126262277585
0.48176227253879744
0.4766061327216413
0.4760612907585606
0.47631504226759414
0.4762195960734202
0.4764600957658388
0.476674612061275
0.47633095189229424
0.4763308377270831
0.4751785454110718
0.4769400238078142
0.4763787530177033
0.47933817440889803
0.4766247853482991
0.4770046187609206
0.47654908057585477
0.4800176284281093
0.4762489766109659
0.476055057805835
0.4765667678432459
0.47665088706299374
0.47952616992847097
0.47676566157992434
0.4769084906338157
0.4771335167279322
0.4767032648280014
0.47920728412624514
0.476863584619505
0.4764116181529367
0.4767233232251963
0.47991700511875723
0.4772375226505053
0.47671733960708085
0.4769282354907111
0.4768352349049606
0.4774470551658448
0.4767615388802332
0.4773196758164927
0.47870640731468783
0.476743482824865
0.47717684252573406
0.477184934291845
0.4767424510228484
0.4774324638735708
0.47705655088152044
0.4768198889730894
0.477376306879743
0.4767884268558617
0.4756000382670133
0.4770977686807446
0.4772942645849381
0.4772859606522906
0.4772847077309025
0.4772991055336668
0.47594018751346967
0.48023817963609
0.47550006469614065
0.47759192097008696
0.47730248108892764
0.4775599253708026
0.4782619466453729
0.47771975320341664
0.47790356344974044
0.47568608939435764
0.4806127008682574
0.4776874756427873
0.47812680243672384
0.4761349192298193
0.4777145420423504
0.4775852563059299
0.47804261512646556
0.47793583990974137
0.47835415575590573
0.4778563338360636
0.47783734152136736
0.4763847749295007
0.47627982358066284
0.4776155570721236
0.47808668063296156
0.47646023935593507
0.4811213488926338
0.47634541796209323
0.47813847445621666
0.47666000574603823
0.47828433878526433
0.4767179864477545
0.478013687784681
0.4781810480965479
0.47809166399629577
0.47785615965504025
0.47788488349012753
0.4784722007924832
0.47821553296840924
0.4792759664043749
0.476908165933962
0.4769785385284418
0.4785483236310894
0.47843594229256464
0.4779965131303136
0.4785224932131755
0.4782179985547767
0.47686518830829133
0.478917547218902
0.48061535881670625
0.4786720589904548
0.4784589789734374
0.4805810761650424
0.4787703569891773
0.4805377050641522
0.4805377050641522
0.4805377050641522
0.4805377050641522
0.4805377050641522
0.4795125805614172
0.48049052368574086
0.48049052368574086
0.48049052368574086
0.48049052368574086
0.47894813025547306
0.47892774814277433
0.4770600470035926
0.48044197487744816
0.48042733184582825
0.48044197487744816
0.47886727033918874
0.4788090444972041
0.48038034480236835
0.4803932727178409
0.4790950234401215
0.4803450613554128
0.47857619478289454
0.4768331518519376
0.47925273876973584
0.4791731214290736
0.47919887263470795
0.47919949479118673
0.4791733193547058
0.4793126369280533
0.47936828464903425
0.47997949686601055
0.4772551541766252
0.4811484636902361
0.47964799688969656
0.4792677814629354
0.4792155825258432
0.4774259248026777
0.47769649827473737
0.47956496702612034
0.479609943118765
0.4795394560973308
0.479953168498088
0.4798548667774375
0.4798587220392403
0.47836734891097393
0.47835782194404375
0.47836788425631716
0.4802275816953312
0.4784584549012198
0.4784753720287249
0.4785289290323227
0.478572672896869
0.4786179299835178
0.47973358930091015
0.47973358930091015
0.47973358930091015
0.47973358930091015
0.47973358930091015
0.47973358930091015
0.475004264828576
0.47822695172888335
0.4743287904771919
0.48329610452074395
0.4756504421292241
0.4758566250861267
0.4753009366839927
0.4756387385082508
0.4752164057868156
0.4755886712333745
0.4765027041727108
0.4759854349419678
0.47601038534767987
0.47661667900360577
0.47692354055422065
0.47532741003513723
0.475951921750861
0.477360078938424
0.47622399140166
0.4776600117063148
0.47593882532362963
0.47722262638732227
0.47688640707495494
0.47377217912418
0.48198285863503376
0.4741055092036628
0.47735587967102994
0.4818968801746196
0.481809662170674
0.481809662170674
0.481809662170674
0.47703893340105774
0.47743658166403125
0.4817242999326076
0.4784857280046256
0.4816418481239262
0.478528523802403
0.4815418087562828
0.4815626000218182
0.4777603392740371
0.4811088149158824
0.4811088149158824
0.47731321547749733
0.47747699138782274
0.47817780216735545
0.4809367640645286
0.47842014749217077
0.48070059032620666
0.47791773339643434
0.4788932238181929
0.47482943579204184
0.48029379977216147
0.4780814373599229
0.47792719892402935
0.4798880292733192
0.47896304604065143
0.48211374934449347
0.4781079801451912
0.47481170209131407
0.4747020749824167
0.47892756396777747
0.47962057165905325
0.47903459347151855
0.4795167496509705
0.4796512432858605
0.47548547861782336
0.4755789585765802
0.475395067179194
0.4752620432251835
0.47972309184484274
0.4793489460889808
0.47985131449029883
0.48113202334552774
0.4801837964020122
0.4758411928781912
0.48097352708905905
0.47585355742315677
0.4757771159276734
0.47577273702878964
0.48011025170376437
0.4758868862148803
0.4760482320719647
0.47624778335931167
0.4760776050660444
0.48185673466159284
0.4811361549678277
0.4763159395339863
0.47628524708295217
0.476509065436342
0.47648291032505075
0.48276728598507834
0.4773584894106739
0.4766780783955637
0.4819441336580809
0.47683522248409005
0.4824783848988085
0.47841108114137365
0.4788066356674001
0.47973358930091015
0.47973358930091015
0.47973358930091015
0.47973358930091015
0.47973358930091015
0.47973358930091015
0.47973358930091015
0.47973358930091015
0.47973358930091015
0.47973358930091015
0.47973358930091015
0.47973358930091015
0.47973358930091015
0.47973358930091015
0.47973358930091015
0.47973358930091015
0.4742316179061577
0.4771074020883699
0.4769960115504955
0.4786624629195565
0.4795794533394027
0.4767277414489455
0.4787934261287188
0.476669294681184
0.4768577205931267
0.47833365119209026
0.47834455212403354
0.47651035016941456
0.47403152384003905
0.4785705070908099
0.47684876847097496
0.47685967701325627
0.4770110332957624
0.47776083256598983
0.48230981454402116
0.4771145565903272
0.47923922430339194
0.47732027767156127
0.4772501597548313
0.47706669637233867
0.4780208437074813
0.4772591002300655
0.4785436887691276
0.47744990625746014
0.47733452128323023
0.47731926601273406
0.4771892429024375
0.47721061206870324
0.4746992972279356
0.4770680059774245
0.4796068351400694
0.4774058988105624
0.47868574356872473
0.47970849259053844
0.4771526261327576
0.4777320012459826
0.47958146372175975
0.47988036325675076
0.4786022795421069
0.47785359274318334
0.47759252781435435
0.4775270583157781
0.4776218894090936
0.4775811062627143
0.4746258660416238
0.47798767628263683
0.47583584679526736
0.4762508346145989
0.4788859960926613
0.47841330584808034
0.4749904838644534
0.47780447720572716
0.47884651368282594
0.4777874960429908
0.4778304901561484
0.4795242467688241
0.47807071159640574
0.47858274191252764
0.47764203561232005
0.4780875390166986
0.47615183533058525
0.4782666825650101
0.4794119092947182
0.47794854084181815
0.47770628735530896
0.4789812501572624
0.47836141922652203
0.47864774356482287
0.4784029321042569
0.4769604453796234
0.47545391707351853
0.4772432753619687
0.4777157089556808
0.48032022095220245
0.4783281904183883
0.4801673892121183
0.4818043287178698
0.4795416149474443
0.4785601742028751
0.4784087467614536
0.47868677568923984
0.48165936842117796
0.4755354859918593
0.47684411254639153
0.4798661939852162
0.47702327580710785
0.4784667817401631
0.47837046764648405
0.4800330875546111
0.4814651741934188
0.47820724020429956
0.4791649486688795
0.4774400287550875
0.47590926704598285
0.47889006063610245
0.4789325981099952
0.4791956994583308
0.4789427138553682
0.47808717048673266
0.47933692989776683
0.48203433437338
0.4792754521210619
0.481575726773517
0.4767184902132768
0.476376546698873
0.47715960181201206
0.47669608188886736
0.4767221099532473
0.4769929631848527
0.4788093754295342
0.47686616255273784
0.48040192192837305
0.4798653780721699
0.4809783519784126
0.47963400544017765
0.4796781381679378
0.4769502833725637
0.47792900259786697
0.4803904333339849
0.48043371472755814
0.4788224091652174
0.47761132862729416
0.47966726972221013
0.4789663776724518
0.4790032684558736
0.47865151440240855
0.47884594178177103
0.47973358930091015
0.47973358930091015
0.4769239927940905
0.4787219588286585
0.4773252166280144
0.47778483426025437
0.4757466951303277
0.47594703320717036
0.4755086503108722
0.4781288151167111
0.4787666840792686
0.4761103293039277
0.47890216521165374
0.47879673268168843
0.4762223789591421
0.4751638043395594
0.4754073473677475
0.4761935256925416
0.47654215449294335
0.4756437702603119
0.4769435635122333
0.47483662904233315
0.47697578763524173
0.4755603924171191
0.4764893020162855
0.47696703494667414
0.47548418999057757
0.47646951055111764
0.4769728602926844
0.4797303379898107
0.4773638342399531
0.4775549207608355
0.47622074033262185
0.47648547218831216
0.47652780327281236
0.4765390297343244
0.4765867749999601
0.47657392340265636
0.47808345956452425
0.47789417904852616
0.478049204156753
0.47692602752603347
0.4783254655143622
0.4784114255632169
0.4770098727951766
0.47846183375044876
0.4786397164915289
0.4782343791052444
0.4783005857222655
0.47887955996188647
0.478412631161678
0.4786806774399219
0.48048179867659235
0.48048179867659235
0.4790830117302274
0.47876311455534065
0.47783862678182143
0.47961706881774596
0.47761576409723716
0.4778144420997058
0.4793840825140896
0.47764154767961015
0.47823311981121736
0.4780605196394798
0.4795718182984006
0.478203871179355
0.47825533588461033
0.4781498551246022
0.4779557834733225
0.4783115899742742
0.47811546354289386
0.4781966692220378
0.47864701179633534
0.47973358930091015
0.47973358930091015
0.47973358930091015
0.4778706627040083
0.47663671978523564
0.4776458424029903
0.47534998340888185
0.47342891596092035
0.48160761667765467
0.4777813024510966
0.47609094775165156
0.476463566014184
0.4732684990595462
0.47667234520851626
0.4744409562337468
0.477075428499341
0.4767263659282102
0.4772280956915113
0.4762255878790086
0.4771928296668428
0.47909836389616295
0.47411909192293666
0.47741670745221104
0.47725269593804864
0.4776988936571259
0.47746829697960963
0.47406961354573385
0.4774637466580857
0.4774208253054704
0.4776012535240816
0.4776884822278163
0.4772962255660208
0.4776374447101406
0.4782364560547581
0.4777765502240364
0.48134201183701925
0.48134201183701925
0.48134201183701925
0.4737209188585478
0.48138026382237187
0.48138026382237187
0.4775997828415932
0.4780162025777442
0.47808202458925475
0.4780073866094355
0.48136476764716224
0.48136476764716224
0.48134411553470097
0.48136476764716224
0.48136476764716224
0.48136476764716224
0.477707695684604
0.4779205975458577
0.4813312749964086
0.4813312749964086
0.4781841833298974
0.4812907267440359
0.4812907267440359
0.4812907267440359
0.4812907267440359
0.4812907267440359
0.4812907267440359
0.4812907267440359
0.4776291462318221
0.47811086090100724
0.47789852735951105
0.4782247009683168
0.48123635584892527
0.48124744418275167
0.4812033908906437
0.4812033908906437
0.47825276234503594
0.4783769608402909
0.47481240047679324
0.4811163568651154
0.4782297628768507
0.4780825428697861
0.47822901874200135
0.48107412386050236
0.48106724196617234
0.47859702794890885
0.47849015633965203
0.4783725457224406
0.47830278707462504
0.47503334621366833
0.4750099094894927
0.47872994335419433
0.4786070300269589
0.4753324734661412
0.47880574331468995
0.47851963765472927
0.4785113371741506
0.47859765653114333
0.4758718025031313
0.4751008517330353
0.4753183918658593
0.4787249876207841
0.4753308082474026
0.47869876921292936
0.47486091868254565
0.47492665000932516
0.47885725679395924
0.47882905506892304
0.475660690438542
0.479043456129543
0.48144426022328674
0.47562424473627396
0.4753942796448779
0.479058458595727
0.47528038512803333
0.47698078852859016
0.479571804200368
0.4792220878666185
0.4792143913780494
0.4791798377629546
0.4754223627310976
0.4762866436566976
0.4815673469472226
0.4758062100594934
0.47554778633556294
0.4757199307137488
0.48084148172325686
0.4756544807997671
0.4758962713664398
0.4796161088465069
0.47599675220382465
0.48142112025025086
0.4814747172352551
0.47634604548341075
0.4763542485405075
0.4765671545648325
0.47645514079347856
0.4765947405866751
0.47666875235539535
0.4779089708589806
0.47833450953531553
0.47814772425582797
0.47881220882744546
0.47886775926778435
0.47973358930091015
0.47973358930091015
0.47973358930091015
0.47973358930091015
0.47973358930091015
0.47973358930091015
0.47973358930091015
0.47973358930091015
0.47973358930091015
0.47973358930091015
0.47973358930091015
0.47973358930091015
0.47973358930091015
0.47973358930091015
0.47973358930091015
0.47973358930091015
0.47973358930091015
0.47973358930091015
0.47973358930091015
0.47973358930091015
0.4755092812547732
0.47642612830342984
0.47688150634897203
0.47414001840652287
0.473868836484153
0.4830445111398199
0.47429911578420697
0.4771111150571546
0.4778513048198914
0.4747889560168528
0.4763880640057579
0.4756346728057139
0.477617736020454
0.4729036444546136
0.4784610089416986
0.47623174731982065
0.47308932087259314
0.47343603204029333
0.47509524819303145
0.4758537196814315
0.47571144625697326
0.47845847196564245
0.4788363113119602
0.4789351186407679
0.4743528298782146
0.4804484389496694
0.4781622759962133
0.47893971134557795
0.47747562716819963
0.47842465820213004
0.4825660585339119
0.4786961096649053
0.4786961096649053
0.4742089713981546
0.4795664496657846
0.4739833416789431
0.4739833416789431
0.47865495898927585
0.47895641549204165
0.482463654623518
0.47577283242714324
0.4790885982877111
0.4782369357011712
0.4787855163067673
0.4744817572023291
0.47647102979359146
0.47955769594700887
0.4788056221793779
0.4783876016446822
0.47924462769454895
0.47644193223486037
0.47979693276004204
0.47583277397375684
0.4792760679081731
0.47938282444857805
0.47826031351024784
0.47435318134917254
0.47582238752682965
0.4784571596427414
0.476984884260304
0.4794413253746343
0.4764736778867348
0.4745542932686485
0.47720902643636254
0.4745551925112681
0.4822763938051139
0.4791612636579989
0.4770433863101785
0.4794567606597981
0.47924840547714426
0.4769952566337834
0.4772348594578842
0.479972193801899
0.47966060868193705
0.47699156417262234
0.4750618633369259
0.4764234480422617
0.47783438877346807
0.47706703720504756
0.48086688961409546
0.4784967298742129
0.47738997610804484
0.4751629948995297
0.48085312626858845
0.4799451425229402
0.47736633296748043
0.475407220039339
0.4765906011234856
0.48030014812231775
0.4808824062517483
0.47588582423941295
0.47884274402668914
0.4768871403578162
0.47830299483531696
0.4782181415399758
0.4771960138025806
0.4776213151674618
0.47757039669540574
0.47924679783521296
0.47605002389430046
0.47829537315275783
0.4786633810409862
0.4779144812201151
0.47847176449849427
0.4781085590328123
0.48097631393810764
0.4777085129743737
0.47742241188980744
0.4779577791449695
0.4782034342309428
0.48172048554586694
0.4776561982866389
0.47814511854414904
0.4816555711095492
0.47865635238572357
0.4777676520957013
0.4798440464709448
0.4798638825032062
0.47798478353926466
0.4779218506200251
0.47886160629641406
0.4796256257167438
0.47831929832218295
0.47647625545314465
0.4780444715178909
0.47978388350724943
0.4793468809641517
0.4781859615715824
0.47874080066209446
0.47821169496390126
0.47881014580017994
0.4782659134675206
0.47886949616645613
0.4785183557035825
0.4788862081213576
0.47806688771265654
0.4812733308229067
0.4773592196259281
0.4791667627026786
0.4790458997728293
0.47997410824412384
0.47909623972633403
0.478953239638056
0.47906362606778197
0.47886413684666534
0.4785221217129199
0.4766054493690805
0.4812996115966891
0.47935597632126076
0.48004662871683357
0.4787323729279996
0.479044787242029
0.4780247591117055
0.47960350556398623
0.4793915844934311
0.47929049628644704
0.47712248239960264
0.48121330710179916
0.4796330980238149
0.4811406454468612
0.48098354568906193
0.4811016212002533
0.478698334894616
0.4798231588801821
0.4799290367971258
0.47889179458837694
0.47990304964881514
0.4791548228990546
0.4798813157012122
0.47929826327839514
0.47967417549117036
0.4790467509038284
0.4783607558128072
0.47904714215811933
0.4792592921991263
0.47901476277505417
0.4796686641762552
0.477477133574405
0.480257670858033
0.48005929290262345
0.48098381411216223
0.47936605752344685
0.47925852713655115
0.47971882867368126
0.47949015862308514
0.4783957190857673
0.4794207280225119
0.4774318482693565
0.4793890929216077
0.48106020497088126
0.48106377442662185
0.4810363787309345
0.4810363787309345
0.4810363787309345
0.4810363787309345
0.4795129928093937
0.4809995729493739
0.4809995729493739
0.4809995729493739
0.47940159139261573
0.48095971461313436
0.48095971461313436
0.48095971461313436
0.48095971461313436
0.48095971461313436
0.47961637979295224
0.4809191948753893
0.48086878650923787
0.48087903591479275
0.48087903591479275
0.48087903591479275
0.48087903591479275
0.4808397041375334
0.4808014012351331
0.48072143827669495
0.4778943934859625
0.48057974910408674
0.4810247930951274
0.4797272862419485
0.4797690299443983
0.48028993481633386
0.48041455979264036
0.47973358930091015
