2.17755126953125
0.6164971590042114
2.94035267829895
4.522202968597412
6.529548168182373
3.7729172706604004
2.9069130420684814
2.903808116912842
-2.6002748012542725
-0.41471201181411743
1.1150728464126587
3.1801278591156006
3.209012031555176
2.7335221767425537
2.6138556003570557
2.362990140914917
0.8850727677345276
0.3730399012565613
-0.0630108118057251
1.033121943473816
1.1246792078018188
1.5096044540405273
3.0747101306915283
1.698160171508789
0.940887987613678
3.414186954498291
1.7626432180404663
1.6709260940551758
3.4353132247924805
2.9760420322418213
1.200490951538086
1.9490262269973755
2.621300220489502
1.5883057117462158
2.049025058746338
3.466811418533325
3.137490749359131
-1.0957777500152588
0.48810434341430664
0.6238489151000977
1.3002142906188965
4.972886085510254
0.2740553021430969
4.800092697143555
0.014175520278513432
0.1245051771402359
-0.5921845436096191
1.8210036754608154
0.9821175336837769
2.9559485912323
1.1905839443206787
-1.1686352491378784
-0.2353372722864151
-0.3139888644218445
0.5571130514144897
-0.2794143855571747
1.4296785593032837
0.1785048097372055
0.39015254378318787
-1.376502275466919
-0.8584441542625427
0.2960009276866913
-1.3802070617675781
-0.9319033622741699
0.6326645612716675
0.6186431646347046
0.86850506067276
-0.10492286831140518
1.1799848079681396
2.974421739578247
0.47330498695373535
0.09125816076993942
-0.5284919142723083
-0.5636804699897766
0.5209164023399353
-0.7696551084518433
-0.02923303283751011
0.45838990807533264
-0.16604560613632202
0.017045145854353905
-0.14535629749298096
-1.1144741773605347
0.8178585767745972
0.37093672156333923
3.2490038871765137
0.7866566777229309
0.33021941781044006
1.6489626169204712
-0.719412088394165
-0.1638071984052658
1.7227684259414673
0.9863887429237366
1.2345731258392334
-0.023748138919472694
-0.8506894111633301
-1.0435738563537598
-0.9486781358718872
1.2797240018844604
-0.39878299832344055
0.7688373327255249
-1.7716094255447388
2.811636209487915
1.6986440420150757
0.44727402925491333
1.03412663936615
1.6599441766738892
-0.03308873251080513
1.0276710987091064
1.1275273561477661
-0.331439733505249
0.038583919405937195
-0.2603514790534973
2.2720754146575928
0.1788976490497589
1.154714822769165
-1.6104540824890137
1.5506819486618042
-0.44248825311660767
-0.47260206937789917
-0.09391001611948013
-0.09675877541303635
0.3034724295139313
-1.0198769569396973
-0.4890255928039551
-1.2110841274261475
-0.7874192595481873
0.07558001577854156
2.9827704429626465
-0.7887427806854248
1.3711014986038208
-0.057385172694921494
-0.8304393291473389
0.9427658915519714
0.3487301170825958
1.41653311252594
-0.9089348316192627
-0.47956234216690063
0.18533995747566223
-0.9690201878547668
-0.8229377865791321
-1.0651723146438599
-0.6533395051956177
-0.10222674161195755
-0.06327852606773376
0.9317910671234131
-1.2201155424118042
1.6649960279464722
-1.2173901796340942
-1.1039762496948242
-0.8501024842262268
-1.062106728553772
0.15912191569805145
-0.01812415011227131
-1.3306584358215332
-0.39228764176368713
-2.2288742065429688
-2.6675808429718018
-0.6795777082443237
0.17397965490818024
-0.9394774436950684
0.6971237063407898
-0.018031392246484756
-1.2324016094207764
-0.3318103551864624
1.1579480171203613
-0.185532346367836
1.0127116441726685
-1.331511378288269
1.6135536432266235
-0.32724517583847046
-1.062454104423523
-0.3269621729850769
-1.099625825881958
-0.8203188180923462
-1.9407802820205688
-1.4290106296539307
-1.8933515548706055
-1.0485745668411255
-2.388827323913574
-1.6661629676818848
4.897826671600342
2.9974794387817383
1.312096357345581
1.680416464805603
1.745881199836731
2.104532241821289
2.102827787399292
1.7780225276947021
0.6701762676239014
0.7590537667274475
3.8119053840637207
0.772784411907196
-0.24004335701465607
-0.6717972159385681
-1.903200387954712
1.2869313955307007
-1.2775790691375732
-3.0871307849884033
-2.4833192825317383
-1.477824330329895
1.2241109609603882
0.7158209681510925
-1.3908698558807373
0.579883873462677
-0.7623512744903564
0.23589512705802917
-1.1825768947601318
0.43791958689689636
-0.46567055583000183
0.6861061453819275
-0.3456650376319885
-0.9930170774459839
0.22000309824943542
1.0154386758804321
-0.8796827793121338
0.9787466526031494
1.7841482162475586
0.4180719554424286
-0.6253966093063354
-1.0176684856414795
0.2718470096588135
0.8878892660140991
0.8512589335441589
0.21775154769420624
-1.2497483491897583
0.24035044014453888
0.24035044014453888
-0.7040975093841553
1.1136841773986816
-1.259236454963684
1.1075478792190552
-0.5492358803749084
-0.24142293632030487
-0.059013817459344864
-0.6868115067481995
-1.0096632242202759
-0.3552963137626648
-0.7279216051101685
-0.40776705741882324
-0.7153543829917908
0.14199291169643402
0.45522192120552063
-1.4676593542099
0.21658669412136078
-0.6516804099082947
-1.6695785522460938
-0.45079413056373596
-0.6101084351539612
-0.10399381071329117
0.1865970641374588
0.3934098184108734
0.37206530570983887
-1.3327624797821045
-1.5282690525054932
-1.356532335281372
-0.3263111114501953
-0.43076881766319275
-0.2268040031194687
-0.8168949484825134
-1.8562169075012207
-0.6611246466636658
-2.046966552734375
-0.9809392094612122
-0.12404800951480865
-1.4939019680023193
-2.627553939819336
-1.5257664918899536
-2.865818977355957
-1.4194706678390503
-2.8033103942871094
-2.605430841445923
0.43941614031791687
-1.8690612316131592
-0.23979228734970093
-0.6727780699729919
-0.23505893349647522
-0.9063950777053833
-2.169595956802368
-1.2938456535339355
-1.797175407409668
-1.7939670085906982
-2.0715694427490234
-1.5660343170166016
-1.9256213903427124
0.20840215682983398
-1.941820740699768
-1.2831404209136963
-0.015073629096150398
-0.28457343578338623
-0.7695292830467224
-1.540442943572998
-2.363097906112671
-2.0885608196258545
-1.9112167358398438
-0.28398191928863525
0.2889198958873749
-1.2191239595413208
-0.671663761138916
-0.31959226727485657
-1.8474069833755493
-1.175402283668518
1.6203809976577759
-0.8049119710922241
-2.3535690307617188
-1.5907442569732666
-2.4364004135131836
-1.4672974348068237
0.5744837522506714
-1.6535053253173828
-1.6661629676818848
-1.6661629676818848
3.16733717918396
2.6581649780273438
3.3162786960601807
3.348320722579956
1.303855299949646
1.919166922569275
3.338787078857422
3.338787078857422
-0.7856351733207703
1.1771466732025146
2.7908523082733154
0.6427904367446899
1.0718543529510498
-0.3686472475528717
-0.22853030264377594
0.1819106936454773
0.4478832185268402
0.5436729788780212
0.3307476341724396
0.1764031946659088
-1.4026848077774048
0.08717334270477295
-0.4585517644882202
0.6213501691818237
-1.166222095489502
-1.113085389137268
-1.6748285293579102
-0.023515397682785988
-0.20508690178394318
0.3142942488193512
0.5992641448974609
1.872444987297058
0.7998746037483215
-1.0250940322875977
1.3071317672729492
-0.552228569984436
-1.2230395078659058
-0.6526024341583252
0.5205073952674866
1.359963059425354
0.8196505904197693
-0.8318633437156677
-1.0759838819503784
-2.532759428024292
1.6876367330551147
-2.4640660285949707
1.7654595375061035
-2.1846678256988525
-1.848178744316101
-1.519330620765686
-0.7684650421142578
-2.1969494819641113
-1.8787788152694702
-1.3368338346481323
-2.5104329586029053
-3.792121171951294
-0.9552615880966187
-1.8391667604446411
-1.4027059078216553
-1.0777884721755981
-1.3291915655136108
-2.555509090423584
-2.8116252422332764
-2.29409122467041
-1.8721874952316284
-2.8224127292633057
1.3986728191375732
-2.0475659370422363
-2.7238929271698
-1.718388319015503
-0.1930198222398758
-2.274695634841919
-1.7859373092651367
-1.6580772399902344
-1.973266839981079
-1.8525501489639282
-0.5239923596382141
-0.5239923596382141
-2.190608263015747
-2.0564992427825928
-2.833650588989258
-0.8638706803321838
-2.970221519470215
-2.6098175048828125
-2.808820962905884
-2.303168773651123
1.2651969194412231
-2.574866771697998
-0.28555577993392944
-1.9224566221237183
-1.4335836172103882
-2.1970999240875244
-2.430495262145996
-1.6108583211898804
2.280845880508423
-2.5164906978607178
-2.3128767013549805
-0.3639447093009949
-1.363051414489746
1.150833249092102
-1.5282081365585327
-0.6854233741760254
-0.8769626021385193
0.05141318961977959
-2.2885308265686035
-1.4599359035491943
-2.364884614944458
-2.107722282409668
-2.6366114616394043
-0.7659304141998291
-2.4716081619262695
-0.48854222893714905
-1.1043401956558228
-0.7988499402999878
-2.9210546016693115
-2.5843045711517334
-0.6468167901039124
-1.361269235610962
-2.7296321392059326
-1.3709299564361572
-2.150932550430298
-0.5019153356552124
-1.674720287322998
-2.888906478881836
-1.1025625467300415
-0.8308257460594177
-1.5321654081344604
-0.8018752932548523
-1.4939968585968018
-1.0104570388793945
-0.6739437580108643
-1.3260729312896729
-0.9423414468765259
-1.9172234535217285
-1.4703083038330078
-0.9473645687103271
-1.5648120641708374
-1.0052523612976074
-0.5603413581848145
-1.9562170505523682
-1.228533387184143
-1.4939416646957397
-2.187565565109253
-1.620169997215271
-1.798884391784668
-1.798884391784668
-0.8457163572311401
-2.1040844917297363
-1.9841747283935547
-2.6888813972473145
-2.0166049003601074
-1.8996977806091309
-1.4340687990188599
-1.1102756261825562
-1.398730993270874
-1.2292098999023438
-1.6964975595474243
-0.5602872371673584
-0.5602872371673584
-0.040194880217313766
-1.8799031972885132
-1.6591856479644775
-1.576123595237732
-2.49446702003479
-1.7932279109954834
-1.893227458000183
-1.792662501335144
-1.9792931079864502
-1.549890398979187
-1.549890398979187
-1.5171455144882202
-1.5760375261306763
-1.5760375261306763
-1.647128701210022
-1.6883541345596313
-1.5760375261306763
-1.9041904211044312
-1.5703169107437134
-1.5703169107437134
-1.4651201963424683
0.30111414194107056
-1.208058476448059
-1.208058476448059
-1.208058476448059
-1.6661629676818848
-1.6661629676818848
-1.6661629676818848
-1.6661629676818848
-1.6661629676818848
-1.6661629676818848
-1.6661629676818848
-1.6661629676818848
-1.6661629676818848
-1.6661629676818848
-1.6661629676818848
-1.6661629676818848
-1.6661629676818848
-1.6661629676818848
-1.6661629676818848
-1.6661629676818848
-1.6661629676818848
-1.6661629676818848
-1.6661629676818848
-1.6661629676818848
-1.6661629676818848
5.620627403259277
3.0902020931243896
2.547886371612549
1.0605130195617676
2.7277660369873047
2.7277660369873047
5.973176002502441
4.835322856903076
3.4752249717712402
3.4752249717712402
1.6468654870986938
2.44112491607666
3.6406548023223877
2.469040870666504
2.66485595703125
1.1765323877334595
2.7638003826141357
0.33656981587409973
2.8990206718444824
2.814011335372925
1.7076035737991333
-0.16621540486812592
1.087424397468567
0.2041579633951187
-0.42113617062568665
3.0769317150115967
1.8404860496520996
2.4246551990509033
1.183420181274414
0.601730227470398
1.609100580215454
0.6619341373443604
0.14353545010089874
0.8894038200378418
3.2351837158203125
2.471187114715576
2.552856683731079
1.2325245141983032
1.602773904800415
1.8388292789459229
3.6344761848449707
1.2842541933059692
2.208005905151367
1.162545919418335
1.2758733034133911
0.49757954478263855
-0.008664729073643684
1.0284898281097412
-0.42083579301834106
0.5178293585777283
0.7264503240585327
-0.7625784873962402
0.5018699765205383
-0.8206764459609985
-0.6871138215065002
-1.2752162218093872
-1.598731517791748
2.3043150901794434
-0.5510194897651672
1.4248738288879395
-0.10410496592521667
-2.173659086227417
-0.18129391968250275
-0.9125461578369141
1.0857411623001099
1.104129672050476
-0.03613004460930824
1.186790943145752
-1.3613415956497192
0.09348080307245255
0.2407510131597519
-1.5593987703323364
-1.518975853919983
-0.36115944385528564
-1.3703616857528687
-1.3651063442230225
0.2250414788722992
0.061096128076314926
0.7698197364807129
-1.4224058389663696
0.3344268500804901
-0.8535375595092773
-1.791312575340271
0.3746211528778076
-0.3563147187232971
-1.2104038000106812
0.2699028253555298
-1.4417636394500732
-1.1940075159072876
-1.112327218055725
-0.5438852906227112
-1.6645323038101196
-0.8622808456420898
-3.172545909881592
-2.6270604133605957
-2.7307963371276855
0.4361966848373413
-1.1554194688796997
1.448356032371521
1.448356032371521
-1.4881865978240967
-0.001946621690876782
-0.001946621690876782
-0.001946621690876782
-0.7529309988021851
-0.7529309988021851
-0.7529309988021851
-0.7529309988021851
-0.09129475057125092
-0.36813730001449585
-1.6260322332382202
-2.0882487297058105
-1.6616716384887695
0.08448028564453125
-0.06626729667186737
-1.011864185333252
-1.7549090385437012
1.3221189975738525
-1.464463472366333
-0.3821665346622467
-0.46456268429756165
-1.0732249021530151
-0.4829951524734497
-0.677071213722229
-1.9433902502059937
-1.2480539083480835
-0.318866491317749
-0.9740621447563171
-1.3952821493148804
-1.1645582914352417
-1.8080031871795654
-1.8080031871795654
-1.8364886045455933
-0.744784414768219
-1.9178956747055054
-1.442178726196289
-1.1379296779632568
-1.422066330909729
-1.208058476448059
-1.6661629676818848
-1.6661629676818848
-1.6661629676818848
-1.6661629676818848
-1.6661629676818848
-1.6661629676818848
2.0644593238830566
1.85622239112854
1.0004879236221313
2.2563047409057617
1.4099645614624023
-2.048339605331421
0.6279972791671753
1.5045166015625
1.7604174613952637
0.5862647891044617
-1.3788518905639648
-1.7752478122711182
-1.3858137130737305
-0.1360127031803131
-1.639449119567871
1.6650357246398926
1.3046188354492188
-0.1278761327266693
-0.14739792048931122
0.8743599057197571
0.7445224523544312
0.7875580787658691
-2.3083784580230713
1.232417106628418
1.3485932350158691
0.5902491211891174
0.5902491211891174
-0.11399530619382858
-1.3265231847763062
0.3141329884529114
0.5717282891273499
0.23165784776210785
-1.4288126230239868
-1.4288126230239868
-0.3540460467338562
0.6483384966850281
-0.29454857110977173
0.595526933670044
0.595526933670044
0.595526933670044
0.595526933670044
0.595526933670044
0.6549309492111206
0.4830465018749237
-0.363351970911026
-0.47679194808006287
-0.26677316427230835
-0.26677316427230835
-1.291654109954834
0.6376366019248962
-0.5734449625015259
-0.3096866011619568
0.43976980447769165
-0.8657411932945251
-0.8657411932945251
-2.4365015029907227
2.0391550064086914
-1.2977954149246216
0.5502704381942749
-0.5473954081535339
-0.91972815990448
-0.13826866447925568
-0.3173089325428009
-0.6533148288726807
-0.5172372460365295
-0.7015138268470764
0.5528486371040344
-0.4480751156806946
-0.25577837228775024
-1.9030102491378784
-1.117280125617981
-1.1427637338638306
-1.1032482385635376
1.8863426446914673
-1.3118592500686646
-0.8029913306236267
2.831423044204712
-1.194101095199585
-1.8325053453445435
-1.0407848358154297
-0.6911060810089111
-2.459465503692627
-1.594825029373169
-0.6593376398086548
-1.2811177968978882
-1.0167022943496704
-1.6584560871124268
-2.127772808074951
-0.5820966362953186
-1.2153733968734741
-2.228283405303955
-2.2416067123413086
-1.423181414604187
-2.3654816150665283
-0.014726828783750534
-2.7482125759124756
-2.862180233001709
-2.270918369293213
-2.5110323429107666
-1.347093939781189
-2.845656156539917
-0.31037139892578125
-1.4826682806015015
-1.9970440864562988
-2.0269408226013184
-2.1616768836975098
-1.9940375089645386
-1.9277633428573608
-1.8048808574676514
-1.677720308303833
-1.0992822647094727
-1.3957499265670776
-1.5622992515563965
-0.027449239045381546
-0.18562936782836914
-2.2535736560821533
-1.768772006034851
-1.479990839958191
-2.2067713737487793
-0.29678604006767273
-1.0436160564422607
0.3409457504749298
-1.4383262395858765
-1.3517743349075317
-2.3719000816345215
-1.116269588470459
-0.5866492390632629
-1.3846107721328735
-2.0975890159606934
-1.9375226497650146
-2.2469072341918945
-0.7948450446128845
-0.20600728690624237
-1.81183922290802
-1.9046880006790161
-1.0754103660583496
-1.1174750328063965
-1.5436444282531738
-1.443381428718567
-2.1331446170806885
-0.7018840909004211
-1.9092222452163696
-2.080636978149414
-0.9213002324104309
-1.690415382385254
-1.9763835668563843
-1.2352685928344727
-1.825913429260254
-0.8669148087501526
-1.4005390405654907
-2.772806406021118
-2.2563774585723877
-2.9911792278289795
-1.7094643115997314
-1.7320889234542847
-1.1915661096572876
-2.6154279708862305
-2.6154279708862305
-1.830169677734375
-2.716839551925659
-1.745443344116211
-1.872757077217102
-1.5897310972213745
0.2591516971588135
-1.6661629676818848
-1.6661629676818848
-1.6661629676818848
-1.6661629676818848
-1.6661629676818848
-1.6661629676818848
-1.6661629676818848
-1.6661629676818848
0.16598543524742126
2.8499205112457275
2.124692916870117
0.8445658683776855
3.474818706512451
1.7823686599731445
1.9483306407928467
-0.38151201605796814
2.060655355453491
2.130307912826538
0.6516139507293701
1.1396008729934692
0.07085676491260529
1.0833684206008911
0.9927507638931274
1.0010392665863037
1.9034043550491333
1.204012155532837
2.6236987113952637
1.2030514478683472
1.0041875839233398
2.164234161376953
0.751579761505127
0.10126455873250961
0.6729909777641296
-0.9315168857574463
1.2465108633041382
0.9811301827430725
2.05846905708313
-0.14774243533611298
0.6821491718292236
-0.861361026763916
0.7005204558372498
0.9710397124290466
0.34359419345855713
0.9047443270683289
0.13523328304290771
0.19224397838115692
1.22602379322052
0.45343276858329773
-0.6493849754333496
-0.3371449410915375
-0.28584957122802734
-1.1487129926681519
-0.23997099697589874
1.6422061920166016
-0.7107306122779846
0.8394370079040527
-0.03168144449591637
1.4847602844238281
-0.14570026099681854
-0.14570026099681854
0.0829559788107872
2.0208756923675537
0.6101363301277161
0.4484248757362366
1.322959542274475
1.7675015926361084
0.4470246732234955
1.4894726276397705
1.517287254333496
1.9589465856552124
0.6941548585891724
1.9434738159179688
-1.1689002513885498
0.14673590660095215
0.09246829152107239
2.030848741531372
1.0729390382766724
-0.5070016980171204
2.0265138149261475
2.6056692600250244
0.9251094460487366
-0.5434038639068604
-0.20220009982585907
-0.2109217494726181
1.1884304285049438
1.3735253810882568
-0.1021585464477539
-1.164385437965393
1.0682828426361084
0.29991286993026733
0.3292425274848938
0.6450967788696289
0.7008807063102722
-1.4463661909103394
-0.08908580988645554
0.7175191044807434
0.06989714503288269
1.2006725072860718
0.2904280424118042
0.44248467683792114
0.3033933937549591
0.28068092465400696
0.3657500147819519
-0.63694828748703
-0.5668941736221313
-1.5983425378799438
1.7524863481521606
-0.35156330466270447
0.22060780227184296
-0.30176201462745667
1.7162057161331177
-0.4437347948551178
0.9533346891403198
1.152816891670227
0.18661336600780487
0.7589815258979797
-0.6752075552940369
-1.0747535228729248
0.1354590207338333
-0.30858731269836426
-1.749074935913086
-1.263443946838379
-0.4768258333206177
0.40240705013275146
-2.1586759090423584
-0.49518847465515137
2.5773544311523438
-2.3456687927246094
0.8851957321166992
-1.1537482738494873
1.6528370380401611
-1.1807451248168945
-0.2755488157272339
-2.0269994735717773
0.5633690357208252
0.17621120810508728
-0.14956171810626984
-2.483299493789673
-0.1310204714536667
0.04161660745739937
-0.7603958249092102
1.5619412660598755
-1.8263814449310303
-0.4664565622806549
-2.270709276199341
0.22062215209007263
-1.7299209833145142
-0.3684128224849701
2.1502227783203125
-0.5391700863838196
0.40578693151474
-1.2715336084365845
-0.41321852803230286
-0.3500376045703888
0.6583235859870911
1.6151663064956665
-0.3152690529823303
0.4870220720767975
0.5172293186187744
-1.895286202430725
1.4449167251586914
-0.19353628158569336
1.0998057126998901
-1.0179774761199951
-1.8239221572875977
0.472689688205719
1.4030821323394775
-0.6928141117095947
2.234311103820801
0.8745552897453308
-2.0488712787628174
-1.1449394226074219
1.1240143775939941
0.22056929767131805
-0.04504260793328285
-0.6448834538459778
-0.8453243374824524
0.6195470094680786
0.79387366771698
0.3924437165260315
-2.569469451904297
-2.7893154621124268
0.07767899334430695
-1.0795316696166992
0.35920292139053345
-0.4487971067428589
-1.2199870347976685
0.2165430188179016
1.3619345426559448
-2.500591516494751
-1.037628412246704
-0.41941410303115845
-1.1818392276763916
-1.6305550336837769
1.0153729915618896
-1.8901033401489258
-0.13681118190288544
-0.8019219636917114
-0.32783594727516174
-0.01829969696700573
-0.21395453810691833
-2.2443580627441406
0.6547530889511108
-1.7439690828323364
-2.090251922607422
-2.0919382572174072
-1.8171178102493286
-0.9313932061195374
-2.8070485591888428
-1.5679001808166504
0.5375124216079712
-0.6038188934326172
-1.5150543451309204
-2.5783371925354004
-0.16829943656921387
-1.0755378007888794
-2.472133159637451
0.14937996864318848
-1.519054651260376
-2.6612701416015625
-0.7941456437110901
1.0084737539291382
-1.5318889617919922
-0.4069363474845886
0.6291500926017761
-0.6930927634239197
-1.0158812999725342
-0.3488045036792755
0.24765503406524658
-0.7783384323120117
-2.4537439346313477
0.23825101554393768
-0.7469499111175537
0.36895182728767395
-0.309519499540329
-2.756124496459961
-2.7132010459899902
-2.7151060104370117
-2.4771382808685303
-1.8193780183792114
-1.8015486001968384
-2.7186496257781982
-2.030118465423584
-2.6021182537078857
-1.7820168733596802
-2.1731722354888916
-2.138728141784668
-2.09432053565979
-2.2195658683776855
-2.1695799827575684
-1.6661629676818848
-1.6661629676818848
-1.6661629676818848
-1.6661629676818848
-1.6661629676818848
-1.6661629676818848
-1.6661629676818848
-1.6661629676818848
-1.6661629676818848
-1.6661629676818848
-1.6661629676818848
-1.6661629676818848
-1.6661629676818848
-1.6661629676818848
-1.6661629676818848
-1.6661629676818848
-1.6661629676818848
-1.6661629676818848
-1.6661629676818848
-1.6661629676818848
-0.9561504125595093
1.758103370666504
1.2993718385696411
4.963592052459717
3.2933554649353027
3.395892381668091
2.9230382442474365
3.590080976486206
2.831951141357422
0.6260696053504944
1.983423113822937
1.3994985818862915
1.0873931646347046
3.2825958728790283
2.6112611293792725
1.8072489500045776
1.4960883855819702
1.6727203130722046
-8.659417508170009E-4
1.1634159088134766
2.5871832370758057
1.8081228733062744
3.1391594409942627
1.9646903276443481
0.8305460214614868
0.3774881362915039
1.690911054611206
2.0017659664154053
-0.09749691933393478
1.9349408149719238
3.898973226547241
1.1490163803100586
1.374304175376892
1.1313480138778687
1.592693567276001
0.5572783946990967
-0.23772770166397095
1.9868210554122925
-0.27084922790527344
1.157753825187683
0.9867196083068848
0.4146025478839874
0.6682504415512085
1.0031229257583618
0.40362349152565
0.44842734932899475
1.9198929071426392
1.3964998722076416
0.1955643743276596
3.4647884368896484
2.6793124675750732
1.9147453308105469
1.5422106981277466
0.5933361649513245
2.115478038787842
-0.7483463883399963
1.8854074478149414
2.1604156494140625
0.629592776298523
0.23162676393985748
0.5334003567695618
0.3965103328227997
3.474191665649414
-0.7882716655731201
2.257204532623291
0.7322054505348206
-0.14146369695663452
0.8910874724388123
-0.934147298336029
1.7175912857055664
0.06559478491544724
-0.6691074371337891
-0.5149737000465393
-0.5293321013450623
0.27525070309638977
0.351869136095047
-0.22563959658145905
0.981680691242218
2.702317714691162
0.623435914516449
0.8431035876274109
0.5443643927574158
0.016547519713640213
-1.743368148803711
1.2902952432632446
-1.223362684249878
-0.2089119553565979
-0.3460157811641693
1.175987958908081
0.4412217140197754
-1.0407781600952148
-0.12462836503982544
-0.3548974394798279
-0.5544114112854004
-1.305837869644165
-0.49500420689582825
0.4126400053501129
-0.39772263169288635
-0.4202728569507599
0.979167640209198
-0.16741041839122772
-2.7345073223114014
0.4831727147102356
0.3290907144546509
-1.293260931968689
-1.6661629676818848
-1.6661629676818848
-1.6661629676818848
-1.6661629676818848
1.1041172742843628
0.43491262197494507
0.43491262197494507
0.43491262197494507
0.43491262197494507
0.43491262197494507
0.6583749651908875
3.605919122695923
-0.19541744887828827
-0.19541744887828827
-2.6632509231567383
0.9057244658470154
1.5043566226959229
2.5397791862487793
1.4243711233139038
-1.3659279346466064
0.15732412040233612
-0.9106577634811401
-1.0663117170333862
0.045708924531936646
2.4649100303649902
1.2454931735992432
-0.9603016376495361
-0.9253326058387756
-0.1822202205657959
3.7256317138671875
3.909736394882202
-0.6016429662704468
-1.6459159851074219
0.5023342370986938
-0.8886865377426147
1.1037534475326538
-0.11958368122577667
0.042421624064445496
-0.5624706149101257
0.8964484333992004
0.3214546740055084
-0.8945193290710449
-0.1008521020412445
-0.42557504773139954
-0.5107911825180054
-2.4956917762756348
-2.1416900157928467
-0.690455436706543
-1.2108591794967651
-1.9427728652954102
-1.9937750101089478
-1.6918624639511108
-1.9061886072158813
0.10754337161779404
0.029331130906939507
0.5045813322067261
-1.165723443031311
0.40241098403930664
-0.7640228867530823
-2.0640389919281006
-0.17864950001239777
-0.6820207238197327
-0.5590487122535706
-0.3352000117301941
-1.2681589126586914
0.7389181852340698
-0.5223793983459473
-0.8895823359489441
-0.6852266788482666
-0.9793068766593933
-2.9831016063690186
0.22993983328342438
-0.5139008164405823
0.25827422738075256
-0.07066754251718521
-0.8559274077415466
-1.1417826414108276
-0.8777825236320496
-1.4817771911621094
-0.6051411032676697
-1.034531593322754
-1.4695905447006226
-0.8442820906639099
-1.3388868570327759
-1.486514925956726
-0.5682819485664368
-0.8931772112846375
-1.0911450386047363
-1.435929775238037
-1.8285645246505737
-1.473381757736206
-1.6292831897735596
-1.6368353366851807
-1.7723462581634521
-1.6072137355804443
-1.93044912815094
-1.2647554874420166
-1.2801249027252197
-1.6049748659133911
-1.5478615760803223
-1.4370452165603638
-1.6722153425216675
-0.9809221625328064
-1.2933218479156494
-1.3474786281585693
-1.410956621170044
-1.2342501878738403
-1.111674189567566
-1.712790846824646
-1.477003574371338
-1.7779169082641602
-1.7779169082641602
-1.8554229736328125
-1.6006115674972534
-2.0374133586883545
-1.45048189163208
-1.782556414604187
-2.024468183517456
-1.6677852869033813
-1.1304526329040527
-1.7424808740615845
-1.778253197669983
-1.6835097074508667
-1.2895426750183105
-0.4232141077518463
-1.5328524112701416
-0.7239262461662292
-1.826668620109558
-1.530148983001709
-1.530148983001709
-1.530148983001709
-1.530148983001709
-1.2730872631072998
-1.4651201963424683
-1.208058476448059
-1.6661629676818848
-1.6661629676818848
-1.6661629676818848
-1.6661629676818848
-1.6661629676818848
-1.6661629676818848
-1.6661629676818848
-1.6661629676818848
-1.6661629676818848
-1.6661629676818848
-1.6661629676818848
-1.6661629676818848
-1.6661629676818848
-1.6661629676818848
-1.6661629676818848
-1.208058476448059
-1.208058476448059
-1.208058476448059
-1.208058476448059
-1.208058476448059
-1.208058476448059
-1.208058476448059
-1.208058476448059
-1.208058476448059
-1.208058476448059
-1.208058476448059
-1.208058476448059
-1.208058476448059
-1.208058476448059
-1.208058476448059
-1.208058476448059
-1.208058476448059
-1.208058476448059
-1.208058476448059
-1.208058476448059
-1.208058476448059
2.2359366416931152
2.7765653133392334
2.4545738697052
0.7867046594619751
0.9910937547683716
-2.324537754058838
1.2974928617477417
-0.3739979863166809
1.722535252571106
0.8748398423194885
1.3590174913406372
0.23446224629878998
2.463740348815918
0.5519523620605469
1.5789343118667603
0.40419942140579224
0.6738730072975159
-0.6443720459938049
-0.32637473940849304
-0.19251680374145508
4.035730838775635
-0.8039565682411194
0.942150354385376
-0.7926579713821411
0.8495073914527893
0.052498966455459595
-1.0387836694717407
-0.22681765258312225
-2.364056348800659
-2.8810536861419678
0.6419642567634583
-3.6090941429138184
-3.5546798706054688
-2.876161813735962
-0.3283103108406067
-0.15744657814502716
0.0036194303538650274
-1.029350757598877
-0.482276976108551
0.8301859498023987
-0.7541409134864807
-1.8829143047332764
-0.9567753672599792
-1.6463384628295898
-1.6062662601470947
-1.519506812095642
-1.8413574695587158
-1.4945695400238037
-0.37657293677330017
0.38655805587768555
-1.7844620943069458
0.17894499003887177
-0.6490132212638855
-2.9852607250213623
-0.4627660810947418
-0.7464627623558044
1.0553314685821533
-0.785980224609375
-0.08530393987894058
-0.6952401399612427
-0.5647276043891907
-0.678085446357727
-1.8271857500076294
-2.401815176010132
-0.513222873210907
-0.9303653836250305
-2.7198104858398438
-1.2821335792541504
-1.9269002676010132
-0.8210893273353577
-1.6306464672088623
-1.5159963369369507
-1.5159963369369507
-1.831801176071167
-1.4682364463806152
-1.6195424795150757
-1.5351225137710571
-1.3427082300186157
-1.9240593910217285
-0.12618938088417053
-1.5596060752868652
-0.29905685782432556
-1.5263158082962036
-1.7565973997116089
-1.3304544687271118
-2.0162506103515625
-2.143500804901123
-0.6794523000717163
-1.2066340446472168
-1.6714515686035156
-1.1613396406173706
-1.7469710111618042
-1.3232027292251587
-1.362472653388977
-0.9658071398735046
-0.5118589997291565
-1.5636440515518188
-1.7261298894882202
-2.4517223834991455
-1.207352876663208
-1.4171602725982666
1.1178561449050903
-2.4382636547088623
-3.0057291984558105
-2.5320749282836914
-2.5897371768951416
-2.5594122409820557
-2.6206815242767334
-1.681293249130249
-2.6229407787323
-2.003153085708618
-1.8240718841552734
-2.119476795196533
-1.8421134948730469
-1.8421134948730469
-1.841351866722107
-1.7357089519500732
-1.612212061882019
-0.8337239623069763
-1.178023099899292
-2.3118624687194824
-1.55324387550354
-2.315760374069214
-2.347172260284424
-0.6785277128219604
0.3064420819282532
-1.6661629676818848
-1.6661629676818848
-1.6661629676818848
-1.6661629676818848
-1.6661629676818848
-1.6661629676818848
-1.6661629676818848
-1.6661629676818848
-1.6661629676818848
-1.6661629676818848
-1.6661629676818848
-1.6661629676818848
-1.6661629676818848
-1.6661629676818848
-1.6661629676818848
-1.6661629676818848
-1.6661629676818848
-1.6661629676818848
-1.6661629676818848
-1.6661629676818848
-1.6661629676818848
-1.6661629676818848
-1.6661629676818848
-1.6661629676818848
-1.6661629676818848
-1.6661629676818848
-1.6661629676818848
-1.6661629676818848
-1.6661629676818848
-1.6661629676818848
-1.6661629676818848
-1.6661629676818848
-1.6661629676818848
-0.4400918781757355
-0.29728370904922485
2.1271073818206787
1.3173362016677856
-4.156106472015381
0.34677305817604065
0.5146191120147705
0.7114922404289246
1.093161702156067
1.4188072681427002
-0.7722581624984741
0.6399651765823364
1.187703251838684
-0.9259646534919739
-0.577729344367981
-1.1704097986221313
-3.566718816757202
0.5191308259963989
-1.9301230907440186
-2.044898271560669
-2.3666272163391113
1.4505616426467896
-2.7048020362854004
0.1310381144285202
0.16234858334064484
-1.9223827123641968
-4.673238754272461
-2.0379016399383545
-0.9017661213874817
0.11377829313278198
0.38360804319381714
-0.5025782585144043
-0.4610597491264343
-0.6459581851959229
-0.4495562016963959
0.908109724521637
0.5342891216278076
1.7050126791000366
0.3396981358528137
-0.34988945722579956
-3.0666232109069824
-0.06493232399225235
2.6288022994995117
-0.49194973707199097
0.7780255079269409
-0.7119739651679993
-0.9920474290847778
-0.5552868843078613
-0.5552868843078613
-0.5552868843078613
-0.35533851385116577
-0.8881990313529968
-1.2679585218429565
-0.12180371582508087
-1.1569963693618774
-0.7419620752334595
0.24852177500724792
0.08150843530893326
0.8198637366294861
0.17055489122867584
-1.6969702243804932
-0.6854567527770996
0.4946005642414093
-0.6631230711936951
-1.7007746696472168
0.08197975903749466
-1.50862717628479
0.4016590416431427
-1.551059603691101
-1.046502947807312
-3.854168653488159
-1.1068644523620605
-0.21529555320739746
-1.2446608543395996
-0.12338598817586899
-2.2247421741485596
-0.4460466504096985
-2.3276724815368652
-2.3436639308929443
-2.231050729751587
-1.3898314237594604
-3.2787766456604004
-2.0275819301605225
-2.1397159099578857
-1.8079068660736084
-1.7428603172302246
-1.8355847597122192
-1.5684372186660767
-1.5527403354644775
-1.4592615365982056
-1.592049479484558
-1.680436134338379
-1.3825074434280396
-1.6442930698394775
-1.7228797674179077
-0.3049057722091675
-1.6712807416915894
-1.6155610084533691
-1.300005316734314
-1.5627785921096802
-0.9033816456794739
-1.6661629676818848
-1.6661629676818848
-1.6661629676818848
-1.6661629676818848
-1.6661629676818848
-1.6661629676818848
-1.6661629676818848
-1.6661629676818848
-1.6661629676818848
-1.6661629676818848
-1.6661629676818848
-1.6661629676818848
-1.6661629676818848
-1.6661629676818848
-1.6661629676818848
-1.6661629676818848
-1.6661629676818848
-1.6661629676818848
-1.6661629676818848
-1.6661629676818848
-1.6661629676818848
-1.6661629676818848
-1.6661629676818848
-1.6661629676818848
-1.6661629676818848
-1.6661629676818848
-1.6661629676818848
-1.6661629676818848
4.7270941734313965
2.4421589374542236
3.031214475631714
0.7953338623046875
1.0015867948532104
0.5806477665901184
0.6102839708328247
2.822671413421631
2.822671413421631
2.822671413421631
2.822671413421631
2.0317344665527344
2.0317344665527344
-1.9366945028305054
2.0190584659576416
2.0190584659576416
2.0190584659576416
2.0190584659576416
2.2633447647094727
-1.8166273832321167
1.22296142578125
0.39265742897987366
0.36784839630126953
-1.018190622329712
-1.018190622329712
-1.018190622329712
2.130214214324951
2.130214214324951
0.5127224326133728
0.42880162596702576
0.04507209360599518
0.7840580940246582
-0.3245373070240021
-0.3245373070240021
-1.1304218769073486
2.568317413330078
0.12544181942939758
0.10208200663328171
2.9614205360412598
1.198456048965454
0.09187817573547363
2.5071799755096436
0.7359030842781067
1.90562903881073
0.16167882084846497
1.9902229309082031
3.5450642108917236
2.0387818813323975
0.39769014716148376
0.9286127686500549
2.0667569637298584
2.3243134021759033
0.40046796202659607
1.9533605575561523
0.5793557167053223
1.0481618642807007
0.5093188881874084
0.3778460621833801
1.1937073469161987
-0.11315008252859116
0.5693525075912476
0.6960157155990601
1.8849952220916748
0.40101397037506104
1.499745488166809
-0.1796913892030716
3.7893264293670654
-0.04046228900551796
-0.07729049026966095
0.04242175817489624
0.9556041359901428
-0.6228072643280029
0.8649308681488037
-0.07134799659252167
0.962403416633606
-0.8221745491027832
1.119883418083191
-0.8804930448532104
0.43246397376060486
-0.12532325088977814
0.7805620431900024
0.45320525765419006
1.5440459251403809
-0.9202308058738708
-0.7881823182106018
0.5632902383804321
1.4173359870910645
0.9339354038238525
1.18788480758667
0.9706486463546753
-0.32532402873039246
0.46139955520629883
-1.2094937562942505
0.9508145451545715
-1.7105296850204468
2.6218302249908447
-0.2974449396133423
-1.653937816619873
-3.0941662788391113
-1.0699254274368286
-0.5860481262207031
-1.2293357849121094
1.7081176042556763
-0.4207877218723297
0.8276171684265137
-1.886125087738037
-2.5668468475341797
0.9370064735412598
0.7238511443138123
-1.2029131650924683
-0.36422494053840637
0.5591699481010437
1.224829077720642
-1.3618311882019043
1.2897157669067383
-2.1515989303588867
0.716038703918457
1.0612412691116333
-0.5507373213768005
0.5803188681602478
-1.1831172704696655
-0.5754640698432922
-0.5754640698432922
-0.6708391308784485
-0.47995397448539734
-0.47995397448539734
-1.5375895500183105
0.18261004984378815
0.18261004984378815
0.1684410274028778
-0.15234509110450745
0.5109735131263733
-0.33290573954582214
0.2621195316314697
0.9757939577102661
0.014872037805616856
-0.20347461104393005
0.20138445496559143
-0.06373332440853119
-0.0738850086927414
-3.88959002494812
0.36160147190093994
0.27924323081970215
0.0856274738907814
0.21295642852783203
0.21337783336639404
0.4461992383003235
0.1542050838470459
0.1096717044711113
0.11818785220384598
-0.20352759957313538
0.12065847963094711
-0.40950146317481995
0.05407586693763733
-0.38270941376686096
-0.6398606896400452
0.4955540597438812
-1.7256790399551392
-2.9037201404571533
-1.730494499206543
-0.32808107137680054
-0.16147032380104065
-1.8332279920578003
-0.8969948291778564
-2.0228846073150635
-0.6260324716567993
-1.5189752578735352
-1.6478235721588135
-1.5045889616012573
-2.1594817638397217
-0.5951046943664551
-0.4030056297779083
-0.15893317759037018
0.2679060697555542
-0.29576587677001953
-0.24486203491687775
-0.12692338228225708
-0.6853967308998108
-0.6853967308998108
-0.1410464495420456
-0.8954881429672241
-0.7780169248580933
-0.1410464495420456
-0.4909901022911072
-0.12713685631752014
-1.6661629676818848
-1.6661629676818848
-1.6661629676818848
-1.6661629676818848
-1.6661629676818848
-1.6661629676818848
-1.6661629676818848
-1.6661629676818848
-1.6661629676818848
-1.6661629676818848
-1.6661629676818848
-1.6661629676818848
-1.6661629676818848
-1.6661629676818848
-1.6661629676818848
-1.6661629676818848
-1.6661629676818848
-1.6661629676818848
-1.6661629676818848
-1.6661629676818848
-1.6661629676818848
-1.6661629676818848
-1.6661629676818848
-1.6661629676818848
-1.6661629676818848
-1.6661629676818848
-1.6661629676818848
-1.6661629676818848
-1.6661629676818848
-1.6661629676818848
-1.6661629676818848
-1.6661629676818848
-1.6661629676818848
-1.6661629676818848
-1.6661629676818848
-1.6661629676818848
-1.6661629676818848
-1.6661629676818848
-1.6661629676818848
-1.6661629676818848
-1.6661629676818848
-1.6661629676818848
-1.6661629676818848
-1.6661629676818848
-1.6661629676818848
-1.6661629676818848
-1.6661629676818848
-1.6661629676818848
-1.6661629676818848
-1.6661629676818848
-1.6661629676818848
-1.6661629676818848
-1.6661629676818848
-1.6661629676818848
-1.6661629676818848
-1.6661629676818848
3.6002261638641357
3.045903444290161
0.23833364248275757
4.429595470428467
4.320350170135498
5.1554274559021
4.979419708251953
3.505704164505005
1.0472774505615234
4.2655110359191895
2.3428611755371094
2.0314996242523193
2.0113472938537598
1.9064661264419556
-0.15128730237483978
1.9802459478378296
2.1734619140625
1.4790184497833252
0.559650182723999
1.0576955080032349
1.9724994897842407
0.21875904500484467
0.6438392400741577
1.0336610078811646
2.5280544757843018
2.5280544757843018
2.5280544757843018
2.5280544757843018
2.5280544757843018
2.5280544757843018
2.5280544757843018
2.5280544757843018
2.4625937938690186
2.4625937938690186
2.4625937938690186
2.826145648956299
2.352447748184204
2.352447748184204
2.014082431793213
4.789153099060059
1.2858185768127441
1.2858185768127441
1.2858185768127441
1.2858185768127441
1.2858185768127441
0.6759435534477234
1.0953097343444824
2.3666574954986572
1.8965966701507568
2.8364369869232178
2.8364369869232178
2.8364369869232178
2.8364369869232178
2.8364369869232178
2.0523602962493896
2.2122159004211426
1.8955050706863403
1.85107421875
1.85107421875
1.85107421875
0.6356267929077148
3.2579078674316406
3.4869792461395264
2.8769514560699463
1.2904269695281982
2.71584415435791
1.4998507499694824
3.270838975906372
3.056006669998169
3.023348093032837
3.8305041790008545
1.6776591539382935
3.498339891433716
0.7649112343788147
-0.016272418200969696
1.0461070537567139
1.3621832132339478
1.8977299928665161
2.962907075881958
2.041626214981079
3.0874273777008057
3.3946759700775146
0.990505576133728
0.1026163175702095
2.0911917686462402
1.9298967123031616
1.0452944040298462
1.8697638511657715
1.683289885520935
0.21824932098388672
-0.7511720061302185
1.8773655891418457
3.378171920776367
1.8766182661056519
0.3997480571269989
0.7216461300849915
2.5988833904266357
2.6559176445007324
2.4478936195373535
2.033376455307007
0.21029913425445557
1.617639183998108
3.302793025970459
2.9251651763916016
-0.2621650993824005
0.47288036346435547
2.629333734512329
1.3614661693572998
-0.4427831172943115
2.6677894592285156
0.4302772283554077
-0.04754415154457092
1.2297062873840332
2.4223885536193848
2.2699670791625977
0.6330850124359131
3.475572347640991
3.475572347640991
3.8447673320770264
-0.5368711352348328
2.8521320819854736
0.9709922075271606
3.2404251098632812
0.4082193374633789
0.9068624973297119
2.9623913764953613
0.41077741980552673
0.45450136065483093
0.478961318731308
0.3513059616088867
0.4288712739944458
0.719437837600708
-0.9297837018966675
-0.41845884919166565
1.5443425178527832
0.43912023305892944
0.43912023305892944
0.43912023305892944
-0.4062741696834564
-0.4062741696834564
-0.4062741696834564
0.616725504398346
2.2627742290496826
-0.06080067157745361
-1.312874674797058
-0.5834649205207825
-0.5834649205207825
2.4121994972229004
2.767329454421997
3.1220057010650635
-0.41015052795410156
2.57043194770813
-0.932408332824707
-0.5182061195373535
1.010750651359558
-0.6293630003929138
2.8334619998931885
1.4859464168548584
1.6520557403564453
0.46489283442497253
0.46489283442497253
3.332369565963745
4.026402473449707
1.5555270910263062
0.11811873316764832
0.11811873316764832
-0.7527941465377808
0.611175000667572
2.977628469467163
2.6994147300720215
0.6184369921684265
3.38617205619812
-0.15343908965587616
-1.1232528686523438
-1.5541658401489258
-1.0807764530181885
2.698751211166382
-1.6385362148284912
-0.300342321395874
3.3632936477661133
1.3257449865341187
-0.20786544680595398
-0.9712093472480774
-0.07858406752347946
3.031156539916992
1.0934672355651855
1.6362662315368652
2.1243536472320557
2.8363325595855713
-1.1577705144882202
-0.1797841340303421
-0.9718434810638428
1.225810170173645
2.543499708175659
-0.518054187297821
3.9046761989593506
2.3716745376586914
3.8857054710388184
-0.9931054711341858
-1.669329285621643
-2.290860891342163
1.276685118675232
-0.2855278551578522
-0.30737218260765076
-0.6545471549034119
-0.6619730591773987
-0.18723389506340027
-0.8895108699798584
2.6688601970672607
-1.546945333480835
-1.5268474817276
-1.541473150253296
-1.396955966949463
-1.9079047441482544
-2.009873151779175
-2.0598466396331787
-1.658817172050476
-1.6859196424484253
-2.2300050258636475
-1.7110482454299927
-2.4388680458068848
-2.0147387981414795
-1.5258560180664062
-1.6898722648620605
-1.1446386575698853
-1.1446386575698853
-0.9991847276687622
-1.5164767503738403
-0.4612583518028259
-2.1860344409942627
-0.7218561768531799
-0.5789512395858765
-1.393576979637146
-1.4318095445632935
-0.1742994338274002
-1.0978785753250122
-1.553828477859497
-2.273486614227295
-1.5838487148284912
-1.8246111869812012
-1.6984689235687256
0.3158586025238037
-0.5213062763214111
-1.669165849685669
-1.6887553930282593
-2.6270883083343506
-2.2264981269836426
-2.0552732944488525
-0.5624750256538391
-1.260170578956604
-2.080749034881592
-1.4029157161712646
-0.8215227127075195
-0.8215227127075195
-0.8215227127075195
-0.8215227127075195
-0.4527682065963745
-0.4527682065963745
-0.4527682065963745
-0.4527682065963745
-3.6050307750701904
-1.4628218412399292
-1.4628218412399292
-1.4628218412399292
-1.38612699508667
-1.7219605445861816
-1.7219605445861816
-1.0035102367401123
-1.0035102367401123
-0.45984765887260437
-1.0409497022628784
-1.1678029298782349
-1.5984523296356201
-1.9691369533538818
-1.6214138269424438
-1.813968300819397
-1.6171637773513794
-1.6661629676818848
-1.6661629676818848
-1.6661629676818848
-1.6661629676818848
-1.6661629676818848
-1.6661629676818848
-1.6661629676818848
-1.6661629676818848
-1.6661629676818848
-1.6661629676818848
-1.6661629676818848
-0.10975603014230728
-1.6000832319259644
-2.35361909866333
-4.5126752853393555
-4.151747226715088
-1.9919612407684326
-3.0984175205230713
-1.7217862606048584
-2.504040479660034
-2.437591075897217
-0.7822316288948059
-0.6048253178596497
-0.6048253178596497
-0.9873954653739929
0.47110801935195923
0.47110801935195923
-2.241436243057251
-2.855272054672241
-0.762721061706543
-0.762721061706543
-2.695223808288574
-3.2139885425567627
-1.5779343843460083
-1.8969305753707886
-2.267003297805786
-0.5062718987464905
-3.237365961074829
-1.6257394552230835
-1.617842435836792
-0.7201344966888428
-1.2966426610946655
-3.895341157913208
-1.9396977424621582
-2.5263893604278564
-0.1656760722398758
-2.4198906421661377
0.2136184573173523
-1.2285661697387695
-0.16941653192043304
-2.1289713382720947
-1.009458303451538
-2.3631668090820312
3.146970748901367
-0.2824332118034363
1.3767238855361938
-3.0273799896240234
0.5582699179649353
-2.81563138961792
-0.5924800038337708
0.16037693619728088
0.11668526381254196
-0.7231560349464417
-3.2053871154785156
0.031281281262636185
-3.545893430709839
-2.3750176429748535
-1.0780925750732422
-0.9257816672325134
-0.2937609553337097
-0.258219450712204
-0.7633196115493774
-1.4233224391937256
-0.37849047780036926
0.4167734980583191
-1.6817139387130737
-1.0189752578735352
-1.2705086469650269
-1.4056289196014404
-2.0774717330932617
-0.7491406202316284
0.09553635865449905
-0.7851990461349487
-0.9101380109786987
-0.20146234333515167
-0.8621973991394043
-1.7157796621322632
0.29887160658836365
-0.48771122097969055
-0.48771122097969055
-2.570272445678711
-3.118757486343384
-1.654736876487732
-2.9755640029907227
-1.1524710655212402
-2.1879167556762695
-0.7276351451873779
-1.7802112102508545
-1.6049984693527222
-1.5291590690612793
-1.6685353517532349
-1.7781445980072021
-1.5897436141967773
-1.3565858602523804
-1.3565858602523804
-1.2893452644348145
-1.4447187185287476
-1.0047906637191772
-1.4582350254058838
-1.4178723096847534
-2.6445655822753906
-1.961316466331482
-2.281104564666748
-2.1136691570281982
-1.2723631858825684
-2.6783297061920166
-2.603090524673462
-2.794861078262329
-2.6783297061920166
-2.5953705310821533
-2.8147778511047363
-2.931309223175049
-2.8147778511047363
-2.861062526702881
-2.861062526702881
-2.7686102390289307
-2.7686102390289307
-2.7686102390289307
-2.7686102390289307
-2.3085508346557617
-2.3255927562713623
-2.3840928077697754
-1.3716926574707031
-2.0707359313964844
-2.016195774078369
-0.10963147133588791
-1.303654432296753
-1.6661629676818848
-1.6661629676818848
-1.6661629676818848
-1.6661629676818848
-1.6661629676818848
-1.6661629676818848
-1.6661629676818848
-1.6661629676818848
-1.6661629676818848
-1.6661629676818848
-1.6661629676818848
-1.6661629676818848
-1.6661629676818848
-1.6661629676818848
-1.6661629676818848
-1.6661629676818848
-1.6661629676818848
-1.6661629676818848
-1.6661629676818848
-1.6661629676818848
-1.6661629676818848
-1.6661629676818848
-1.6661629676818848
-1.6661629676818848
-1.6661629676818848
-1.6661629676818848
-1.6661629676818848
-1.6661629676818848
-1.6661629676818848
-1.6661629676818848
-1.6661629676818848
-1.6661629676818848
-1.6661629676818848
-1.6661629676818848
-1.6661629676818848
-1.6661629676818848
-1.6661629676818848
-1.6661629676818848
-1.6661629676818848
-1.6661629676818848
-1.6661629676818848
-1.6661629676818848
-1.6661629676818848
-1.6661629676818848
-1.6661629676818848
-1.6661629676818848
-0.13173745572566986
0.7006285786628723
-0.9950296878814697
1.3647412061691284
-0.8504526615142822
0.7959256172180176
-1.9200096130371094
-0.6960619688034058
-1.389532208442688
-0.4770395755767822
-0.5881451368331909
-1.4144068956375122
-1.8945581912994385
-2.3720438480377197
-2.4346985816955566
-1.7694244384765625
0.7976289391517639
1.6832830905914307
1.6832830905914307
-1.5872623920440674
-1.59170663356781
-2.093411922454834
-1.966889500617981
-1.6696900129318237
0.6971977949142456
-0.9023246169090271
-1.5207542181015015
-0.4224192500114441
-0.20540858805179596
-1.798582673072815
-1.0201793909072876
-0.4946121573448181
-1.613701343536377
-1.0565409660339355
-1.1001782417297363
0.5142956972122192
0.3475271761417389
-0.2996085286140442
1.1372125148773193
-1.3127683401107788
-0.9609828591346741
-0.9609828591346741
-1.7784396409988403
-1.3067457675933838
-1.3067457675933838
-1.6404242515563965
-1.5070387125015259
-1.9387127161026
-1.3657528162002563
-2.1047301292419434
0.10814405977725983
-1.174224615097046
-2.4745142459869385
-0.3726237118244171
-1.0271810293197632
-0.6665158271789551
-0.8913549184799194
-1.4223192930221558
-2.8992297649383545
-0.31808897852897644
-1.8933026790618896
-1.9499680995941162
-2.034564733505249
-2.4463512897491455
-2.364222526550293
0.12135131657123566
-1.845611810684204
-1.6433733701705933
-1.7318817377090454
-1.1124625205993652
-1.9123121500015259
-1.6702922582626343
-1.3806911706924438
-3.0055723190307617
-2.0621354579925537
-1.0833954811096191
-1.7115769386291504
0.41369837522506714
-1.6418980360031128
-1.0914686918258667
0.10243196785449982
-0.3709476590156555
-2.375901699066162
-0.8521666526794434
-1.7963515520095825
-2.1617283821105957
-1.753126621246338
-2.0170626640319824
-0.4775741696357727
-0.5257788300514221
-0.042243633419275284
-2.170048475265503
-0.21900653839111328
-1.63856041431427
-0.9743083715438843
-1.432173728942871
0.3717617094516754
-1.0857855081558228
1.1722846031188965
-0.833296537399292
-0.7896086573600769
-0.4512382447719574
-1.847182035446167
-2.4106552600860596
-2.1502187252044678
-2.322465419769287
-1.0407207012176514
-1.167947769165039
-2.100496530532837
-0.2876496911048889
-0.8977389931678772
-0.7349479794502258
-1.0096135139465332
-1.1444941759109497
-1.6239771842956543
-2.587844133377075
-2.2314395904541016
-1.267655849456787
-2.156567335128784
-1.560765266418457
-1.0141152143478394
-1.177089810371399
-1.0498793125152588
-1.6063252687454224
-1.129070520401001
-1.9549641609191895
-1.6171637773513794
-1.6661629676818848
-1.6661629676818848
-1.6661629676818848
1.453708529472351
1.3292820453643799
0.02965848706662655
-1.306540608406067
-0.9713636040687561
-0.9366419315338135
0.3386634588241577
-0.3512060344219208
0.3214762508869171
-0.967059850692749
0.5471277236938477
-0.16193687915802002
-0.2368537187576294
-0.42007964849472046
0.1894454061985016
-0.7055284976959229
-0.6811861991882324
0.9035171866416931
0.11283954232931137
-0.4847380220890045
-0.6439175009727478
-1.2225008010864258
-1.8508081436157227
0.14862236380577087
0.3838629424571991
-1.5171048641204834
0.7317551374435425
-0.15479028224945068
0.0784456729888916
-0.843828022480011
-1.974608063697815
-2.039207696914673
-1.4674040079116821
-1.4196410179138184
-1.8753466606140137
-0.6733095645904541
-0.2503187656402588
-2.5310733318328857
-1.3108512163162231
-2.3423609733581543
-0.0297041367739439
0.14964191615581512
0.48024994134902954
-0.7987006902694702
-0.7912238240242004
-1.6728628873825073
-0.31649693846702576
-0.06867344677448273
-2.3579084873199463
-1.949399709701538
-0.3745232820510864
-0.511204719543457
-1.7372571229934692
-1.1414581537246704
-0.41428881883621216
-1.172858476638794
-0.43562009930610657
-0.9285706281661987
-1.2379361391067505
-0.69797682762146
-1.9233698844909668
-1.1392931938171387
-1.6732131242752075
-2.299837589263916
-1.496712565422058
-1.45790433883667
-1.6907273530960083
-2.3197438716888428
-0.7406874895095825
2.063291311264038
-1.2749983072280884
-0.9700400233268738
-2.2912659645080566
-2.1909661293029785
-3.0688557624816895
-2.320969581604004
-2.277711868286133
-2.6295523643493652
-2.847841262817383
-1.9533485174179077
-1.018389105796814
-1.757835865020752
-0.8037330508232117
-2.552009344100952
-2.4108643531799316
-2.463010787963867
-1.9074429273605347
-2.5674498081207275
-3.0913052558898926
-0.29761001467704773
-2.880559206008911
-2.259394884109497
-0.7945926189422607
-2.695843458175659
-0.3043007254600525
-2.50284481048584
-2.017646074295044
-2.3148927688598633
-2.2330331802368164
-2.2521936893463135
-1.7071868181228638
-2.4027678966522217
-1.6286121606826782
-1.4913779497146606
-1.3773051500320435
-2.1661670207977295
-2.1047513484954834
-2.6068813800811768
0.11126960813999176
-2.5014798641204834
-1.59370756149292
-2.5404443740844727
-2.715207815170288
-2.402109384536743
-2.563852071762085
-2.6674013137817383
0.16197898983955383
-1.0552442073822021
-0.8092654347419739
-2.506887197494507
-1.913598656654358
-2.8737504482269287
-2.1318600177764893
-2.497758150100708
-1.9100563526153564
-2.422802686691284
-1.3893598318099976
-2.4160332679748535
-2.1446454524993896
-3.327793836593628
-2.481106758117676
-2.1844522953033447
-2.3686726093292236
-1.6500446796417236
-0.6840387582778931
-2.453313112258911
-2.269232749938965
-1.5455269813537598
-1.4398242235183716
-2.599329948425293
-1.6986862421035767
-1.6055171489715576
-1.48279869556427
-1.48279869556427
-1.48279869556427
-1.3868908882141113
-1.3868908882141113
-1.0850391387939453
-1.3189008235931396
-0.8115212321281433
-1.6661629676818848
-1.6661629676818848
-1.6661629676818848
-1.6661629676818848
-1.6661629676818848
-1.6661629676818848
-1.6661629676818848
-1.6661629676818848
-1.6661629676818848
-1.6661629676818848
-1.6661629676818848
-1.6661629676818848
-1.6661629676818848
-1.6661629676818848
-1.6661629676818848
1.0470565557479858
4.452301502227783
3.2250173091888428
4.0530171394348145
1.2460284233093262
2.9057343006134033
3.1749374866485596
2.45345401763916
3.4732699394226074
1.3258121013641357
2.572596788406372
1.1807814836502075
1.7141057252883911
-0.26879066228866577
-0.005883113946765661
2.2257273197174072
-0.7432027459144592
-1.914825439453125
0.22798152267932892
2.6721255779266357
-0.08343669027090073
-0.07149165123701096
-1.1986594200134277
0.3385677933692932
-0.6061016321182251
1.1584129333496094
0.47752097249031067
0.41622936725616455
-0.6022548079490662
1.3140482902526855
-0.6228439807891846
-0.507378339767456
0.6845420598983765
1.163688063621521
0.9160508513450623
0.14322762191295624
-1.863347053527832
1.7530571222305298
0.5630039572715759
0.5630039572715759
0.5630039572715759
0.5630039572715759
0.5630039572715759
1.0206531286239624
-0.7488765120506287
-0.5313326120376587
0.8031534552574158
0.9565733075141907
-0.6153556108474731
1.624621033668518
0.36175262928009033
2.0825653076171875
1.5063740015029907
-0.3236117362976074
1.143074631690979
1.4070038795471191
1.9442486763000488
1.1228471994400024
0.050896260887384415
-0.15075616538524628
1.3465265035629272
0.11488144844770432
1.2306920289993286
0.6517868041992188
0.13859602808952332
1.1918262243270874
0.719365119934082
0.7364677786827087
1.3263134956359863
-0.7588545680046082
0.16563323140144348
1.9536300897598267
-0.7026997208595276
-0.19664254784584045
1.020936131477356
-0.0692877247929573
-0.4678505063056946
0.708602786064148
-0.19835525751113892
0.34718021750450134
0.856805682182312
0.9065765738487244
0.17313839495182037
0.31312671303749084
0.6524986624717712
1.1169257164001465
-0.22600023448467255
1.0336861610412598
1.739251732826233
-0.2171860784292221
0.788152813911438
0.01834218204021454
-0.5191993713378906
1.3349969387054443
-1.579628586769104
-0.5786199569702148
0.7566755414009094
0.29356488585472107
-0.3073241710662842
-0.4999953806400299
0.9390313625335693
-0.030742904171347618
0.5458166003227234
-0.5475704073905945
-2.0018396377563477
0.026031384244561195
-2.002156972885132
0.30529674887657166
0.3259660303592682
-0.9550787806510925
0.8679190874099731
0.17696650326251984
0.2149101346731186
-0.27871596813201904
0.07202175259590149
2.3664605617523193
-0.025509284809231758
0.1252979040145874
0.9853323101997375
0.5657650828361511
1.083888292312622
1.1185672283172607
0.988548994064331
0.9581514596939087
0.9698545336723328
0.41851508617401123
-1.4146108627319336
-0.18472737073898315
-0.835347056388855
-0.5913313031196594
0.5284039378166199
-0.02147437259554863
0.6362969279289246
-0.5616551637649536
0.6915144920349121
-0.9843138456344604
-0.07546233385801315
1.4049807786941528
0.34884509444236755
1.0124907493591309
2.0347652435302734
1.089303731918335
-1.762571930885315
0.7707013487815857
-1.6795635223388672
-1.8830220699310303
0.35326072573661804
-0.4839908480644226
0.4393220543861389
-0.12796658277511597
0.7942904829978943
-1.5553890466690063
0.6235501170158386
0.08285115659236908
-1.284906268119812
0.04169721156358719
0.6641157865524292
-0.011795192025601864
0.12770409882068634
0.12770409882068634
0.12770409882068634
0.12770409882068634
0.12770409882068634
1.6591554880142212
0.05547993630170822
0.05547993630170822
0.05547993630170822
0.05547993630170822
0.0483068972826004
0.7016525268554688
-1.9584194421768188
1.0258369445800781
0.9203577041625977
1.0258369445800781
0.4440095126628876
-1.244100570678711
1.3378278017044067
1.5755541324615479
-0.2739126980304718
1.6976522207260132
-0.24435707926750183
-0.765516459941864
-1.9637093544006348
-1.2676200866699219
-1.4412394762039185
-0.45107901096343994
-1.7771044969558716
-0.40207457542419434
-1.185508370399475
-0.960993230342865
-1.9660487174987793
-0.022461600601673126
-0.280273973941803
-0.7993872761726379
-1.1606173515319824
-1.9956592321395874
-2.1146695613861084
-0.44601282477378845
-0.11460153013467789
-1.2947767972946167
-0.10963384807109833
-0.13437354564666748
-0.6080918908119202
-1.3693342208862305
-1.3693342208862305
-1.7456603050231934
1.4161983728408813
-1.295593023300171
-2.0154387950897217
-1.913183331489563
-2.1094303131103516
-1.6697132587432861
-1.6661629676818848
-1.6661629676818848
-1.6661629676818848
-1.6661629676818848
-1.6661629676818848
-1.6661629676818848
1.0560283660888672
0.6209902763366699
-0.29365983605384827
0.14281973242759705
0.7340391874313354
-0.48039481043815613
-0.9704568386077881
-0.3128068149089813
-0.17183136940002441
0.664616048336029
0.9571842551231384
0.15665991604328156
-1.5693823099136353
-1.453500509262085
-0.9042859077453613
1.9726052284240723
-4.693549633026123
0.18949705362319946
-1.2853425741195679
-1.2702957391738892
-2.9559476375579834
-2.2756354808807373
-2.1855034828186035
-2.4179065227508545
-2.2804970741271973
-2.6768386363983154
-2.2909963130950928
0.1437665820121765
-0.4188579022884369
-0.4188579022884369
-0.4188579022884369
-0.6578169465065002
-1.2104274034500122
-3.4085302352905273
-2.9889206886291504
-0.9531235694885254
-2.524080753326416
-1.3167134523391724
-1.480709433555603
-1.816579818725586
-1.9120904207229614
-1.9120904207229614
-1.3884590864181519
-2.1770384311676025
-2.5374722480773926
-0.6156032681465149
-1.7192754745483398
-0.425503134727478
-2.185210704803467
-1.8562482595443726
-2.6999247074127197
-1.7017316818237305
-2.5268702507019043
-1.6907165050506592
-0.20703580975532532
0.10226764529943466
-1.6218441724777222
-0.6293532848358154
-3.454974889755249
-2.2006354331970215
-2.7840943336486816
-2.6175856590270996
-2.934471845626831
-1.2996857166290283
-2.02535080909729
-2.6405017375946045
-2.4623935222625732
-1.577436923980713
-1.4376870393753052
-1.0853327512741089
-1.5575236082077026
-0.021739961579442024
0.519598662853241
-1.6317358016967773
-1.4991796016693115
0.44664618372917175
-1.5371674299240112
-1.2622133493423462
-1.1830132007598877
-0.8753951191902161
-1.0939371585845947
-2.8533599376678467
-2.8507001399993896
-3.2189748287200928
-0.3712458908557892
-0.009908638894557953
-2.493718385696411
-3.005171537399292
-2.1063177585601807
-2.9796924591064453
-1.8415063619613647
-2.5905988216400146
-3.122323751449585
-1.1942185163497925
-2.6634621620178223
-0.8697910904884338
-1.153207778930664
-0.6201363801956177
-1.6661629676818848
-1.6661629676818848
-1.6661629676818848
-1.6661629676818848
-1.6661629676818848
-1.6661629676818848
-1.6661629676818848
-1.6661629676818848
-1.6661629676818848
-1.6661629676818848
-1.6661629676818848
-1.6661629676818848
-1.6661629676818848
-1.6661629676818848
-1.6661629676818848
-1.6661629676818848
-1.919996738433838
-0.6189812421798706
0.06431225687265396
0.34044647216796875
2.8076446056365967
-0.6202932000160217
1.3270506858825684
-2.3310892581939697
0.13088563084602356
-1.2524371147155762
-1.5965112447738647
0.7804487943649292
-2.910433053970337
-2.1045567989349365
0.6795964241027832
0.6458609104156494
-1.1026830673217773
-2.156052350997925
0.35600632429122925
-1.0967692136764526
0.711388885974884
0.23783208429813385
-1.577008605003357
0.14519824087619781
-0.3168245851993561
-1.680787205696106
0.4611148238182068
-0.4484645128250122
-0.8603916764259338
-0.3384741246700287
-2.0203073024749756
0.3216957151889801
-0.5769709348678589
-0.0503016822040081
-1.0466225147247314
-1.2196650505065918
-0.14233918488025665
-1.6869831085205078
0.463388592004776
-0.16156509518623352
-0.04297579452395439
-1.0496255159378052
1.3787051439285278
-1.7153708934783936
0.46069931983947754
-1.5788979530334473
-1.284539818763733
-0.3788696527481079
0.8077284693717957
-0.2657710909843445
-2.459373712539673
1.7197816371917725
0.08305249363183975
-0.5766857266426086
-1.4781348705291748
-0.05956168845295906
-0.7427588701248169
-0.6554005742073059
-0.9587446451187134
0.5301077365875244
-1.7239805459976196
-1.3174974918365479
-1.3825751543045044
-1.0423510074615479
-0.8321019411087036
-1.484718680381775
-1.171813726425171
-1.51207435131073
-1.6469427347183228
-1.3837206363677979
-1.3671249151229858
-1.1081632375717163
-0.9646813273429871
-0.826716959476471
-3.297555923461914
-1.3061580657958984
-1.777770757675171
-3.0991263389587402
-2.0458993911743164
1.3171091079711914
2.258918285369873
-0.1792483925819397
-1.5741534233093262
-1.4885932207107544
-1.275077223777771
-2.3594794273376465
-1.3331624269485474
-1.1696875095367432
0.11596617102622986
-1.5432411432266235
-2.712157964706421
-1.6361415386199951
-1.930820107460022
-3.06156063079834
-0.8494979739189148
1.0708730220794678
-2.38850474357605
-1.7825385332107544
-1.6705288887023926
-0.693576991558075
0.8952807784080505
-1.681774616241455
-1.1788926124572754
-0.12497322261333466
0.8437420725822449
0.1904502809047699
-1.3547011613845825
-2.781106472015381
-2.4200894832611084
-1.8445523977279663
-1.3425688743591309
-3.0190770626068115
-1.9716181755065918
-2.0597634315490723
-2.7119381427764893
-2.435849905014038
-1.0062843561172485
-1.5212303400039673
-0.8379403352737427
-0.8723909258842468
-1.5163522958755493
-2.8672499656677246
-0.4743831157684326
-0.9280136227607727
-0.6811895370483398
-2.3676438331604004
-2.724956512451172
-1.835680603981018
-3.015315532684326
-2.4135615825653076
-1.3214635848999023
-1.6661629676818848
-1.6661629676818848
0.21024799346923828
-3.3972549438476562
0.851436972618103
3.284105062484741
2.9013450145721436
-0.672467052936554
0.8382316827774048
-3.2721636295318604
1.062691569328308
-0.1734142154455185
-0.44885268807411194
-0.5705133080482483
-0.5123265981674194
-0.5057703852653503
-2.218830108642578
-0.7706108689308167
-0.788703203201294
-3.1585605144500732
1.306362271308899
-3.9375367164611816
-0.8607724905014038
-1.5053387880325317
-0.5771844983100891
-2.013090133666992
-0.45134982466697693
-0.37602534890174866
-2.4351751804351807
-2.706531047821045
-3.1314332485198975
-1.1734622716903687
-0.6959643959999084
-1.4805322885513306
-1.6118558645248413
-2.727374315261841
-2.403531074523926
-1.926168441772461
-0.9598555564880371
1.0481950044631958
-1.0378153324127197
-1.3083199262619019
-1.248902678489685
-1.5662407875061035
-1.6080466508865356
-0.8223176002502441
-2.7682273387908936
1.4865896701812744
-3.486145496368408
-1.9397873878479004
-4.803361892700195
-3.602799654006958
3.0937767028808594
3.0937767028808594
-2.952836751937866
-2.945570707321167
-0.9598158597946167
1.189708948135376
-1.5417853593826294
-2.225290536880493
-2.202375888824463
-2.2016191482543945
-3.659275531768799
-3.0459582805633545
-1.99575936794281
-4.058208465576172
-3.637394428253174
-3.0752832889556885
-1.4546579122543335
-3.4463648796081543
-2.1058034896850586
-2.6601898670196533
-1.0181316137313843
-1.6661629676818848
-1.6661629676818848
-1.6661629676818848
2.5138185024261475
3.8640265464782715
3.0859508514404297
1.0539549589157104
0.615990161895752
1.2136847972869873
2.7825100421905518
3.1201794147491455
2.08260440826416
0.28892362117767334
1.3394941091537476
1.3926972150802612
1.4214208126068115
1.7550709247589111
1.4780664443969727
0.36218371987342834
-0.20853465795516968
1.8121802806854248
-3.16715931892395
1.706769585609436
2.405488967895508
2.4211058616638184
0.9226568937301636
-2.052140235900879
0.7797082662582397
1.9076608419418335
0.38179731369018555
0.5876377820968628
0.06950556486845016
0.8550752997398376
0.39762699604034424
-0.3136488199234009
1.8655582666397095
1.8655582666397095
1.8655582666397095
-1.5860886573791504
-0.7713593244552612
-0.7713593244552612
-0.6072400212287903
0.2509944438934326
0.29614201188087463
-0.026419254019856453
-0.18621976673603058
-0.18621976673603058
-0.04540261626243591
-0.18621976673603058
-0.18621976673603058
-0.18621976673603058
0.5447027683258057
-0.8047726154327393
0.7367270588874817
0.7367270588874817
0.8806467056274414
1.053405523300171
1.053405523300171
1.053405523300171
1.053405523300171
1.053405523300171
1.053405523300171
1.053405523300171
1.018479585647583
0.5937668085098267
-0.17110802233219147
0.25046175718307495
1.099920392036438
1.053033709526062
1.088100552558899
1.088100552558899
1.431376338005066
-0.23345902562141418
-2.320908784866333
0.3762912154197693
-1.7668174505233765
-0.6858919262886047
-0.020678436383605003
0.10722459852695465
0.10722459852695465
1.1514664888381958
1.4849430322647095
0.48102760314941406
0.5267214775085449
-2.8542587757110596
-3.8077921867370605
0.305524080991745
-0.49537336826324463
-0.786067008972168
0.11392059177160263
0.9111639261245728
0.8300381898880005
0.7482262849807739
-2.3572804927825928
-2.522329807281494
-0.9303089380264282
0.7120054960250854
-1.4127169847488403
-0.8910850286483765
-3.1829941272735596
-1.7705352306365967
0.7456294298171997
0.4459856450557709
-0.5052899718284607
-0.8130180239677429
0.44343531131744385
-0.9919768571853638
-2.222423791885376
0.2365567982196808
-3.004595994949341
-1.130840539932251
1.5768429040908813
0.5528243184089661
0.41044920682907104
0.2697761058807373
-0.6889162063598633
-1.38265860080719
1.5063447952270508
-1.1996276378631592
-3.8161075115203857
-0.3770982027053833
1.3662596940994263
-3.6793317794799805
-0.922675371170044
-0.8431004881858826
-1.6419422626495361
0.7349610328674316
0.8441187143325806
-2.6944937705993652
-2.4248385429382324
-2.223140239715576
-3.1268210411071777
-3.1439504623413086
-2.8535921573638916
-3.6236348152160645
-3.014824628829956
-1.5364856719970703
-0.09075899422168732
-1.170764446258545
-1.6661629676818848
-1.6661629676818848
-1.6661629676818848
-1.6661629676818848
-1.6661629676818848
-1.6661629676818848
-1.6661629676818848
-1.6661629676818848
-1.6661629676818848
-1.6661629676818848
-1.6661629676818848
-1.6661629676818848
-1.6661629676818848
-1.6661629676818848
-1.6661629676818848
-1.6661629676818848
-1.6661629676818848
-1.6661629676818848
-1.6661629676818848
-1.6661629676818848
3.0540103912353516
0.5722442865371704
2.3840692043304443
-0.15133430063724518
1.5521448850631714
2.1985108852386475
0.3428668677806854
1.0655343532562256
-0.5928522944450378
-0.08769618719816208
0.7462847828865051
1.3634741306304932
-0.672726035118103
0.6638497710227966
-0.8782612085342407
1.5692938566207886
1.7368412017822266
0.7839710116386414
1.9127111434936523
1.2041370868682861
2.3783304691314697
-1.2868223190307617
-1.093253254890442
0.5294893383979797
1.5481215715408325
2.9209508895874023
-0.5348936915397644
-1.2821563482284546
0.9580363631248474
-0.6909992098808289
1.9921634197235107
-0.9615029692649841
-0.9615029692649841
0.14290088415145874
1.5748043060302734
0.9157400131225586
0.9157400131225586
-1.2916542291641235
-1.2824681997299194
2.1006863117218018
1.1436046361923218
-2.229011058807373
1.9255409240722656
-0.608000636100769
0.6556604504585266
0.5238677263259888
3.5701708793640137
-1.5069199800491333
1.2619253396987915
-1.1219592094421387
0.14931048452854156
2.7339179515838623
0.19954219460487366
-1.1135363578796387
-0.9814077615737915
-0.3506241738796234
-1.1078376770019531
0.4106748104095459
0.7785928249359131
0.057369787245988846
-0.2420245260000229
-0.11318609118461609
0.015332690440118313
0.48465755581855774
0.14808019995689392
-2.1901376247406006
-0.7000637650489807
-1.4955717325210571
-2.760509729385376
-0.05397206172347069
0.7560743093490601
0.7880704998970032
-1.5229915380477905
-2.109684944152832
-0.03997862711548805
-1.093719720840454
-1.0243804454803467
0.49338850378990173
-0.5144648551940918
-2.136260986328125
-0.5756680965423584
-1.4501888751983643
-1.1598798036575317
-1.2797856330871582
-1.1931651830673218
0.6054771542549133
-0.6947704553604126
-1.2270512580871582
1.8746856451034546
-1.0169864892959595
-1.9501267671585083
-2.256401300430298
-0.6668703556060791
1.3265655040740967
0.4888801872730255
-2.006443500518799
-0.31510594487190247
1.5477951765060425
0.07726789265871048
-0.9730567336082458
0.6630961894989014
-0.12868255376815796
-1.0459353923797607
0.539751410484314
-0.5213437676429749
-2.2948360443115234
-0.07109388709068298
0.2770107388496399
-0.011672898195683956
-0.24127930402755737
-1.10111665725708
0.7364038825035095
-1.096266508102417
-0.4860134422779083
0.006734427530318499
-0.9913809895515442
-1.0965828895568848
-1.094590187072754
-0.1598874032497406
-0.029449159279465675
0.4153525233268738
0.0202361810952425
-1.7484678030014038
-0.711052417755127
-0.13215136528015137
-2.3983023166656494
0.37296822667121887
-1.2450042963027954
0.03770293667912483
-1.2434698343276978
0.09861120581626892
-1.379629135131836
-1.0126030445098877
-1.0202760696411133
-1.1204649209976196
-0.45531904697418213
0.33312979340553284
-0.7793670296669006
-0.6566638350486755
0.044471625238657
0.43420282006263733
-0.22879686951637268
-0.6232538223266602
0.07520893961191177
-0.6963649988174438
-1.0019818544387817
-1.5301333665847778
-1.2263144254684448
-0.4860796630382538
-1.3649916648864746
-1.9130809307098389
-0.5439352989196777
-1.3292427062988281
0.7789284586906433
-0.4174918234348297
-0.22405259311199188
-1.9199479818344116
0.09264208376407623
-0.17321696877479553
0.0018559998134151101
-0.7172321081161499
-1.0038115978240967
-0.9603347182273865
-1.691902756690979
-0.5922386646270752
-1.003345251083374
-2.0028021335601807
-1.3548353910446167
-1.705898404121399
0.12473482638597488
-0.7346334457397461
-0.17662976682186127
-1.7965922355651855
-0.7644644975662231
-1.4218872785568237
-0.7744755744934082
-1.6212763786315918
-1.3751425743103027
0.9929631948471069
0.13389253616333008
0.06522418558597565
-1.7745448350906372
-0.7249257564544678
-1.1122357845306396
-1.9589197635650635
-1.893384575843811
-0.8288447856903076
-2.335596799850464
-2.3216118812561035
0.03169272094964981
-0.615023136138916
-2.07900333404541
-2.07900333404541
-2.07900333404541
-2.07900333404541
-1.9286633729934692
-1.000775933265686
-1.000775933265686
-1.000775933265686
-2.3801722526550293
-1.0129987001419067
-1.0129987001419067
-1.0129987001419067
-1.0129987001419067
-1.0129987001419067
-1.5679817199707031
-0.7750357389450073
-0.9611145257949829
-0.9262438416481018
-0.9262438416481018
-0.9262438416481018
-0.9262438416481018
-0.9188414812088013
-0.5076903700828552
-0.48871609568595886
-1.9855657815933228
-0.12482348084449768
-0.9438145160675049
-1.382519006729126
-0.09811308979988098
-0.5525825023651123
0.10235553979873657
-1.6661629676818848
