0.6432955668592224
0.662167111189809
0.6590775206905913
0.6517438512153925
0.642256557620839
0.6626664632468544
0.644822694590287
0.6692594967914234
0.6474036301542995
0.6486522896120924
0.6690625539212419
0.6358225647415001
0.6479726083671283
0.6430448134450164
0.6226403631043644
0.6310036196545762
0.6180307602853374
0.6376853450621701
0.5931287202415374
0.6343816050596579
0.635601150235177
0.6485312343329266
0.6319271775610824
0.6211348643121459
0.6152893248798095
0.6501151336766738
0.6386830555044749
0.6265535986933928
0.6387359998817906
0.6690138499592398
0.6231919518016594
0.6232487249644593
0.6425081942799118
0.6355660431552225
0.5960284990341006
0.6570691980588904
0.6455612692894954
0.5597655901046706
0.6332961222014181
0.6074986889389485
0.5969232751152634
0.6357967561772755
0.6296364107196412
0.640278785562901
0.6105945603815988
0.6473330997134102
0.6399898690562984
0.5560061197351458
0.6176742847733595
0.629103183664431
0.6208123735426467
0.6283595246419995
0.6375863874918717
0.6337724449285314
0.6280989175708349
0.637044832974255
0.6210026172195282
0.6198502273695018
0.6271628253054632
0.5672953294638703
0.6160677258839234
0.6342383314638874
0.6204091365062974
0.6189298382864057
0.6291487878568077
0.612276629645229
0.6084040581263434
0.6372755972057718
0.6274808496693375
0.6180540878772989
0.553346172601544
0.6205527865798439
0.6312332725324303
0.6178075882856903
0.6393980050136611
0.6243198253768507
0.631755387838701
0.6205343499279627
0.6197733957384987
0.5510401370780845
0.618023712096561
0.5586535877250003
0.6124798357749449
0.5511331511756766
0.6359084385979011
0.6215471225125921
0.622305186025523
0.6096093953905466
0.6229205847488722
0.6122303786505039
0.6147544687799944
0.6119197305924051
0.6161363192829427
0.6061757173371815
0.5575112895826926
0.6019778334252863
0.614959179208151
0.6019360189742895
0.6068091687701275
0.6153411041130724
0.6023294572721697
0.606076213259495
0.604467380237048
0.6115896149087077
0.6082551559844658
0.6096405586209181
0.6120559031251085
0.6239638658639909
0.615644507741539
0.6085859397465261
0.6035341758170379
0.6090332738250593
0.6079277549675409
0.6110794784403087
0.616456256420519
0.6177807176673746
0.5939284168529615
0.6043046180956857
0.6058836774624147
0.5982392964837928
0.6150315773897699
0.5782350279754214
0.598622982729276
0.6254958979049547
0.6093918470123123
0.597710896258239
0.6084150746503595
0.624442531492443
0.6073302187546432
0.6026308635581671
0.603975102918701
0.5957298128455434
0.5419756300427898
0.5362957151650977
0.6075012265066284
0.5955606711524096
0.5951939555560309
0.6041661388779063
0.5893905386862481
0.5977141128909575
0.5352567422065589
0.608923946238473
0.5659361465808699
0.6031829886477131
0.5366771213157923
0.5585091823896892
0.5966614938848257
0.5330696633340959
0.5351432845615149
0.6000384841781302
0.5857320344361988
0.5375953689049099
0.590143371314174
0.5319805186108886
0.603057119084198
0.5637485481565921
0.5636905446808
0.5947971041340148
0.5354575712393996
0.5936505013616481
0.5925272484449907
0.5331896492701576
0.532418685905635
0.5946565632627931
0.531507744707649
0.5458857823352489
0.5308278559377945
0.5235410216726382
0.5738276158740904
0.5590957458866278
0.5439729685504273
0.5553740008055844
0.5646484529203989
0.5572907752471821
0.5214153002754746
0.5598760011210621
0.5098929865037731
0.537819229952564
0.48423471917100225
0.47736140259682924
0.6611024634488948
0.6537684046883738
0.676824929848249
0.6209680900353132
0.6553124768587402
0.5802905742302629
0.6337746743017384
0.6361071207601879
0.6102672470280043
0.6276859077754583
0.6608466074821266
0.6362577243811334
0.5968135691786164
0.6521882418537508
0.6549109989256525
0.57592127856491
0.6532233878163703
0.6355384968907837
0.6417673801445462
0.6459589239458163
0.6527565446583967
0.5984483955510027
0.6284656560052375
0.6002506364563451
0.6494287931914067
0.6374265963574595
0.6340695883432655
0.6363688666028283
0.628540631611069
0.6242975010601846
0.6423003937115189
0.6269423528181967
0.6276231891006824
0.5818750853764161
0.6203346216235275
0.6287631507101777
0.6314463198674278
0.5578727700883128
0.5645082780107431
0.6247979901234881
0.6242640236467529
0.6303937639572516
0.6282090641459261
0.5863082172869746
0.6258890640528904
0.5849183485324227
0.5849183485324227
0.5619389663719229
0.5851332881037066
0.5513292076820762
0.5800599392092884
0.5529474417360806
0.5779653243514291
0.6264026774255661
0.5495419815503634
0.6023597303809745
0.616859596706463
0.6074696425091741
0.609228900466603
0.5466498886507172
0.5437346938307831
0.5434139149029635
0.5416701972099824
0.5865570880813692
0.542832781343073
0.5724975114682233
0.5752342915115941
0.556096744417006
0.5414242332999042
0.5787662731415307
0.6134320406774308
0.6115659974546962
0.5753943955249186
0.5400500819905875
0.5979839366988406
0.5740015671863005
0.5801415266921255
0.5530014009755235
0.6075145226602822
0.5380012387736519
0.611866848309669
0.5429628180591902
0.5757726279831173
0.5791507651836819
0.5670052311627399
0.5341993381118355
0.5351386640042489
0.5355634157158858
0.5620497806692715
0.5325994970926891
0.5334522053972947
0.5775324922878424
0.5303306104283576
0.5642498293063027
0.5604447598224028
0.5635311567497586
0.5452516066183194
0.5326752708638732
0.5327889193581599
0.5243302106829094
0.5264249167991584
0.5556802708345696
0.5245965729814727
0.5236648214126738
0.5594279343673897
0.5210869276825817
0.5232330366479241
0.5300093933460366
0.5294752180503632
0.5203854372247388
0.5181676887404363
0.517763882706125
0.5175759255042839
0.5178407829194435
0.555848955743036
0.5575130851741699
0.5558059474784964
0.5323238925537568
0.5437061485207395
0.5095058407243901
0.5109101725938635
0.5352265099556662
0.5247736325273481
0.5053545765623476
0.4940403933411811
0.49599537350998035
0.488292587680608
0.49829571778871373
0.48344544184441546
0.47736140259682924
0.47736140259682924
0.6486918608075686
0.6894843063618668
0.6282842845615871
0.6240072124609911
0.614409742243641
0.6683163514378101
0.6482323147972647
0.6481991815219789
0.624016184865671
0.5786017238461612
0.6548607114022452
0.6505208198723496
0.6152425903216081
0.6257756950054512
0.6233143910559623
0.6056773178401416
0.6099387603687655
0.5879869636941438
0.5739969705878114
0.6227743430156728
0.6255553406502095
0.6138077108543433
0.5840599101191437
0.5925355678160334
0.6028873757081036
0.6178374718537558
0.577807202043282
0.6155839174950934
0.5789222447427419
0.6031652137704712
0.6036244498563044
0.6145282897543974
0.612848315458429
0.5519002818894553
0.606499558111886
0.5764162796820043
0.5691704282444647
0.5955490566909634
0.5918541630456612
0.596867485990381
0.5998080954713401
0.5991520748603205
0.5476056011977407
0.5847974596268393
0.580458799940624
0.5445252097939869
0.6188821843364265
0.5448679796114859
0.59932280079738
0.5653476650134213
0.5945311251676095
0.5417220504336954
0.5397360401991349
0.5995006002305849
0.56326124182068
0.5450852879887168
0.56782799533087
0.5917663586151184
0.5833187462269526
0.5925838006899101
0.5650256283659281
0.5873025028462427
0.5372644109873908
0.5409689237931065
0.5858508504530483
0.5603040940970877
0.584854294143232
0.5725233357693784
0.578014501252287
0.5503464347628807
0.5516076260657873
0.5774302568903887
0.5782687093549038
0.5785105051046434
0.5774169790230314
0.5360420210237399
0.5465042106843024
0.5465042106843024
0.5681861501946625
0.5791227600101149
0.5503829840399819
0.5712402118524271
0.5320492065838603
0.5696719871533766
0.5536623068944482
0.5302352543728979
0.5739246516003952
0.5772689002151379
0.5612930837309903
0.5683286291044273
0.5718694443575322
0.5486790674448911
0.5520034569863566
0.5718109437833224
0.5693328158760943
0.5299463757544054
0.5627728842724491
0.5691824072147165
0.5615234246153138
0.5684051291087608
0.5260547412005844
0.5610340252611828
0.5657758623474612
0.5627753340357711
0.55610512308715
0.5190814557465219
0.5593125725156289
0.565717885869219
0.5198104108037105
0.5540948563228445
0.5213313843020925
0.5583139137564783
0.516680598862662
0.5480555697217587
0.5234787066922348
0.5210694878845432
0.5532979854533896
0.5283060899544288
0.5193527892309016
0.5152684478159297
0.5120861327163009
0.5115931495798217
0.5573919413639307
0.5341361176750188
0.5093256278854098
0.5454568058694665
0.5147569468222122
0.5326524601639187
0.5078218557532995
0.509267001229657
0.5243315692757462
0.5151041182100748
0.5283745955224969
0.5081137418232153
0.5249307562032045
0.5458223498776469
0.5042859444008405
0.5282302814615902
0.5164812221196408
0.5063953271616272
0.5113262212991715
0.5176729564753747
0.5037909580365573
0.4985177599566587
0.5181836463740177
0.5180815128758874
0.497658853160867
0.5170342507386538
0.4951669660932651
0.4955644374267924
0.4935998632953788
0.4898031049578882
0.5082504513426137
0.5002752780110115
0.4897795644256722
0.503081111195488
0.4893281539790021
0.5003795078867976
0.5003795078867976
0.5078869171082769
0.48946125523124673
0.48692059505684965
0.4946851426820484
0.48984195650905765
0.4874084765245315
0.4961782594318053
0.48845228881463904
0.4864345115778631
0.485150631554076
0.4841649246309082
0.500300203272778
0.48664921778650716
0.4857205435344498
0.48278590706677227
0.48598414661180944
0.4861470586760654
0.4853482808202451
0.4845746753125965
0.4840011405993745
0.4833732943839131
0.4997993341096835
0.48100569413650424
0.4812861145065338
0.48109112114614133
0.4800759292426622
0.479687720818021
0.47736140259682924
0.47736140259682924
0.47736140259682924
0.47736140259682924
0.47736140259682924
0.47736140259682924
0.47736140259682924
0.47736140259682924
0.47736140259682924
0.47736140259682924
0.47736140259682924
0.47736140259682924
0.47736140259682924
0.47736140259682924
0.47736140259682924
0.47736140259682924
0.47736140259682924
0.47736140259682924
0.47736140259682924
0.5912752818849208
0.6196719226661564
0.6265443952853681
0.6653119174609979
0.6227613612158152
0.6227613612158152
0.6806759270374205
0.6698142175382722
0.6194110924698742
0.6194110924698742
0.6676142667618166
0.6163918279052106
0.6369008011936936
0.6729771672251584
0.6627549703787438
0.5779848536380713
0.6204629224477054
0.6253603621505752
0.6686340233963187
0.6717523245609174
0.6577504063472823
0.6327753661859166
0.6190339091902652
0.62822818115887
0.617240947272479
0.61183443302642
0.6602184357566266
0.6069738214500375
0.6256004505483388
0.5688650316186327
0.5660643038132231
0.5998351634832886
0.5772246328696765
0.6557881889996408
0.6502332639156179
0.6140023456565471
0.6450561233258595
0.6118826643967291
0.6483331238136184
0.6448224852562071
0.6563009516881549
0.6115238027470644
0.6422502715000377
0.6092613880339547
0.6108730709263644
0.5629722575787318
0.6053323584405693
0.6029577489405316
0.6118465192407828
0.6179602186489536
0.6354286680602182
0.6327359307425938
0.6175286833765414
0.5538648549367715
0.6055651495054699
0.5961000309004332
0.5536143847376018
0.6379160842056613
0.5965885568178627
0.6339014826708528
0.5849561526469323
0.5494203801026023
0.5969632656295852
0.585604898642833
0.60722840375526
0.6009822410707866
0.5950904510379257
0.5939150478107006
0.5501220234459397
0.5922749266968479
0.5926094640604085
0.5448262173213909
0.5435035001356957
0.5822303271183092
0.5491311131730297
0.5409542966955151
0.6017886900339998
0.5854071936258601
0.6069297183299104
0.538855498104563
0.5728862715579393
0.5974352496990589
0.5368971770865708
0.5881422554534589
0.5796145049483261
0.5359675552611799
0.5632056680040712
0.557058759857586
0.553197167441498
0.6049563048611111
0.5888407152843013
0.5335042289548574
0.5454560396157636
0.5294100316296277
0.5603808062830471
0.5713156528546449
0.5597462632620289
0.5759021589469692
0.5557760801804293
0.5557760801804293
0.5761602910745134
0.5527583791725299
0.5527583791725299
0.5527583791725299
0.5502507293649391
0.5502507293649391
0.5502507293649391
0.5502507293649391
0.5480697902417716
0.544354574768347
0.5699874738038937
0.523406397173747
0.5640488877781145
0.5674838926650101
0.5587737374627029
0.5632956579985352
0.5442671159149761
0.6063283263843502
0.5195574795329986
0.5573172071350794
0.5531859037911411
0.5632075161063537
0.5593924496710797
0.549568983310285
0.5170908038859322
0.513460745698571
0.5487265236894412
0.5118278765910543
0.5077429080754824
0.5226602761394608
0.504016572996077
0.5042170706291651
0.5036923310174525
0.5280143591478389
0.5008506753596396
0.4984614314764893
0.5091978442053195
0.49748830914672154
0.4796416827494117
0.47736140259682924
0.47736140259682924
0.47736140259682924
0.47736140259682924
0.47736140259682924
0.47736140259682924
0.6676413362075476
0.6886342948147053
0.6678964032197197
0.6557813634031128
0.6119588104174981
0.6023750745091747
0.6760365856025179
0.5680662024077506
0.6672883645296421
0.587159832944594
0.6532477855973717
0.5643657861885588
0.6515491968909384
0.5637619870040027
0.6580470906343221
0.6553262442441898
0.6586198688526459
0.6453344791735036
0.6404173112965994
0.6549896729873175
0.6332950551395841
0.6530141305776763
0.6051083397015217
0.6453633655992268
0.6476939473043088
0.6434326412803414
0.6435877810907886
0.6364377956221731
0.5577241654412503
0.61892394896067
0.6388138283264857
0.6399243263399168
0.613594131851688
0.613594131851688
0.5563863221600035
0.6395333189471439
0.5550233528859463
0.6092521079108767
0.6092521079108767
0.6092521079108767
0.6092521079108767
0.6092521079108767
0.6105061971067718
0.6392957893647971
0.6055033142187098
0.5858158613539458
0.6021693852886052
0.6021693852886052
0.5523857983486755
0.5517106339914808
0.6314067962165739
0.5991515492847407
0.603847590039992
0.5963872530664144
0.5963872530664144
0.5518560331414908
0.6500833294227271
0.6281465352908122
0.6524934874696063
0.6236329769105058
0.6190106264875104
0.6230407451602883
0.621524934230319
0.6213039464846735
0.5508095427554601
0.628942165153829
0.5496615611871472
0.5570067696810432
0.590058546775864
0.5515283556839808
0.5706694098238296
0.5660450205854036
0.5455408386085899
0.6294488469759894
0.5873719451108156
0.6148040187598169
0.6303007816868526
0.5703124909768379
0.5788852335827412
0.5447041873062296
0.5412996230327707
0.5438631267359575
0.5761150803287735
0.5438098440029221
0.5420873501957212
0.5710401496704026
0.5423898373100614
0.5661821540855506
0.588803379985785
0.5822780215332465
0.5575218819168793
0.5358569763787351
0.5690247050194268
0.5351434490362659
0.6040677757773888
0.5371937042362647
0.5599191264115178
0.5381831378376479
0.5354141387042693
0.5347808304418618
0.5317719953297348
0.5385137410001868
0.5603815626629598
0.5295179140230727
0.5296664838612587
0.5268161712155746
0.5263086682077034
0.524647515833517
0.5251011811921472
0.5250861176465199
0.5251466566182709
0.5771215516276985
0.5227584532226768
0.5753663677978577
0.573810960359605
0.5222268287060267
0.5672578115720253
0.5206940575381213
0.5245800888245553
0.5658920911539705
0.5194361702509873
0.555640878653177
0.5423400548875942
0.5184316231714613
0.5217370159255487
0.5399805946436183
0.5375845685850849
0.5171355587985844
0.5148875274085505
0.5143842284966966
0.5186645451375692
0.545160367525247
0.511593281646324
0.513577486868778
0.5127861665568542
0.5116452510116166
0.5113990603357939
0.5458476631727477
0.5463418662207905
0.5519964214583812
0.5041892230839147
0.5096832241464346
0.5089445703718479
0.5374336199976708
0.5120203330352456
0.5061164296224203
0.5004515144511954
0.5447359112651103
0.5005449504413184
0.5039079898049812
0.503853507061282
0.49488815596569496
0.513082026407529
0.49583857163607487
0.4957139974534694
0.5172313896322904
0.4899006445537691
0.48977523791824723
0.49265022583513557
0.4901294019602441
0.4919252596091872
0.48621569107986173
0.4862239569507094
0.5054748926588242
0.47736140259682924
0.47736140259682924
0.47736140259682924
0.47736140259682924
0.47736140259682924
0.47736140259682924
0.47736140259682924
0.47736140259682924
0.5936315558787281
0.5905559486946014
0.6500177463756116
0.6623700002842244
0.6416700718904782
0.6528657143883115
0.6507885758074883
0.5699351817043624
0.6437425220038825
0.6566866651342765
0.6404172276140371
0.6385599170632186
0.6131733312515052
0.6338212173906579
0.6352715400432261
0.6392510656146161
0.6384287083477594
0.6304825518559882
0.6382181016045996
0.6252328738306393
0.6307423534053185
0.6398264693170506
0.619815768953875
0.6131246659472089
0.6354732779906238
0.6268600057049609
0.6297735012034633
0.6461607113830498
0.6291262596819877
0.5734590985630706
0.5982829955557436
0.6162499682641092
0.6273860383889939
0.6283730272074788
0.6265355414283942
0.6204191517144643
0.5984894015629353
0.6153412814713197
0.579215893746771
0.6151615113564286
0.5981807741030144
0.6181533029612075
0.6166816769903934
0.6049551756301752
0.6107340716201634
0.6197847954636363
0.6093901681009141
0.631594532419355
0.5850365335099114
0.6214460586404694
0.5860009221956183
0.5860009221956183
0.6186445688285775
0.621542131844445
0.6268324833614879
0.6140100002595652
0.6217271649828525
0.5830347255747177
0.5816996134877501
0.6194843808909852
0.5958528249683147
0.6185123486426856
0.6074685546491773
0.6300772168221886
0.5779795704198684
0.5597516983440926
0.6085033598264531
0.6258067485253161
0.6239849884375077
0.5539770548285474
0.623584383975407
0.5835958459747733
0.5879885477312197
0.555756155224635
0.5935977070310472
0.6057123140431817
0.5847148922652041
0.6184870184261438
0.5716938221988194
0.5549005519850508
0.5877259718865545
0.5996672271305421
0.5788704968645783
0.6131314480091861
0.5894373579880404
0.556321602257843
0.5885978894914808
0.6034908333882307
0.5693585142281796
0.6096822019608805
0.5823087341875138
0.5848233835679459
0.5953904162792604
0.6030289723447005
0.5736098354833542
0.6062768619067441
0.551526546062415
0.5957529675871196
0.6074677584264936
0.5901065609389131
0.6083556651137386
0.5775793849631371
0.6119706946412631
0.5606229440863361
0.6112260760160798
0.6077952205785686
0.5683995727763909
0.5876686934957933
0.5824023899015747
0.5657372080899108
0.6097176735690683
0.5573701803435777
0.5380792092009217
0.5393449729992189
0.584871133494772
0.570038861280167
0.5385556208872917
0.5704483381543173
0.5930315226842563
0.5387719728048007
0.5604006093752625
0.5430780016948739
0.6019868852459705
0.5604122469216499
0.5615370193953887
0.5378100148983295
0.5566070013649612
0.5609755531207038
0.5590228102769266
0.536014835723023
0.5776959506162098
0.5725182980248151
0.5846606372470867
0.5946334412670972
0.5320351292848787
0.5797805920466437
0.5327965075592959
0.5582266714585256
0.5355572145945189
0.5572187235430482
0.584458977404698
0.5613337175546093
0.560331352278235
0.5948691557714058
0.5428506908497825
0.5826135895103445
0.55984614068173
0.570617600384494
0.5670003859431747
0.5756651714557407
0.5590698923751718
0.5292687742179042
0.5622210232156275
0.5703216293761093
0.5351472173060626
0.5371375961167453
0.524731591450432
0.564952639415788
0.569582826915944
0.5265995085727015
0.5434959229515279
0.56281970537702
0.5404418020112679
0.5246684003858947
0.5632805911095409
0.5440173852960802
0.5650163710589837
0.5237472252128246
0.5454891584532844
0.5490733559965947
0.558134474433939
0.5565260924571609
0.5253282023594074
0.5277935376840315
0.5325884560791705
0.52846864345195
0.5505380386196405
0.5226156066233117
0.529535502320546
0.535037614223763
0.5464371789550955
0.5224883395756836
0.5359436889814042
0.5338860188366813
0.532075095673505
0.5195468327250676
0.5565768718361584
0.5196126714765757
0.5218792879666707
0.5194052079317106
0.5262089745292912
0.5488019554283765
0.5238124806554155
0.5163875780542211
0.5433108503346774
0.5151365085604948
0.5150111687015694
0.5146565283210127
0.5149365361828366
0.5163906789787495
0.519034446144837
0.5130598217845319
0.5337816522971301
0.5599499697577047
0.5106760387263688
0.5157432380122848
0.5404559503729018
0.5291859852616444
0.5122928566846263
0.5358773717345242
0.5083494607459801
0.5069825174726343
0.5097531595313308
0.5391104004895506
0.5108614669710922
0.5292609817828722
0.5227025530909734
0.5260241672529777
0.5078997039506902
0.5070420013890237
0.5086857550106719
0.5214600350505042
0.500814810652965
0.5211445949790597
0.5147346152131077
0.5191237330096657
0.5123376673817517
0.4949744338112792
0.49570706690407956
0.4960792318087394
0.4945592945054281
0.4956211973101197
0.49504658952972747
0.49193015945746676
0.49138357139063454
0.4912975797849785
0.49312810696575077
0.49255876732769416
0.49068912091624534
0.4869811626525251
0.4845144496263657
0.48310679295590936
0.47736140259682924
0.47736140259682924
0.47736140259682924
0.47736140259682924
0.47736140259682924
0.47736140259682924
0.47736140259682924
0.47736140259682924
0.47736140259682924
0.47736140259682924
0.47736140259682924
0.47736140259682924
0.47736140259682924
0.47736140259682924
0.47736140259682924
0.47736140259682924
0.47736140259682924
0.47736140259682924
0.47736140259682924
0.47736140259682924
0.6529941436352541
0.6141947669338531
0.6229867639087819
0.669322719452631
0.6518596033934002
0.6291650396342738
0.5770487447743076
0.6495655243953493
0.6231012852017507
0.5789833819650169
0.6195758292184265
0.6238522508381977
0.6319443929918384
0.6392989171284529
0.617995965317589
0.6068887632213241
0.646730642885885
0.644600140365557
0.6447867068611229
0.5954228832936194
0.6179330521071548
0.6158208191990705
0.6354133838336399
0.5835927551197915
0.6364443468292881
0.6349569807390208
0.6266320907394058
0.6259646411971265
0.6324578762130764
0.581432566405892
0.6258346856478887
0.6306564553924324
0.6155550178394362
0.6206422028380415
0.6012354658957442
0.6207888814170872
0.6189701136991583
0.6128396911786196
0.5850792320148154
0.6247515248466748
0.6299969144707568
0.6154246869323114
0.613847939200957
0.6258865810615942
0.6148849678309584
0.6185068938170536
0.5988219616171061
0.6251593426785956
0.6174066254279261
0.6253633228505139
0.6158951240374356
0.6108869362879258
0.607950521888023
0.5911085411161782
0.6006483222074861
0.5830994741435575
0.6268130813270347
0.6150742589138333
0.614215572066422
0.6144810464119665
0.5488846842794741
0.5903947568221478
0.6063112648722574
0.5510279374225179
0.5887201567023583
0.6154696427778877
0.5911599720187334
0.5963287457419755
0.6057751688401551
0.5721035558297792
0.6059748782147639
0.5966325775195649
0.5945603853292895
0.6047789748792787
0.5969826604054375
0.5961968070333242
0.5962327038608797
0.5936108557801649
0.6010496768032082
0.5855586870955812
0.5956610617805199
0.5902959067301449
0.5718460966017992
0.5818984636996574
0.5961786813455124
0.5881757125706414
0.5935578385503598
0.5903258576384741
0.5965522086892668
0.5840743384864262
0.5809949415109835
0.583552380838043
0.5695243311841669
0.5888758776112542
0.5827373682881207
0.5903868711001096
0.582813998812566
0.575138511311214
0.5721523453405492
0.5795062654653597
0.5701999709128541
0.5340203269263459
0.5705711525281479
0.5005071577132908
0.4912236972727575
0.4795551252373297
0.4773618895300946
0.4773618895300946
0.4773618895300946
0.7095250553134194
0.6061469896157866
0.6061469896157866
0.6061469896157866
0.6061469896157866
0.6061469896157866
0.604146577918548
0.6619198715106688
0.6022871671965456
0.6022871671965456
0.5989172808659453
0.6675055043139744
0.6512649383638296
0.6631100040428793
0.6644011449591329
0.6223929483155455
0.647844443327789
0.6212530052918368
0.6115588505139519
0.6283698279760933
0.5836798392566721
0.607857453195076
0.5796989932257378
0.6120339650202681
0.5624568841291164
0.5774445181915226
0.574848541595795
0.5672056391523473
0.5552916005880919
0.615933304718069
0.6074351435496192
0.5667700449959181
0.6028821479206865
0.6072038586349432
0.6058845284845549
0.6137584145638229
0.5792316623255186
0.5585617584183429
0.6089084016525403
0.5597869784040538
0.5527134085302706
0.6054854955043747
0.5884740310516557
0.5660565181676499
0.5856857724998343
0.5611568836861054
0.5601880056919926
0.5610976482744119
0.5313733677110056
0.544000220144547
0.5796366285894786
0.5426588806017534
0.5394114229168917
0.5312254698754061
0.5415604881982231
0.5327512249362598
0.5407144496507023
0.5336947209502804
0.5224404961526872
0.529803907992833
0.5237643614297981
0.5210049604251317
0.5252691722170764
0.5230213264700976
0.5056808221386964
0.5040068988996265
0.5369474140978099
0.5206552175070931
0.5050216229267939
0.5228550777587788
0.515105351075561
0.5264693559045207
0.5130294948355103
0.5038125033518485
0.5203103408327812
0.4998677059199542
0.4991421063134385
0.5126908544375682
0.4980257565921969
0.49718636280856526
0.49781004361912784
0.512843243640414
0.5128257830658888
0.495876229450911
0.5105372864066197
0.5088083957558062
0.4959276074070472
0.4945863628621081
0.49366084161537266
0.49299571468596204
0.49434547856487554
0.49278925920314925
0.5088602530433702
0.5096413388485886
0.5054472614311226
0.49224110879978467
0.4923603522066929
0.5039921429210118
0.4919785041019786
0.491314510017022
0.4904953292825758
0.4901462011828239
0.5025940762285823
0.5063117958554196
0.4877374924123379
0.4997480541880082
0.4893624427384504
0.4891626945741937
0.4899495259636166
0.4888475725683996
0.48877906662788767
0.49988484160186575
0.48828122671071733
0.48746155739967756
0.4897327462314064
0.5014938699423009
0.48521478801246604
0.48481888286746777
0.4822964657563652
0.4982683555600527
0.48717322480783204
0.4855641110630415
0.484433567365908
0.4832564705463777
0.48224408304784333
0.4824037635537553
0.4817180659598048
0.48221887514173417
0.4816258552474181
0.48243443987823403
0.48144125238335567
0.48105419908222385
0.48107156441368454
0.4801151429355018
0.4800383927204796
0.48021410698614403
0.47934350414325855
0.4793954658947039
0.47923935318179556
0.47915591411261016
0.4791842386758892
0.4791120553000021
0.479184079719328
0.47922898254817653
0.47899132356749935
0.47891549002540795
0.47685877538267324
0.47685877538267324
0.47685877538267324
0.47685877538267324
0.47685877538267324
0.47685877538267324
0.47685877538267324
0.47685877538267324
0.47685877538267324
0.47685877538267324
0.47685877538267324
0.47685877538267324
0.47685877538267324
0.47685877538267324
0.47685877538267324
0.47685877538267324
0.47685877538267324
0.47685877538267324
0.47685877538267324
0.47685877538267324
0.47685877538267324
0.6096574365245825
0.573975676012856
0.6119593423651057
0.6249018424570497
0.5985937258061534
0.626125759204966
0.5973129656630612
0.5728542565944094
0.6300885237000263
0.5849406202923784
0.5954469379739351
0.6046702085399848
0.6621603729121994
0.5889240966642876
0.5755163769658294
0.5640305218671356
0.5857664716406841
0.5588908557612353
0.6065803057514954
0.5551233634096269
0.5789777255473256
0.6107977433235378
0.6446618232248768
0.550777570287521
0.6015240680472325
0.5683084715614869
0.5508040587667905
0.5499377292038259
0.6443747383348578
0.6282112543805383
0.5926441999231412
0.6168354420436197
0.6143923770485428
0.6173013221184473
0.6171627906671053
0.6139334801884531
0.5876392964543725
0.6141158836316704
0.5790571294912413
0.6249256413323956
0.6154201058528536
0.5413147997457636
0.553826540062687
0.6216111823207976
0.6022123965796585
0.5571698540989906
0.5502373235510049
0.5919652139188882
0.6116660755212265
0.5565724005389375
0.5975075016513127
0.5986880096063798
0.6030026662305703
0.5431182182258374
0.5974543611719568
0.535686887518254
0.5510207809829445
0.5436202495241832
0.5971536186573402
0.586969749751015
0.5833412606196632
0.5677339306098863
0.5878866900490288
0.5346856636488532
0.5888134722242803
0.5839430555001623
0.5306372449622873
0.5799432379983591
0.5572503438925502
0.5912333802979293
0.5607000567485529
0.5532183085522598
0.5532183085522598
0.5288222829881766
0.573335799874949
0.5480575636806545
0.5450573909905446
0.5272563083082064
0.5436629030754461
0.5513305234844498
0.5474317581036359
0.5526739604426505
0.5195943179490878
0.51970196226801
0.5196140522867416
0.5184761001255165
0.5189571517832614
0.5625505515846835
0.5522813038355521
0.51573338912864
0.5571794905431402
0.5147169124065674
0.5129351138822552
0.5132576307638305
0.5177569642596676
0.5102480600898887
0.5071765718489205
0.5063281854164037
0.5095225455710757
0.5402795833653773
0.5097319717100229
0.5865996077590632
0.5038621350154056
0.5053694342403987
0.5029331186426881
0.5029723777859401
0.5011934586942551
0.5015217292225156
0.5118530320350226
0.4986946612244033
0.49773163832096384
0.4970635200531135
0.4966414273149101
0.49613177901756905
0.49539712525203383
0.49458938152548854
0.49478113580971655
0.5095076783124348
0.5249984776008546
0.4928529418695936
0.492284564350423
0.490355526502467
0.4903470203779698
0.49139701817953785
0.4829308431630407
0.5033229022211132
0.47736140259682924
0.47736140259682924
0.47736140259682924
0.47736140259682924
0.47736140259682924
0.47736140259682924
0.47736140259682924
0.47736140259682924
0.47736140259682924
0.47736140259682924
0.47736140259682924
0.47736140259682924
0.47736140259682924
0.47736140259682924
0.47736140259682924
0.47736140259682924
0.47736140259682924
0.47736140259682924
0.47736140259682924
0.47736140259682924
0.47736140259682924
0.47736140259682924
0.47736140259682924
0.47736140259682924
0.47736140259682924
0.47736140259682924
0.47736140259682924
0.47736140259682924
0.47736140259682924
0.47736140259682924
0.47736140259682924
0.47736140259682924
0.47736140259682924
0.6987752089085513
0.6240274306097799
0.6517277229070091
0.6718008003359202
0.5790640161634018
0.6761883338672813
0.655889072774889
0.6682001861618991
0.5746586007322676
0.6695166142805572
0.6475766359147063
0.606024214226429
0.6330830076655928
0.5684710732955437
0.5916426467550217
0.5829815515477168
0.5669612510976899
0.6344146278891515
0.5341037961197619
0.5309307724210784
0.5519575702915068
0.5776268867221386
0.5658133998742688
0.5669712000496242
0.5875440774574322
0.5286111684638861
0.5333474006147289
0.5316750556893146
0.5651685681071957
0.5274066531215189
0.5632696511080321
0.5658374560442136
0.5616977167329771
0.5591021745990613
0.5264103043791429
0.5498837628640856
0.5535218825870462
0.5536948194615814
0.5529854409494199
0.5521537830668514
0.5194918197666886
0.5463393601693172
0.5380611802065771
0.5210500255909722
0.5351629919009968
0.5566213675853671
0.5488187796527476
0.5308317829424151
0.5308317829424151
0.5308317829424151
0.5188061304964595
0.5274391198523047
0.5403598473465449
0.5512176769785883
0.5245609649288132
0.5462879295028137
0.516529194316897
0.5207587620412198
0.5426572980036329
0.5152583835175679
0.535836324561825
0.5449950660422035
0.5170153015173393
0.5125638626145279
0.5123511574922128
0.5411425887366937
0.5106216163071662
0.5119192135073115
0.5089637999234757
0.5081778833782464
0.5155452125623143
0.5067885809869981
0.536123790899892
0.5053301647569544
0.5073572908603023
0.5371589553255083
0.506711571153692
0.5034399109757486
0.5029581324642741
0.5065291288148237
0.5046036929588213
0.5059911438740621
0.5016545105355835
0.4991352124478012
0.4974060187326184
0.4970899036635611
0.4968902529609175
0.49835309273266737
0.4960289891359103
0.496061586421643
0.49498423364926647
0.4950710939510846
0.49522681099018234
0.49449437925938305
0.4907655057266719
0.5207996579560112
0.48943090985945603
0.4870375288320466
0.4861960231432725
0.48344096626831395
0.4806911988962096
0.47736140259682924
0.47736140259682924
0.47736140259682924
0.47736140259682924
0.47736140259682924
0.47736140259682924
0.47736140259682924
0.47736140259682924
0.47736140259682924
0.47736140259682924
0.47736140259682924
0.47736140259682924
0.47736140259682924
0.47736140259682924
0.47736140259682924
0.47736140259682924
0.47736140259682924
0.47736140259682924
0.47736140259682924
0.47736140259682924
0.47736140259682924
0.47736140259682924
0.47736140259682924
0.47736140259682924
0.47736140259682924
0.47736140259682924
0.47736140259682924
0.47736140259682924
0.6977910779403608
0.6630790821460597
0.6807257146780772
0.6138418677896696
0.6507355328108103
0.6708921721492852
0.6670639430541064
0.6236453478733305
0.6236453478733305
0.6236453478733305
0.6236453478733305
0.6193197828234035
0.6193197828234035
0.5976499889416609
0.6156432350470372
0.6156432350470372
0.6156432350470372
0.6156432350470372
0.6680178197680794
0.6107751797826564
0.6524913310176671
0.6588878831041256
0.6466289649238867
0.6068205767824606
0.6068205767824606
0.6068205767824606
0.6043650332737801
0.6043650332737801
0.6546083774990694
0.6433248743793436
0.6593035529134991
0.6407885202145436
0.5999547979190021
0.5999547979190021
0.5927625236282953
0.6484209564552998
0.5987865597825089
0.595963857062795
0.656472485919459
0.648383808720493
0.5925994792452168
0.6286937998109418
0.5970262739390824
0.6072950035002858
0.6359714399884234
0.6438714258007752
0.6625966397995081
0.6541674232133625
0.6378206053900063
0.6477841423373606
0.6356636795104758
0.6488195270689333
0.6383971440061899
0.6483714943308443
0.6364272372262173
0.5856313214344041
0.640069876710243
0.5880046271804511
0.6287433961320644
0.6313735981856314
0.6407336410259494
0.5640489358122887
0.6407277227641078
0.6431823334752728
0.5914741446799964
0.5957648113292126
0.6421855380460105
0.6293321144063504
0.6254989375046988
0.5530036475624099
0.5830898092117217
0.628168046266482
0.6451958958788206
0.6275435348384354
0.6335853855846985
0.6122012307990254
0.6357990380693496
0.6171640397146994
0.6348277227104243
0.5961931450362473
0.6361455535400176
0.6220334481446139
0.6362836388691337
0.5684591398975885
0.5737378949469308
0.6194369025229022
0.6049355085801756
0.6207247918654696
0.6251553360407855
0.5664917140974145
0.5640209528161242
0.6223009800736543
0.5720092856221062
0.6097192764087682
0.5481536078826991
0.6158722491775391
0.6238858561846239
0.5397132395895409
0.541344375405011
0.5703434716925893
0.5939863662955415
0.5336931473508433
0.6045033368511303
0.5634415209328191
0.6074319631599924
0.5321585417743478
0.5332915805167254
0.5946844395466154
0.5454564903280185
0.5591908438223124
0.5643695554869401
0.5608634998773565
0.5604274613438812
0.5536394494922353
0.5520667669784595
0.5192272773688322
0.5492900244984882
0.5501705199032346
0.547635955724253
0.5344486038280772
0.5423108428920128
0.5322664325812245
0.5322664325812245
0.5303238005385043
0.5269353034286248
0.5269353034286248
0.5160780160545141
0.524016368976132
0.524016368976132
0.5459402227546881
0.5420443713518469
0.601219212844642
0.5435598448103387
0.5198867307535834
0.5455602545561274
0.5354598042628923
0.5402005174637223
0.517005242775534
0.5419256294419269
0.5320454373891645
0.5242238074929618
0.5951345268428915
0.5295371862121853
0.5326649715589573
0.5342448519295081
0.5316840370957874
0.5363301299930083
0.5352786444053694
0.5397357688823128
0.5331627231066408
0.5391825380016059
0.5386690580842587
0.5336318014108031
0.5395907477394075
0.53754082030192
0.5063391018732966
0.5373393079935342
0.5056597681605138
0.5144281092612438
0.5044205726612982
0.5325960929715325
0.5319169051249167
0.5023878933402787
0.5216228797133573
0.4992110843749478
0.5219163025830073
0.5019896003436429
0.4981944899541148
0.49621345763308317
0.49464196201276506
0.5080347432804304
0.5155067135130171
0.49099973266842767
0.49071236822013203
0.490501999038439
0.489820391278138
0.48858213570318304
0.4876732160973004
0.48723501597710833
0.4870877571796294
0.48670382711566545
0.4847878871656711
0.48352376912256073
0.48362467833989536
0.4809975201956574
0.47736140259682924
0.47736140259682924
0.47736140259682924
0.47736140259682924
0.47736140259682924
0.47736140259682924
0.47736140259682924
0.47736140259682924
0.47736140259682924
0.47736140259682924
0.47736140259682924
0.47736140259682924
0.47736140259682924
0.47736140259682924
0.47736140259682924
0.47736140259682924
0.47736140259682924
0.47736140259682924
0.47736140259682924
0.47736140259682924
0.47736140259682924
0.47736140259682924
0.47736140259682924
0.47736140259682924
0.47736140259682924
0.47736140259682924
0.47736140259682924
0.47736140259682924
0.47736140259682924
0.47736140259682924
0.47736140259682924
0.47736140259682924
0.47736140259682924
0.47736140259682924
0.47736140259682924
0.47736140259682924
0.47736140259682924
0.47736140259682924
0.47736140259682924
0.47736140259682924
0.47736140259682924
0.47736140259682924
0.47736140259682924
0.47736140259682924
0.47736140259682924
0.47736140259682924
0.47736140259682924
0.47736140259682924
0.47736140259682924
0.47736140259682924
0.47736140259682924
0.47736140259682924
0.47736140259682924
0.47736140259682924
0.47736140259682924
0.47736140259682924
0.6808170050248599
0.6371402872191141
0.5852742021277149
0.6646145256550969
0.6492918831031836
0.653725823672331
0.6677337929696887
0.6391567528082963
0.5730542329136389
0.6579281225300324
0.6492949002726457
0.6589193235630018
0.6557647314822355
0.6606422604773592
0.6028943219859141
0.6492457609370492
0.6425775113633744
0.6133008023544088
0.6346781266839431
0.6513530885598442
0.6092693447680182
0.6095113474714884
0.6356873873424036
0.6463218033234238
0.6058404525520387
0.6058404525520387
0.6058404525520387
0.6058404525520387
0.6058404525520387
0.6058404525520387
0.6058404525520387
0.6058404525520387
0.6028190453822784
0.6028190453822784
0.6028190453822784
0.6364522005444482
0.600101852089071
0.600101852089071
0.5999440155718897
0.637777034991084
0.5976257882810371
0.5976257882810371
0.5976257882810371
0.5976257882810371
0.5976257882810371
0.5824485190775279
0.6521547046534338
0.6279059149289948
0.6373452282914632
0.5953480937590321
0.5953480937590321
0.5953480937590321
0.5953480937590321
0.5952228734161816
0.593237770654683
0.6269408351343321
0.63944250624503
0.5912713858909914
0.5912713858909914
0.5912713858909914
0.5856333721136353
0.6382446132064339
0.638249016619406
0.6371018215758139
0.6269656196150374
0.6296549031021302
0.6286064477219958
0.6357485653065486
0.6176323486488962
0.6422215658850355
0.6445919275459404
0.5987023253290781
0.6409888332130645
0.5805177328088444
0.6296356292715886
0.5965569062583082
0.623734963845518
0.5708896019088759
0.5816616187869398
0.626672492621544
0.6391247126114596
0.6316085014717405
0.6307829711824109
0.5987112675798764
0.6352350110150977
0.6289757176280828
0.6203454373479778
0.6288505253697689
0.6400642441416481
0.6204709941377227
0.5573155359430394
0.6252688399914366
0.6628250717704198
0.6257412824109465
0.5666908326097482
0.6182969283348518
0.6386546116847692
0.6324708398358168
0.6151221098319293
0.6235536471138028
0.5548030399546493
0.6101657199443026
0.6290775749536863
0.617784482070143
0.5791362413791314
0.6185032369742366
0.6200469044425507
0.6157255396026002
0.5654448306236327
0.6269057984056974
0.5510251249398381
0.5521406499729886
0.6244021908332117
0.6224356661723423
0.6249071455510684
0.5675960216522519
0.6335784659635606
0.6335784659635606
0.6070561028762926
0.5517189766295929
0.6172009479927036
0.6075206290279163
0.6215892099692386
0.602977077873153
0.6085566887172272
0.6216379544367548
0.6047362204651074
0.5477656460214825
0.6023053447916263
0.5779537805555505
0.5865372999179042
0.5755039680657879
0.5667463826992817
0.5853061075258348
0.6151770317451707
0.5732928890987045
0.5732928890987045
0.5732928890987045
0.5712715520810899
0.5712715520810899
0.5712715520810899
0.6007169537435182
0.6198935062080616
0.5450785228929601
0.5457522185990153
0.5694067598849495
0.5694067598849495
0.6117338270474225
0.6188648585402446
0.6129237759426523
0.5676743639725759
0.6138618895317001
0.5653340521120335
0.5448817843481276
0.5929905496567597
0.5673741413485273
0.605644518637285
0.5959803047051657
0.6092992608679888
0.5768216086924414
0.5768216086924414
0.6061524868042077
0.6111991654688587
0.598364428393166
0.5740505199304006
0.5740505199304006
0.5579797959767271
0.5716037483306855
0.6179143359927328
0.632894638443528
0.5693994352468921
0.6064685500207979
0.5673874139206995
0.5625448359541143
0.5408022466618857
0.5381572505226362
0.6149580785009077
0.555541225202481
0.5638135190219158
0.6044204239930488
0.5973075931542999
0.5501278467967732
0.5802278768404627
0.5520637709072869
0.6096695794209657
0.5502598314907484
0.5974998696382303
0.5925188335495903
0.6077347615659977
0.5358822756574918
0.5494958885887118
0.5563730451980802
0.5843200038336748
0.5941400229816516
0.5344939273287906
0.6093608348776934
0.6087262557920714
0.6103290937905766
0.5356858779105933
0.5321116473886793
0.5308591019063
0.6006547963674822
0.5326296760254452
0.5613577318507471
0.54647489573294
0.5331503860569422
0.5893947130584116
0.5303481698204203
0.6028462216357202
0.5261302276421684
0.5284621122551617
0.5627325670193878
0.5266942538004538
0.5746584546937552
0.5308065773875228
0.5277035958060683
0.525558550099271
0.5453775444570169
0.567892370544858
0.5398223065744299
0.522430555732531
0.5221552856640987
0.5591987787639889
0.5229848772201076
0.521468003999692
0.5215534557271178
0.5220340444903181
0.5197819662139849
0.5548450801159409
0.5182293126503508
0.5660941016810563
0.569713620502031
0.5283640583833387
0.5163261368831257
0.5276406563305228
0.5167270040858986
0.5157843897677756
0.5147401533562204
0.5151259141888381
0.5110916417760725
0.5212165689899346
0.524097465701406
0.5141479445659252
0.5088478059989724
0.5082740369208658
0.5008417301197762
0.49685881461472126
0.5166391513558259
0.5094186512788843
0.5111954076985156
0.5060156765985359
0.5116442961458241
0.5099086662810222
0.5099086662810222
0.5099086662810222
0.5099086662810222
0.5084745230313724
0.5084745230313724
0.5084745230313724
0.5084745230313724
0.49393997389614924
0.5072168222838679
0.5072168222838679
0.5072168222838679
0.5060810943721852
0.5050380799425372
0.5050380799425372
0.5031634247751392
0.5031634247751392
0.5015031592367593
0.5077098221479565
0.49240361677473804
0.49979934904956097
0.4992692751554187
0.4880847583041543
0.4829118897201046
0.4805394451519576
0.47736140259682924
0.47736140259682924
0.47736140259682924
0.47736140259682924
0.47736140259682924
0.47736140259682924
0.47736140259682924
0.47736140259682924
0.47736140259682924
0.47736140259682924
0.47736140259682924
0.6520443629322871
0.6810411551275144
0.6457793331149596
0.5757837378810547
0.5973715584258141
0.6328043608326178
0.654405554687459
0.6568077190527359
0.6016311681796425
0.6486052604688933
0.5958937082825261
0.6094321700568448
0.6094321700568448
0.6087511031157566
0.6064199228400665
0.6064199228400665
0.590688485804666
0.5610389499663548
0.5989944993394868
0.5989944993394868
0.5609050972111198
0.575599496099499
0.5616088291922084
0.5582175738274971
0.5530692179880975
0.5994617356553585
0.5881629072587996
0.5458088525164076
0.5463378619948779
0.5444240905490476
0.5685504515700222
0.5304595461881275
0.5390598607573512
0.5445397463227483
0.5235344681612079
0.5723808748037942
0.5705106139440548
0.5624552144391566
0.5620602928305694
0.5476072558493662
0.5154768682335729
0.5284006168470444
0.5466718608447467
0.5500912033661445
0.542671483950508
0.5423943853292529
0.519431337561491
0.5274061766696173
0.5394678029984343
0.5561272468582162
0.5593501337253626
0.567430350886822
0.541710709205071
0.5320386652261216
0.5256559448634197
0.5496361676840947
0.5454964545015101
0.5398062692380742
0.5166059558469012
0.5461361787515275
0.5486131962305466
0.5126289297423537
0.5230851659966653
0.5156262402283697
0.5117736946807975
0.5569137027729872
0.5089127764744987
0.5187440184340493
0.5090785935997144
0.544193232302874
0.5141054283855089
0.5137791011147306
0.5471286182392143
0.5423594672510045
0.5397059211163368
0.5045896518329179
0.5552520051139116
0.5406154081943035
0.5406353560727657
0.5042003888950701
0.5067637573167738
0.5437817712899874
0.5208203987278083
0.5350038209640117
0.5018825492924063
0.5343021062807546
0.502499977398085
0.5019429716564299
0.5022402728114652
0.5015949057130796
0.4996738932732659
0.5001716714209195
0.501231699874339
0.5010526577554282
0.49947301866816113
0.49777071984155996
0.4988128931188881
0.4972472072178251
0.4973250896411842
0.5243971979585265
0.495989164192046
0.4962890962477583
0.49787852690963985
0.5307774646348579
0.4940961521796822
0.49538189621511103
0.4936435792014234
0.4936848382981979
0.49526881536112577
0.4934100424864416
0.49292335659942643
0.4932261111818643
0.4928923798212671
0.49286201931213275
0.49185128702574615
0.49187311255944893
0.49145472298188
0.49117064452135695
0.48989168023194396
0.48922226497997284
0.4888271330203513
0.4882853191387369
0.4883424197315866
0.48769411958954323
0.5190559771576053
0.5082940655837633
0.47736140259682924
0.47736140259682924
0.47736140259682924
0.47736140259682924
0.47736140259682924
0.47736140259682924
0.47736140259682924
0.47736140259682924
0.47736140259682924
0.47736140259682924
0.47736140259682924
0.47736140259682924
0.47736140259682924
0.47736140259682924
0.47736140259682924
0.47736140259682924
0.47736140259682924
0.47736140259682924
0.47736140259682924
0.47736140259682924
0.47736140259682924
0.47736140259682924
0.47736140259682924
0.47736140259682924
0.47736140259682924
0.47736140259682924
0.47736140259682924
0.47736140259682924
0.47736140259682924
0.47736140259682924
0.47736140259682924
0.47736140259682924
0.47736140259682924
0.47736140259682924
0.47736140259682924
0.47736140259682924
0.47736140259682924
0.47736140259682924
0.47736140259682924
0.47736140259682924
0.47736140259682924
0.47736140259682924
0.47736140259682924
0.47736140259682924
0.47736140259682924
0.47736140259682924
0.7107683078268008
0.6475476424698325
0.6296196162574983
0.622439996929188
0.5911054574793526
0.6316379665014578
0.6167689083245885
0.545273994626527
0.5887496924093132
0.5740121144953925
0.5738796974906751
0.5888801551252173
0.5910658380668851
0.5482077641974641
0.5861034199279473
0.5901198403454808
0.561628129563324
0.5593734801739546
0.5593734801739546
0.580453110661527
0.553862844090432
0.587570380869986
0.5844003052371751
0.5583288103618086
0.5572716538827331
0.5723637301708236
0.5508347626292471
0.555173097754044
0.5784548527248777
0.5743583331299339
0.5725471144211366
0.5676897325744183
0.5353421482493725
0.5418583920985566
0.5681971409180376
0.5731851361393654
0.5705102425732105
0.570627423006783
0.5505590338069853
0.5697140784987046
0.5461668849284026
0.5461668849284026
0.555700975823669
0.544480992348771
0.544480992348771
0.5228686390203852
0.5434701105960618
0.5305509306812995
0.5580754070865132
0.5486707601530142
0.5403560530289288
0.5232487489403812
0.5434406676594015
0.5630025744641391
0.5380894460569786
0.5523265461369029
0.5438454142182821
0.52330774966983
0.5280880933875721
0.5636110424533827
0.570495418116644
0.542092816486391
0.5587065623513837
0.5722043138334444
0.5199476042824576
0.5530383874542464
0.5539562487983337
0.5299938436378909
0.5393285553783348
0.5421070307684138
0.5325600579413103
0.5336293279328285
0.5377158983134451
0.5729715990896654
0.5296832528830456
0.5377578504406797
0.5157023392837624
0.5275016055812934
0.5319338838004192
0.5337426271570104
0.5461419454669344
0.5464719977640756
0.5290795810408279
0.5409568313373118
0.5102286547072528
0.5377237331303583
0.5377733453300889
0.5299091118936363
0.5452766064363322
0.5473638331150487
0.5135997995441539
0.530495977859425
0.5398226255741051
0.5302264549343626
0.5091448081816572
0.5412262699032626
0.5138319858843898
0.5137284749501702
0.5418776077484417
0.5338636433382117
0.5077250133637304
0.5082716957710336
0.5065336237317614
0.5238464430012583
0.500433251093944
0.5119546184781808
0.5199887514324969
0.5149922824104153
0.49568127411344426
0.5261690588655572
0.509925151376024
0.5226285142397078
0.5122577889311173
0.49334499551240246
0.49337134010532285
0.4952525906007228
0.49132725192558846
0.5132390411869389
0.5076547503958796
0.5047388501151607
0.49162964704276035
0.502922977207465
0.5060028136916878
0.48867283303801407
0.49418721574529517
0.49240351346146316
0.49115951699448746
0.47736140259682924
0.47736140259682924
0.47736140259682924
0.6757955734281259
0.697084733753002
0.6701296604460614
0.6027066771873206
0.6282233967193857
0.6382887602624406
0.638788610722975
0.6386055541853426
0.6429885863308141
0.6335091685188176
0.6251062951208045
0.6095936759284875
0.5569590862073458
0.5743694470047357
0.6123715613776579
0.5870952504354529
0.5829276435094156
0.5516571330777688
0.6029575668828311
0.6197149452407974
0.6235193378171041
0.5487457545190281
0.59229764133034
0.5783376999343216
0.5820437501059086
0.5741225932021682
0.6167071222265214
0.5739542051647368
0.5653426179774326
0.6149129102835952
0.6176262519763352
0.5456414134391702
0.5565161332260827
0.5406278639167443
0.5686041576706512
0.5435403791356247
0.561233073103442
0.5444545692724534
0.6193010672104083
0.5944783194843285
0.5393053466114063
0.5394215925755533
0.5720135237858256
0.6103713048254606
0.5727044229622719
0.5627572862210332
0.5952234120972881
0.5554035507897096
0.5950473578147759
0.5848954882876273
0.6036360894320647
0.5410452751937098
0.5769255379647725
0.5368280763017347
0.6003443128022399
0.5323284282735053
0.5879219631593675
0.5668768825628645
0.5598584164465938
0.5530734346370844
0.5714569641053593
0.5742277931846224
0.531879963178364
0.5758205085009016
0.5328944617894154
0.530447485095405
0.5296280908077117
0.5441673833925497
0.5659858536983258
0.580537161129942
0.5280690747469995
0.5595159938314632
0.5266781860403917
0.5311977110108398
0.5308952379527762
0.5246417659879828
0.5241364637834655
0.5372131116417903
0.5272072173663518
0.524013781224524
0.5636052737780399
0.5224814408401017
0.552645074604403
0.5204142739837904
0.5188723653491373
0.5203869224824416
0.5722350993461313
0.519374820670078
0.5240885611530018
0.5273810063661002
0.5621811876953439
0.5223786870067051
0.5172532494431541
0.5171360712758902
0.5419951355875167
0.5155309772583837
0.5448696166779354
0.5510063202640808
0.539345117549202
0.5176137055706531
0.5086553846003783
0.5350004479009056
0.5126252128103428
0.5345123094404475
0.5569537817845271
0.5484169094544343
0.5144677744806422
0.5121727769868932
0.5091607016438049
0.5100132112420193
0.5095703825258469
0.5102556902846785
0.5351447176566927
0.5079017116115175
0.5084665498308109
0.5082399177057573
0.5316906190781991
0.534447971466522
0.5271730952149188
0.5296078396325281
0.5031632261863478
0.5229410472848605
0.5019845944744777
0.52611732337963
0.5215538634538758
0.5049224351260044
0.5023339024967779
0.5009992290393056
0.5040804807683167
0.519151851733661
0.5209515466127473
0.4961875811914055
0.4958013630859147
0.498835372812651
0.49931297649529865
0.49941475765655685
0.49620341413429725
0.4948347933500487
0.4927849387417088
0.49353843518231644
0.4944529318517172
0.5034890822403527
0.4899347999405039
0.4898758295939338
0.4901096486253431
0.48785297859970816
0.4857661423595958
0.4878005329322201
0.4852917558562598
0.5003978916265875
0.47736140259682924
0.47736140259682924
0.47736140259682924
0.47736140259682924
0.47736140259682924
0.47736140259682924
0.47736140259682924
0.47736140259682924
0.47736140259682924
0.47736140259682924
0.47736140259682924
0.47736140259682924
0.47736140259682924
0.47736140259682924
0.47736140259682924
0.6527038838395515
0.6819902950672827
0.6235220732941648
0.626592707442266
0.6236793553915656
0.6554095256680904
0.6422837910085579
0.6027089909110996
0.6426043215392477
0.6546878841054667
0.6118516385349568
0.5985845170332407
0.5853514436746021
0.6431947928290939
0.5819045347033757
0.607852934950104
0.5961038772260083
0.6354997235920973
0.6290444268709164
0.6341670738590849
0.6103329112716852
0.5885689661524078
0.6266630046700759
0.590873404721472
0.6145009911119684
0.5875321558227073
0.624726021926042
0.6271189894633039
0.6108002841183027
0.5826569335509341
0.5734711522729176
0.5780330275096359
0.5822937139570821
0.5975543050422056
0.5820201437651461
0.5860665881319929
0.557503652598917
0.5860471140506779
0.5823390647899843
0.5823390647899843
0.5823390647899843
0.5823390647899843
0.5823390647899843
0.5926923994397777
0.5701431185210992
0.582535564675867
0.6095021896300226
0.6094377447026117
0.5742859786379307
0.57478611517728
0.5763325423318131
0.5797024048428895
0.5816210098701389
0.5840071929199446
0.5919370359607269
0.5730880788963187
0.5748397033808657
0.5699851459347387
0.5710271726375831
0.5514198556836127
0.5785990692281884
0.5703910756823983
0.6147461419166017
0.5746678875398465
0.5726046801647543
0.5723391992423046
0.5954660154637541
0.5624841277974697
0.5783490832841371
0.5620187416011123
0.5643255137342463
0.6081018875873782
0.5637204803120811
0.5607104907235105
0.5683373709357756
0.5638370953470554
0.5945933154351359
0.5753682426268428
0.5834167245589891
0.569622175877294
0.5849388224793631
0.5652615796226558
0.5713063172367808
0.5630980469078318
0.5720692412672181
0.5629893862023246
0.5552634231043413
0.5619123171922873
0.5631405784949618
0.5736505253762124
0.5653581785359658
0.5555529928403786
0.5504237881560916
0.5554329732019225
0.5646479357991738
0.5815979434792483
0.5598038510484966
0.5640271318917421
0.5464664455062808
0.557299910655702
0.5708242953064846
0.5560567589683617
0.550640321672944
0.558272872869803
0.53159807836621
0.5886731484865483
0.531933573649901
0.5471426860390295
0.5463068705339049
0.543434677375661
0.5500127865217075
0.549130913547319
0.5528368086638831
0.5296941100941653
0.5852351284193165
0.5612051358483213
0.5480828051027871
0.5314942207301558
0.5434150780134782
0.5411716320108154
0.5423978614269578
0.5447540042599286
0.5482883402583636
0.5406403047010833
0.5374520689642425
0.5221729573945586
0.5252233882532213
0.5426171866554828
0.548962723942914
0.5204419531225978
0.5744548443239069
0.5214311977840665
0.553521021729263
0.5160869452134438
0.5585459247814928
0.5152976788198642
0.5637142142014261
0.5522431162183506
0.5446053947351911
0.5488947949277307
0.541355287302501
0.549356865668411
0.5403590076932219
0.5244674826385085
0.5169421718782771
0.5122805187041195
0.5415430844636047
0.5358702750358487
0.532185262072694
0.5369929883994677
0.5300163441190183
0.5115307315936326
0.5401993595950955
0.5259164251526789
0.5334045778925124
0.5293349695767834
0.5237379926626041
0.5290175823822987
0.5218319163851628
0.5218319163851628
0.5218319163851628
0.5218319163851628
0.5218319163851628
0.522172513051133
0.5201093930181423
0.5201093930181423
0.5201093930181423
0.5201093930181423
0.5337973868454646
0.5326382976973695
0.5109724411408547
0.5185248237931103
0.51790804509783
0.5185248237931103
0.5311368591764408
0.529283116353246
0.5165063453519693
0.5170506256594142
0.5329372708096214
0.5156685486101381
0.5231550122014468
0.5169898325668533
0.5315273465105004
0.5315503446524149
0.5292222994380718
0.528096712615534
0.5243468339268268
0.5249147638267534
0.5267413057067308
0.5264755576079234
0.5060455446231137
0.532047232097962
0.5278393408610932
0.5210819349316249
0.5306352649189711
0.5033604866294774
0.502357769577963
0.520465838821082
0.5182503797918185
0.5163844496835703
0.5269180601928943
0.5155217866643175
0.5086437029245291
0.4919781496361197
0.4920189007589595
0.4912976850177159
0.4970279091475062
0.4904057768102475
0.4897721065550183
0.4883220326873865
0.48930763003948213
0.4873256335962653
0.47736140259682924
0.47736140259682924
0.47736140259682924
0.47736140259682924
0.47736140259682924
0.47736140259682924
0.631301134095589
0.6845587527408318
0.6173793292076057
0.6355141155586741
0.6285747208211526
0.6350546378719908
0.6318636855280645
0.6335014114619318
0.6395088713548664
0.6208165069203
0.6345774230431865
0.656407227695608
0.6288932456272547
0.6236759107451544
0.6253738684197526
0.619187672626203
0.6293631344143894
0.6267881885410457
0.6113606160761931
0.6251512878086123
0.6017276593906588
0.6118722468537071
0.604076263438407
0.5612751201262263
0.585665549625219
0.5579876094674501
0.6050272719449217
0.5817376801191361
0.5784710715375119
0.5784710715375119
0.5784710715375119
0.5955377825808326
0.601727509251937
0.575618917516509
0.6148116488900504
0.5730588207493378
0.613548840491528
0.5701426502263636
0.5707207630277845
0.6015599480491022
0.5634771185459796
0.5634771185459796
0.5902747046181552
0.5920154530032055
0.6043471328054985
0.5575626249694398
0.6042126172776328
0.5507556863743835
0.5883395769110163
0.60899846311591
0.5503349677797217
0.5402974501681901
0.5819817717127452
0.5783244780849658
0.5307098682541656
0.592275645351737
0.5752565216979781
0.579215464592118
0.5462593402219278
0.5474492144759584
0.5856585500025313
0.602775847291302
0.5800168493672453
0.5910614904346141
0.5931238722927938
0.5370865401637255
0.5370255817939044
0.5360841436093601
0.5392959866966749
0.5964297497429426
0.583076760265698
0.5924981531980943
0.5470789577908589
0.594108007642192
0.5288208540326259
0.5416874008376952
0.5284688980236705
0.531744243867259
0.5322222380675792
0.5825363187641417
0.5297652353926016
0.5268889163547645
0.5236296978374103
0.5262517542907363
0.5752067806177922
0.5408105946511932
0.5231578209533561
0.5233400436701088
0.5215027918631948
0.5198719086067455
0.5715694417413207
0.5020426594996792
0.5173755201801804
0.5502284676571064
0.5152460917685263
0.5595157281500303
0.4874921259726448
0.48343509158049564
0.47736140259682924
0.47736140259682924
0.47736140259682924
0.47736140259682924
0.47736140259682924
0.47736140259682924
0.47736140259682924
0.47736140259682924
0.47736140259682924
0.47736140259682924
0.47736140259682924
0.47736140259682924
0.47736140259682924
0.47736140259682924
0.47736140259682924
0.47736140259682924
0.6472346173459853
0.6793248120249868
0.6463498620948337
0.6364902357460458
0.6711310169069179
0.6455069825115644
0.6649373718484487
0.6243483166122276
0.6225059938436555
0.6531329739213708
0.649754710023227
0.6106013005619153
0.5652070419617299
0.6383167364226224
0.610704783451961
0.6084072083937453
0.609988579607915
0.604086798663775
0.5869812077661409
0.6008822669078924
0.6360519315007838
0.601107685452878
0.6006787105723457
0.5997116899269641
0.6167826857068941
0.595405845453391
0.6157745768045467
0.6277487439675872
0.5931635458301242
0.6014957127583881
0.5879921216073496
0.6093211543859065
0.5495527606168709
0.6103268611096946
0.6153761755944395
0.5900134212572287
0.6284372594200806
0.6199715025196215
0.5918376377674381
0.5916060778817508
0.6258147658282562
0.631307477831008
0.6002481566943803
0.5866858758403266
0.5908383440441421
0.5881521216340426
0.5854769825744767
0.5938707289005383
0.5625635970639179
0.5815625034135511
0.5695649762845235
0.5685076493669746
0.6150218179425876
0.6104047848133418
0.5469119758948571
0.5901232740783254
0.5940798691535848
0.5913932597278421
0.5794197654626536
0.597296571391569
0.5764417612241941
0.5924139100430404
0.5714685973486592
0.5860808378005274
0.5584313666026882
0.5930919419206864
0.5601811102555314
0.5760210155508918
0.5735790327096193
0.5953827793787109
0.5748145073897021
0.5852802352897383
0.5788167497975714
0.5784989445039294
0.5370900376920353
0.5717603910756598
0.5651190469341938
0.6129049141043881
0.5742381426360282
0.6013053393112198
0.5715165532947287
0.5941682500029195
0.579756632570805
0.5614279763642503
0.5733658701108899
0.5590784410820051
0.5365147433318223
0.5617471650703485
0.5914670009336046
0.5538287363963262
0.561136834225804
0.5658283081364868
0.5794349024923383
0.5508423134347186
0.5548411413716163
0.5799801213459238
0.5467541496436806
0.528701140544696
0.5881356577641775
0.5608216397126533
0.5602621037775821
0.5630442377863092
0.5567342300906246
0.5620655880426062
0.6010734620418083
0.5558689793058329
0.5465894846880419
0.5204424926830886
0.5237193223804752
0.527331466705125
0.5154608928455763
0.5208214754955931
0.514234245329098
0.5423919962606724
0.517985740162826
0.5643729466941699
0.5495046447278716
0.5608127444180776
0.5554287193181762
0.5521709168546611
0.5122939494835173
0.5506747649831861
0.540378681684057
0.5419990555762715
0.5168578996336731
0.5026893951355504
0.5232639355781957
0.5132673605574866
0.5020274371334836
0.487935424925788
0.4870581449349083
0.47736140259682924
0.47736140259682924
0.7038519669892849
0.6541129346970785
0.6407368341768379
0.6195659287280876
0.5724850513253653
0.5710205497444246
0.5606245392122743
0.5979954728424155
0.6060800282141408
0.5653859560148902
0.6065857653461199
0.5948038139843062
0.5557777081272697
0.5334495465314798
0.5370779437713807
0.5656078667734465
0.5588743549331014
0.5302557741384949
0.5585227081717439
0.543399416283348
0.553219332526733
0.526385351868619
0.5625923643402387
0.5450872347894038
0.5275579035382644
0.5638892778719204
0.5467342553393338
0.582001778811276
0.5497458301858164
0.5524590197607858
0.5189427555577603
0.5166280870418026
0.5158276617658895
0.514877347303107
0.5149301559278199
0.5119483771946868
0.5395560085260124
0.5363497912459413
0.5368151679875711
0.527034682284155
0.536212549026029
0.5350748189958139
0.5104789253682577
0.5333378976240737
0.5337292158186211
0.5284597109754195
0.5247978106563113
0.5286246573745015
0.5184039202981405
0.5215118759356449
0.5138684886985645
0.5138684886985645
0.5246290129008447
0.5168677169057544
0.49860053053519526
0.5205787805251978
0.49900448377817314
0.49717401298396036
0.5168950239719607
0.49910919134533155
0.49242355315762704
0.49316795250512485
0.5114567304107079
0.49267275032092683
0.49171943089464343
0.4921834198686497
0.49446562778475645
0.490155381426941
0.4925144308288265
0.4911619334054902
0.4861530267304513
0.47736140259682924
0.47736140259682924
0.47736140259682924
0.6915921088865403
0.6681231637829391
0.6015325204045692
0.6394337018452754
0.6020492000987402
0.5917442290533078
0.6543091891424476
0.6276116733893118
0.6193678631379604
0.5877021545058169
0.6131416269030373
0.588295124791037
0.6024782369506897
0.628494425104626
0.6107800314540396
0.6144275067079048
0.6209984035163522
0.6233030131713325
0.5664584283898888
0.6142363140180892
0.614668411954681
0.611913441953077
0.6252705412658355
0.5689962856096814
0.6283759232664865
0.6057861954832225
0.6179158151562839
0.6058826723932204
0.6011791035416181
0.6005471119120938
0.6000799393368313
0.5991800356334908
0.5635145784125019
0.5635145784125019
0.5635145784125019
0.5592256109484389
0.5600478927724687
0.5600478927724687
0.5937070021064985
0.6052120907023739
0.5968881027789721
0.5946322379936735
0.5576431456065638
0.5576431456065638
0.5567133417692834
0.5576431456065638
0.5576431456065638
0.5576431456065638
0.6008327415931188
0.5962911854904713
0.5556435082899425
0.5556435082899425
0.5996948958665738
0.553867183241926
0.553867183241926
0.553867183241926
0.553867183241926
0.553867183241926
0.553867183241926
0.553867183241926
0.5924782692993159
0.5912129315470667
0.588256187267017
0.5987014181776121
0.5517440607683466
0.5522434492263957
0.550737397295997
0.550737397295997
0.5919683126895066
0.5910982813557747
0.5542356196792902
0.5480009073500028
0.5860542530272282
0.584147153451343
0.5911370748403326
0.5467458407978542
0.5464363818188995
0.5896572345085009
0.5915406425276851
0.587660602595999
0.578233782126803
0.5463155878519895
0.5475230769680205
0.5843490719847743
0.5808234801428431
0.5522536762823693
0.58387549128034
0.589865162954223
0.5894113793035756
0.5850104928783441
0.5665360861810055
0.5455294224301352
0.5432643382658126
0.5821475094291253
0.5421639187032853
0.5746584884724308
0.5447663083669846
0.5437882636069584
0.5731203900833676
0.5718490433678164
0.5410890679138324
0.5725840917172537
0.5477057847269923
0.5386681787615509
0.5373784745420771
0.5685688991025118
0.5388332418682249
0.560677824678222
0.576926984649407
0.5682733845626948
0.5664837257521848
0.5654710293821703
0.5363340465313016
0.5485559799383629
0.5472689648760737
0.5302690570351305
0.5369790244724549
0.5316579881498021
0.5591638092041368
0.5354795858924858
0.529370418564889
0.5640028667004787
0.5279950279546524
0.5397521888800777
0.5390189311527077
0.523079481723043
0.5229623566136121
0.5219682605190588
0.5207086611014279
0.5178622558643222
0.5174162547757825
0.4922712895105177
0.48787837482637636
0.4889093593825908
0.4850946789583337
0.4828892380083467
0.47736140259682924
0.47736140259682924
0.47736140259682924
0.47736140259682924
0.47736140259682924
0.47736140259682924
0.47736140259682924
0.47736140259682924
0.47736140259682924
0.47736140259682924
0.47736140259682924
0.47736140259682924
0.47736140259682924
0.47736140259682924
0.47736140259682924
0.47736140259682924
0.47736140259682924
0.47736140259682924
0.47736140259682924
0.47736140259682924
0.6491041103156381
0.6678462590680575
0.6707226570849041
0.6107508973274325
0.6172449985198665
0.6283456367506081
0.6039815104852573
0.6658169909768701
0.6547828212959398
0.6041220690011053
0.6396931221655746
0.6064191428856089
0.6549541341133416
0.589564603696294
0.6581584219631051
0.6146274732205975
0.5708941436293538
0.5766373844596467
0.5897672098529035
0.617471632119884
0.6051662960724029
0.6407796607171974
0.6502308409223382
0.6317002191279936
0.5929134114130017
0.6344906073631656
0.6373254643777795
0.6361093817898151
0.6248245775453614
0.6343421160704975
0.5987681345507001
0.6295505042042207
0.6295505042042207
0.5563438141389517
0.6401507765329839
0.5600911311525176
0.5600911311525176
0.6357932745067376
0.6478533465301943
0.5926973911369069
0.5848737324328092
0.6303369345991763
0.6382454683436831
0.6248655336161912
0.5575769746071167
0.5913831686910602
0.634335414931142
0.6263965944283986
0.6201823505916211
0.6287200921951582
0.5920140416941555
0.6286321009777531
0.5822607973186728
0.6218175788785253
0.6182926101016241
0.6141164669147505
0.5471028159725484
0.5665032950033185
0.6093716620651597
0.5865049919377668
0.6100928505210063
0.5882757969999078
0.5527146777434847
0.5823215140283078
0.5450838840809563
0.5762617815179781
0.6060079930457722
0.5845573613059423
0.6086469878370461
0.6064631975466096
0.580657767828205
0.5897541109912889
0.6137199836218444
0.6069022267608252
0.5663236134348175
0.5376616065439628
0.5662163274833689
0.5944294714193133
0.5771098143708627
0.5898689549157089
0.5946160748805676
0.5794567157137799
0.5353819631780224
0.6090440787148375
0.5934355402778474
0.5755269137112659
0.5323060121396063
0.5511309589321759
0.6034179320986819
0.5920172212255691
0.5309365722162915
0.5658908956951691
0.5528636528855408
0.5675514155033747
0.5604160316746019
0.5609167831509709
0.5625366149036999
0.5532329836838964
0.5558822189783332
0.5307852172239361
0.563684861928893
0.5601806481849434
0.5573505815937926
0.562197059910014
0.5519677601673643
0.5921404142141409
0.5512605527572877
0.5425977288398722
0.5565610423614438
0.5602098252328458
0.5502208404450838
0.5516760654010484
0.5635856750404068
0.5457240172189138
0.5582543098106156
0.5541082438949071
0.5775878674531207
0.572684227205754
0.5386439842165652
0.539149743061717
0.5509917481340564
0.556136551297694
0.5440295118098105
0.5213963145311078
0.5414949215985149
0.5681368067812743
0.5551607370116896
0.5380092615909214
0.5519049300623224
0.5413824096357016
0.5471498151552775
0.5456566731141297
0.5583177540985599
0.5594345466985153
0.5502850466951218
0.5339135815182492
0.5311300631107344
0.5266711728145032
0.5581259436328824
0.5505138395629058
0.5564617010556107
0.5541600967440277
0.5493572707867164
0.5517937817989703
0.5373724927926591
0.538628277306804
0.5133446436222225
0.5312247141427127
0.5493594161819972
0.5488900790513813
0.5539603190475739
0.5442731181998152
0.52187876447817
0.5519423128531866
0.5439582841957128
0.5526099699510587
0.5072409201927157
0.5312491171970947
0.5383034372930294
0.5276100806147133
0.525945313269142
0.5261111188835337
0.5274039657854922
0.5350891662380896
0.5347650964363572
0.5281116323797611
0.5447602853994906
0.5300548726590781
0.5392230069294062
0.525991562947112
0.5382384319013251
0.5308434085170359
0.5207905710361089
0.5224115620147172
0.5245469250809242
0.5184239515433255
0.5352381814432062
0.5098525879099571
0.5381738597472654
0.5294231367696012
0.518252689363878
0.5304051187408982
0.5209168943409149
0.5272949091634175
0.529246420578648
0.5126894482929121
0.5229716261580682
0.5024895434901299
0.5247919213486109
0.5214424415077303
0.5184718938973164
0.5165700719000026
0.5165700719000026
0.5165700719000026
0.5165700719000026
0.5192593119814278
0.5150759263747656
0.5150759263747656
0.5150759263747656
0.5205800658441799
0.5137951411873205
0.5137951411873205
0.5137951411873205
0.5137951411873205
0.5137951411873205
0.5228764237938182
0.5126500140164538
0.5111258129267223
0.5116024405790619
0.5116024405790619
0.5116024405790619
0.5116024405790619
0.5106306265130186
0.5097206227175378
0.5077391114737047
0.4959187237994684
0.5194399510698027
0.5147525742958321
0.4990318109908541
0.5030495905755034
0.5070524412343962
0.49846889310406944
0.47736140259682924
