0.09872953554460158
0.07925008383269111
0.12152110907870034
0.08775206692516804
0.09858176289126278
0.11981551701202989
0.10049572810996324
0.12150171400979161
0.08100192974321545
0.10099190548527986
0.11780520427040755
0.0928085320473959
0.09336464326052617
0.08873810284305364
0.07184463126119227
0.08584764670270184
0.06614017574116587
0.06923627443922063
0.05470602975847821
0.06935658429128429
0.07215723731244604
0.09432556105001519
0.06568703940448661
0.06704979926037291
0.074894425929524
0.11213396107467512
0.05700583724227423
0.0734480190773805
0.07356014135992155
0.07542617597461988
0.06636096600908786
0.07468688286918526
0.075716003877266
0.0668104878339606
0.051893227983576554
0.07584691564086825
0.06997905242877701
0.04197924917602601
0.07207712826319039
0.09053744398678343
0.06688500045333058
0.11168052492663265
0.06503335862187669
0.10807645010451476
0.05379493966892672
0.0698457471622775
0.06816326577371608
0.03608454096208637
0.056937262754266464
0.06535987548219661
0.06815743066680928
0.06297147726795325
0.06573707381573816
0.06497820804982135
0.06379256445216015
0.06339883001210789
0.06352931741081799
0.05096203921750809
0.06318289019943525
0.046363920096773655
0.06512122405304883
0.06179615586918468
0.06104260550268615
0.05056743881277119
0.054934421390450246
0.05430170037240411
0.05429140050507461
0.07572197227428357
0.06912016565290591
0.06895457648827384
0.03426299168456656
0.053379404133496185
0.06914240014118453
0.055330081845944123
0.0678184121257315
0.05811273274982038
0.058122739388297
0.06056466596356282
0.05806938842365829
0.035370468179074424
0.05868810432186971
0.03732434037723578
0.0637847874329115
0.03878899044822901
0.08705288560672973
0.05967986364499666
0.06396420477695453
0.06294381654355675
0.05916086426586844
0.051427743973908945
0.07605181423248723
0.06044584525904308
0.05748659616336226
0.04781538901578945
0.04273671992549983
0.047112248852305735
0.05497442683010983
0.053128508162529516
0.045208648312060784
0.057750717393355445
0.04873741415639719
0.04800523414897422
0.06163653864835699
0.05143190889037214
0.055277828810115656
0.044240633881029987
0.054592088414356116
0.04605187804438174
0.06725162268150597
0.05096650845371187
0.048654527629259973
0.040164689064646764
0.04633594850078225
0.058689021444879474
0.05174990118481219
0.05248692076614437
0.08808749685063959
0.04395649331544216
0.04693113626291354
0.049210696132698406
0.04502043005079031
0.040390173915075135
0.036183854376431554
0.04303821823559702
0.03401697334911053
0.043202897317241876
0.037125564018109194
0.0652384486165829
0.04754427208099514
0.056788590089417994
0.04023565256269648
0.04344378774442399
0.041735406105872244
0.03129119471802066
0.07359751864646871
0.0437016586214304
0.04362445874760548
0.054122451829413575
0.042027095841864745
0.04913353589829057
0.02942549528903328
0.039366995999589566
0.03234728925395757
0.04342966360040009
0.03367177669152928
0.029966627499864746
0.048554192282414685
0.030198474689386787
0.028635636438072348
0.049305102748330686
0.04156287446928521
0.04076133872848004
0.051602659937925635
0.03521534071071073
0.04304229852433006
0.03336418345027293
0.03035034277359955
0.04483050549790884
0.04053032952244393
0.032669909811423474
0.0483590074419044
0.03499277268769219
0.038609629428635044
0.03774476264060164
0.036600776618967455
0.03164194188837428
0.03173211228606912
0.036758471853099765
0.05929262658969189
0.03776415882942577
0.03629464491600326
0.025035785479703917
0.04191782146304225
0.04215568062189656
0.03717644633802896
0.04464365546358749
0.03137420687630462
0.0383462144966082
0.02367275727679953
0.024019676720102627
0.07927727267922213
0.0976342340465635
0.10116343836455295
0.10397405106884738
0.08423154746803145
0.05656529405464729
0.07274961072951555
0.07318444557798405
0.053608014949907856
0.06713905340526254
0.08463068569699923
0.06529783382701378
0.05375420251861215
0.0712183306971565
0.07256119893863797
0.05503695491856585
0.05125214450371762
0.0632548699217538
0.05285207827265064
0.062413277306283516
0.07497570084407926
0.04625229263484167
0.0612593770523866
0.050242777233943346
0.06609234263965238
0.06199505962431431
0.0601275713617603
0.04149741565187772
0.06567661390795063
0.06010837207082659
0.05369527747078488
0.05386760291022559
0.055063538981291155
0.04338586358741547
0.0478691417700611
0.05747493210869531
0.06725966437564541
0.0391911668330431
0.040395923315469796
0.05472611377791812
0.04027630321526279
0.061351487622596325
0.04521403736745318
0.038519245583641656
0.044867679669211305
0.07439413868822158
0.07439413868822158
0.04025516057930266
0.03934875086376754
0.033095385197084395
0.060648789796202134
0.029687261443274715
0.05374903911724686
0.06078347235918045
0.030687651617142063
0.04382148536387831
0.052539297002367674
0.0390129345562309
0.05405333424995964
0.029911111085287604
0.027868351511036355
0.033405336039916925
0.03315637659591933
0.03930470615741797
0.03046552015313258
0.03382118855564234
0.04637737869711903
0.035412498734658585
0.02671096971646572
0.035529426891589534
0.06427398786880076
0.05745248555826644
0.03203290426909613
0.027694632958931226
0.03375656081130728
0.036705249211130046
0.03687476999863672
0.03482709517392019
0.05840271161558727
0.030607304747682064
0.05591610745061189
0.03318422944983467
0.036880628427801036
0.038417755942791704
0.025150717516274502
0.019913506821418802
0.02739751053508371
0.02566870953810091
0.04304481299594045
0.022060139058933902
0.025889051707151035
0.06305797395917277
0.01789194095026081
0.03515037165333827
0.030744867871205013
0.03566349786745074
0.02657236986871188
0.01683881726503993
0.022764083962732305
0.020636343921845157
0.02335470016192024
0.024538037066813557
0.020123751930271584
0.020281407451063084
0.04386199733746859
0.019975761563012687
0.020070665491512044
0.035992868944692114
0.03781958731279398
0.02497096126123021
0.019764634370997857
0.01853029612607012
0.0189012979073838
0.019790681708836928
0.0544458002220684
0.06062457201381524
0.03563108807817723
0.05054795199073851
0.05091050595898802
0.016856199858011678
0.029822353956988082
0.07859896555853386
0.050443729179290436
0.01679710851244939
0.01946136132464744
0.016790750658061977
0.024117732781839245
0.036508061757776884
0.024824973848493147
0.024019676720102627
0.024019676720102627
0.09002101256822546
0.06343993343102436
0.12600689401850104
0.1206689117041727
0.07719326396162311
0.11494909482697646
0.09492851738507549
0.09492851738507549
0.07046542247058823
0.05490142980745683
0.09674236550616722
0.06999772382279237
0.059939624838298185
0.0746072271373123
0.05665648143078821
0.05836696768257146
0.05497961760653804
0.056309465885472795
0.050564095966207485
0.07281391562661156
0.054504024816366535
0.05070838315063156
0.05488841402422016
0.05753524678914497
0.041446224020328375
0.040789104911188284
0.04938783344890301
0.042578853462667515
0.05073570911772549
0.04790765247074887
0.049567001529503614
0.0747717691748403
0.06908436566436042
0.04225332584775363
0.07634766987990588
0.04142201848405724
0.05203935273418513
0.03338634791240717
0.06191762713172162
0.05130713965161703
0.05221585671727856
0.05023975143131489
0.03182288488761211
0.03158310343472597
0.05017805964530756
0.020961321049447482
0.044433936713418616
0.03237550132519876
0.04551533767060997
0.036667572078683104
0.02750851043208968
0.03164576584706083
0.024476991272725474
0.04481181038795815
0.043491508452376974
0.040719864524435254
0.03798645727840873
0.02327692879422102
0.043167124463167665
0.023114304766641
0.0354529708949849
0.023976776200385453
0.0333220108350118
0.02708094665547833
0.02691684524160034
0.033987623546660566
0.07032598867585572
0.023097858598727424
0.031072378254806
0.03263969279592857
0.03977968089204902
0.02579270227268959
0.028373916603935262
0.04051089018854934
0.02719548770148928
0.027845123800216243
0.03629918460889409
0.03629918460889409
0.025530405510605002
0.0305175091784137
0.037363925124130525
0.03251388112005467
0.029826943495233234
0.0243948279437609
0.030165051891235636
0.01791592118679546
0.047409400902688505
0.035209235487272963
0.04449444147020889
0.0262570682746203
0.03646283998852596
0.03785880494513549
0.030740782322827728
0.032751969234474626
0.04594384475960396
0.027728634845698253
0.026929938102839515
0.028100685852696188
0.04538947366178036
0.05202591866448832
0.02072150267000931
0.03350076977047138
0.046128080697963016
0.04015465971742136
0.04141051668751364
0.026617059068133435
0.044205138942149155
0.03469882761283467
0.016311490353158053
0.03499085094508094
0.01646663979064518
0.042244226082305734
0.026333716488443314
0.031682754359596096
0.017564772515712927
0.014313751020818017
0.035867336033843455
0.037243807968528324
0.01445636295635874
0.016372895021534835
0.019645538677771888
0.025523920313765606
0.042696941659475365
0.029922462762721504
0.027385691485057276
0.03615538533932219
0.016338855625751117
0.04318949008205285
0.026703921706260493
0.02812875552025313
0.037590099876591315
0.0196249456028454
0.03250898315687664
0.01871349463860194
0.04169732646512178
0.04248396384995431
0.026981810399253542
0.04737733828214308
0.03992660818582711
0.01902467684315828
0.037246269829338416
0.03944428565135846
0.019437282144402466
0.017902976400218904
0.042569946049091714
0.04203402000945061
0.03732485712350657
0.03634866024677952
0.03723877049361666
0.028256264348747208
0.022372925830228874
0.01943034601591838
0.042082742584170774
0.04447323281900026
0.018196343374826635
0.023178675938397647
0.010826188505549604
0.023782380723860116
0.023782380723860116
0.0440769077395089
0.031173932128585876
0.015158351543359459
0.03290403563878499
0.028273480305603393
0.03095031566762676
0.03581882838664266
0.02323458163882606
0.03098524344153702
0.026806924677609156
0.027077634104061873
0.032248798731792094
0.020006666980916635
0.02036313666535231
0.01759477796576296
0.02259269712686849
0.022628949764572706
0.02289691101682062
0.022291466187840947
0.023126123903008798
0.023612436295176547
0.05139160046159911
0.01734669427581442
0.016314369616641972
0.016144917010872936
0.015915818323458855
0.020979713227134197
0.024019676720102627
0.024019676720102627
0.024019676720102627
0.024019676720102627
0.024019676720102627
0.024019676720102627
0.024019676720102627
0.024019676720102627
0.024019676720102627
0.024019676720102627
0.024019676720102627
0.024019676720102627
0.024019676720102627
0.024019676720102627
0.024019676720102627
0.024019676720102627
0.024019676720102627
0.024019676720102627
0.024019676720102627
0.06984457475754122
0.07143686059707155
0.11687021425925195
0.10285098628296206
0.11450279334560037
0.11450279334560037
0.11077067768201232
0.09113326797106613
0.10440910756587982
0.10440910756587982
0.10055783684986333
0.10278843823044251
0.07010920350905508
0.08908460726495832
0.06265992775093764
0.05701649815930675
0.06424597997722836
0.05661874222724388
0.0951584210122625
0.10639517330564559
0.08844871774936716
0.06356627660337835
0.057177398128745456
0.06851497643472006
0.05342214432079345
0.059110211458367604
0.0730142689216882
0.057637134833882255
0.06423928124636101
0.04966071954928339
0.045811487479756274
0.055736736793381474
0.04826201234323283
0.0722701992187649
0.1088577193239083
0.0998948689425985
0.08263737216126174
0.05248255228817773
0.0791345771033472
0.09556536598596722
0.12091396175014477
0.05376540736916165
0.10343994023278355
0.04937329745967872
0.0517787937373699
0.0476038482474784
0.050295930122956634
0.0509206418619336
0.047248459367159136
0.0498503837773266
0.08454764812098195
0.04937894925785562
0.04828811826844079
0.04060604675478923
0.04809235928657775
0.04136731484672054
0.03493866713407139
0.09249379308661446
0.04231492328612755
0.07447068878371889
0.041034043547697366
0.02655407295678742
0.03615021201626708
0.03385222437791526
0.0392311674860927
0.04622461561191206
0.043955563836110136
0.0363557634386234
0.02373854468460195
0.04045048285702554
0.03687331775824229
0.02688535143310825
0.026395571320317685
0.0409879309804334
0.020842649946765355
0.024924401567162326
0.036414511265077935
0.02481687402740742
0.04129337790577362
0.030062865902436897
0.042057221004118524
0.03884171488539626
0.02990735444550713
0.03179960386284317
0.044510888907437526
0.028474482915286595
0.042391041685283806
0.03248398818386098
0.041605266706707576
0.02836941310185163
0.03295519569170816
0.020197413180333874
0.021284096299981077
0.01892210297790977
0.03175332541752141
0.03227725407690741
0.08129957057846089
0.020538480391648288
0.07070826009847224
0.07070826009847224
0.03204038818366826
0.04924789255329718
0.04924789255329718
0.04924789255329718
0.04436094631906599
0.04436094631906599
0.04436094631906599
0.04436094631906599
0.044650628230689715
0.04234562289590637
0.02800563660139839
0.018382316681478793
0.023841947491358345
0.036325065299558146
0.03615913662438591
0.03176580551274431
0.0317086835935091
0.07385305965862547
0.01883197502543529
0.030657415494400386
0.030797206340357663
0.042199608005660895
0.035935567157963914
0.032039585581903035
0.017371970176269923
0.01727515081409365
0.032042306220003716
0.020660745643932995
0.015291257308563217
0.039224885799145945
0.016901536494648706
0.017401423836903025
0.0172447701349544
0.03821120672354785
0.016147538819738353
0.019480413784816242
0.029223545692705858
0.02449719457111011
0.02168438725018253
0.024019676720102627
0.024019676720102627
0.024019676720102627
0.024019676720102627
0.024019676720102627
0.024019676720102627
0.06193403772854557
0.08478679698891937
0.04787573099602014
0.057731313590581215
0.05150075236568227
0.05545996232579152
0.06437637710943818
0.0419091139974383
0.04590088830795139
0.042741514205311734
0.03403695712254072
0.043438057807895045
0.034057399982120845
0.04244689166235427
0.042570061201695354
0.04681920340129485
0.05211908288532868
0.03618221119899923
0.03547511294251308
0.03562399447895587
0.03749628433647255
0.052424061903730036
0.04330662433058023
0.03988936594221741
0.0467566850517566
0.03816870539061104
0.03774623773914451
0.030935805037346047
0.038277914673866084
0.06665491862222553
0.03261290963836169
0.03763756079153002
0.053737028430526454
0.053737028430526454
0.04999631678995987
0.036636341254537304
0.04992093961763506
0.04254472711744408
0.04254472711744408
0.04254472711744408
0.04254472711744408
0.04254472711744408
0.0831299879285507
0.033364748868819634
0.0348528447188437
0.03425230618411054
0.0296817036679325
0.0296817036679325
0.034627736227897304
0.0407411749936485
0.028074150198178056
0.02763378139138998
0.04389795506955124
0.028380159787096394
0.028380159787096394
0.048981831575122974
0.05599509754606212
0.028410369096673094
0.04532708449366813
0.0321173494249039
0.02734357257548254
0.029360100219685895
0.030937741883293103
0.026793037440511397
0.025754324494628236
0.033731491905831114
0.029363126600704465
0.024649432183553775
0.03809873123265182
0.02549700570991263
0.029542431087854006
0.02613877108010153
0.02872650704657038
0.050280360050188995
0.03411542068002746
0.03333441071697356
0.07797966639356067
0.02538139069879738
0.03469302065980931
0.024185521808685734
0.025502785459781685
0.02350631057789239
0.036257001869768525
0.02566146311350167
0.02633232798698979
0.027257336558153232
0.024023988104502982
0.02505834166193381
0.03858160218223929
0.031015881111379713
0.025919919923180715
0.02309909667974959
0.029869652118456238
0.02092484037935113
0.03605669800832402
0.025210146108487
0.025050347079134856
0.017740351258932304
0.025973388002409288
0.020422410545870663
0.020005496108982092
0.0351878331163122
0.03643191249265025
0.018499973657308145
0.019108552031684666
0.02074957395341092
0.021325799525366163
0.01977214069357918
0.01819399154706237
0.020954892815789206
0.02372694719291758
0.03593645480500224
0.02275730374385603
0.045342124910093845
0.03544220912503079
0.02323931958778606
0.03099107649332533
0.024961874874813172
0.016385657782666384
0.03858165751366566
0.023407396467713018
0.039520565620235475
0.03643034519938131
0.022355614744592456
0.02651814282561342
0.02939957968890667
0.03631035237340256
0.01571589280036278
0.016154154581793895
0.015441784462503468
0.020210278019464265
0.03227592309044364
0.027968249941865603
0.015646148143569006
0.015916366609356677
0.022449020687878754
0.01772475869472449
0.03408622270605217
0.03271617864258587
0.03443673637152339
0.022280986510838072
0.021378124000815055
0.018981139863220354
0.030645289316695804
0.01872531610618656
0.01821685818489641
0.028372607685935993
0.034035014510154726
0.018674119611581167
0.02079054255077305
0.020039752245647833
0.021484528956158707
0.029256911262637006
0.021532324698443215
0.017163082994520663
0.04362152566861672
0.018243139816913754
0.019681673440306136
0.014840312607120723
0.02165164176103038
0.014377163055663307
0.019904657086590304
0.020665453487696748
0.059444774620545406
0.024019676720102627
0.024019676720102627
0.024019676720102627
0.024019676720102627
0.024019676720102627
0.024019676720102627
0.024019676720102627
0.024019676720102627
0.07531807333230972
0.06826629316434264
0.07456825730390847
0.07526444065384567
0.09367185947640488
0.07863794158988943
0.07769729292369448
0.04575878850805263
0.07592818432332327
0.08720175794015328
0.07414901266340167
0.06890789222437889
0.05510215017789354
0.06337950058591862
0.07649835022632033
0.07781236724617581
0.07864883361384273
0.07640859817930808
0.08219741431375345
0.07058046015833194
0.056168896186475956
0.0739783343160525
0.05224163100123405
0.05519093756796792
0.06926458820700646
0.07566665487363934
0.07152939850464463
0.07477238064166158
0.0697527085399876
0.040653306211849365
0.05879262373782694
0.0462645544949919
0.05808049894946938
0.05645816265217339
0.07209884308899442
0.04532162851421163
0.05196007618214935
0.04797717564040795
0.0591979662515223
0.06370650049182586
0.049639994830358775
0.041274383356018615
0.059789653880288826
0.03844138285455605
0.03930249044904485
0.07179277442395687
0.03754088110523299
0.06568438703194261
0.04140375706211974
0.07283153443286816
0.07306707587403556
0.07306707587403556
0.06625840293864409
0.07673484901897609
0.06443765970257422
0.05346819873976832
0.05269844136821727
0.06683875758666545
0.046609877037505305
0.05715731761651113
0.041461231213761496
0.07648584726111342
0.04775141409520681
0.06115744024204711
0.049015559165272865
0.02550485803745687
0.04428581866901368
0.06870578394271433
0.0744460108395045
0.036136502425652
0.06956587550385544
0.05408831755747087
0.04488308553389894
0.024932513846239696
0.03400432849846159
0.037144727126772824
0.040523810346300405
0.04478881161039074
0.0406024383722494
0.024357433695113288
0.04119046273757704
0.04183668704315399
0.03681761509544837
0.06430290952635308
0.04053511386853643
0.022962628310003008
0.045338925847706074
0.05680938565288671
0.04000340490446736
0.06116900736776491
0.042028835055728755
0.04344550988636911
0.044850333284121004
0.050576259614899755
0.04286696887264649
0.040761126456782225
0.021644951229682192
0.0405799254650871
0.06355035821752002
0.034842382746282964
0.05995745468845901
0.04146855604679634
0.06670952797013645
0.039400256533020483
0.057237571328878405
0.07198072005917008
0.04879183574851292
0.04338338154523323
0.04493797233017782
0.036666193871448434
0.06632500620946909
0.03529227373267834
0.01771245452070919
0.022370383318824072
0.03800988442885379
0.047283734790980816
0.018193975346706186
0.03897118321775148
0.07334303810649241
0.020427719984048357
0.050471442001871765
0.03068330340242634
0.06588468014107396
0.03759381235615971
0.040505326935478175
0.01750605718038666
0.04504487064628241
0.04472403134995451
0.045741083716663224
0.01756086916080676
0.0396209230821114
0.04200247802344772
0.03711649297115704
0.07094554483657703
0.014898999717552215
0.04267750638149058
0.014862534095300362
0.04151077036629431
0.015635792564135043
0.04197742374575076
0.06144686311677409
0.047621317805799965
0.04610820039524697
0.03742353715157757
0.037568791737236706
0.0388653104697975
0.05185908966387311
0.043080813423342385
0.045685611240721
0.03889892877700428
0.03887836694600992
0.01436700504894058
0.040106436592759566
0.042702703092557685
0.04870244013494812
0.029593939251887302
0.013500695085773865
0.039409861350043984
0.05045240611614039
0.014176961514167488
0.06244632324979951
0.03714393620806125
0.07714565221608306
0.017894981839538863
0.038984308063906306
0.048588267634622755
0.04661944079445675
0.017882020628700653
0.0387492660987967
0.04234266134599845
0.03951727749896236
0.05716319282539189
0.01224156035692431
0.011689017589281623
0.04061239638365805
0.02546672901759545
0.04356765931472182
0.01872428401877793
0.02380019798447999
0.04586479711423939
0.056914291992240275
0.014084469648854186
0.04918623000150547
0.0466637133480981
0.04260257444189241
0.011848161958623678
0.058275631077898044
0.019813597126631066
0.020807475545831646
0.022417095247656105
0.040269331587478516
0.054842199322689945
0.040823465791375683
0.015239402525282154
0.048605170224327594
0.01562058069743216
0.015353595193785926
0.015819667344912886
0.01560724235760669
0.02853300970707399
0.01460586174003159
0.018166006611815343
0.05096234934947764
0.03489148211277401
0.02141114282926234
0.018425185498781502
0.04480520946594576
0.04011433788536427
0.01852624083830354
0.0448348681248414
0.027533803067247693
0.017195620118873194
0.018943428999821967
0.053443455981711546
0.019094631638533126
0.04364235655792678
0.048070514333279184
0.04498310280420507
0.01991109786982027
0.020539167580427602
0.020172548088400313
0.043841856454964724
0.015967925136210398
0.05131419552645335
0.04490778539407377
0.05172452311303156
0.04707754453333716
0.017344655946362763
0.0251901790072831
0.025203018308384343
0.01881548697516943
0.01719489003958491
0.016063402510480954
0.017321402362237375
0.021505990187482286
0.017135557809378952
0.015376670515009513
0.015762861531693487
0.015663004597493757
0.01483423204200032
0.016586799830353507
0.02261417149954165
0.024019676720102627
0.024019676720102627
0.024019676720102627
0.024019676720102627
0.024019676720102627
0.024019676720102627
0.024019676720102627
0.024019676720102627
0.024019676720102627
0.024019676720102627
0.024019676720102627
0.024019676720102627
0.024019676720102627
0.024019676720102627
0.024019676720102627
0.024019676720102627
0.024019676720102627
0.024019676720102627
0.024019676720102627
0.024019676720102627
0.08356927566385518
0.10480824831873178
0.07564188725858306
0.12623746341715256
0.10484337060712277
0.0854270378422613
0.06106514229283978
0.09894717009970919
0.07152721647794048
0.045906547244327765
0.06433581622395043
0.057684074261536204
0.06982774955996622
0.0849668281013146
0.06654068568410973
0.055916818162659185
0.07745749485678971
0.08127493654688199
0.06355836573367317
0.05596399170656999
0.06713488755437234
0.06154739076271653
0.07309974752754594
0.06490062278928235
0.0717594936893632
0.04773874922345082
0.06305470648997774
0.06337441069850078
0.06464522389384607
0.06661554300381492
0.07728772368941766
0.06477284752142926
0.06886022053348521
0.04859993897844106
0.04847727945501295
0.04896396587447574
0.051290569085783014
0.06804873670994614
0.047764575771677
0.054908127907353145
0.06179508015823861
0.04357926150861507
0.04267560493433848
0.05611714166899522
0.04357697622772927
0.07406307994077603
0.05749469701045503
0.06522103244283547
0.06258667421061545
0.08619606328662485
0.06087690565579881
0.07263345949118957
0.04933669623065119
0.058653680133478096
0.061031443791774415
0.03531293725129217
0.09045323284963767
0.07607533311937004
0.06689625951306273
0.05652008571351568
0.03443107503660334
0.04404596741311252
0.07279907868321364
0.02805054610168251
0.05121284970936055
0.0637459296376134
0.038766084319601456
0.059506112506302694
0.055152757920635245
0.06436769985205805
0.05505634683572377
0.03515203080605715
0.03844628149953981
0.0545617846182237
0.039581055557355284
0.036988987474081414
0.029192555998452007
0.03467953349386031
0.07109199249030401
0.028346458070445807
0.05127739753108471
0.037573715501154466
0.032090906884210804
0.043903776610968635
0.06191447853421172
0.024013450969165812
0.04235521249861146
0.0571127538002717
0.05810330440600713
0.03738410445822713
0.045712061221711335
0.03668972370525201
0.02699287737952545
0.061880313924824196
0.044597309017941976
0.03381037672515959
0.0491668025283919
0.038062862193522354
0.04279119967366569
0.07376583848536636
0.043591714721017825
0.022499264697156227
0.04736674936565881
0.035583206893255316
0.014963471147542198
0.0349514022981748
0.01900663449972247
0.01900663449972247
0.01900663449972247
0.1178081378247589
0.08442411979815612
0.08442411979815612
0.08442411979815612
0.08442411979815612
0.08442411979815612
0.07873255669604987
0.09087029893882573
0.06544057933691268
0.06544057933691268
0.05817894781085973
0.08154561008326709
0.08530726981504509
0.11310446858095625
0.09527326742808025
0.06454063188129415
0.08180278833955526
0.054884048154732835
0.041243248727793495
0.0664988857259353
0.043440624058712275
0.050475995759479704
0.0435522275006709
0.04804137677885592
0.02827525630903741
0.0790528690100958
0.07541500777937472
0.029657180762151257
0.0273596516965578
0.05027049725487207
0.04684828301348413
0.04777230347041041
0.04063654694512176
0.03753071515122428
0.034045598165442545
0.0533065074053593
0.039803098083939406
0.03382755826925859
0.044407052997654926
0.02373968361178413
0.027298117716951918
0.044588033807619165
0.037906145197727406
0.030443015177734196
0.04180737714787635
0.021339903761011858
0.02097273412082965
0.022359210704453288
0.01802124871367899
0.03122347475301164
0.05352486508471581
0.02374554429106259
0.020208802621345966
0.022334148208610714
0.03601953722924615
0.02369626479650227
0.03795496398233809
0.033428856992007545
0.024505391054941962
0.04779464190127328
0.022898576004663482
0.028173841803412262
0.023544818808635074
0.02418663743301295
0.02972787855193019
0.020504067824222146
0.02213556841830723
0.028127856307352584
0.03236149962758646
0.03745809275850964
0.024003911312902346
0.028982176333277796
0.019141167677395668
0.023349949104789023
0.024287196725684527
0.023826945984037593
0.02991596661779719
0.03291310531514076
0.027087901886940623
0.029197231009214494
0.02993622552913924
0.024111830204492434
0.03212423404717508
0.032975231331850714
0.02554848200835598
0.024910047908003132
0.03274596488918178
0.023475118734641
0.0207369573887748
0.0199926452684061
0.02865873965085484
0.019115513768435146
0.026985134305432437
0.030490719119552524
0.02410006892324115
0.020727270249820625
0.02097571657737717
0.021378045047167688
0.021913019164154928
0.02294320016594914
0.023062933176988737
0.017429509217229983
0.026370144510098423
0.04424399770059002
0.017614819773395237
0.02017642927317259
0.021656438937255492
0.021961977493483574
0.01986255729299349
0.013755012887219588
0.021548496139391016
0.03211042678953769
0.021407597867461544
0.021262856161920352
0.022208402502583338
0.03351617002976127
0.014602556232130155
0.01476864455966279
0.02045567277004011
0.018259166275771954
0.04204182409021693
0.03395425180982178
0.02859377655472296
0.022994913207367063
0.028918551717263957
0.027308558661025016
0.028699885561751824
0.026691592161078005
0.02765801755168165
0.024572122457514826
0.022614156379907702
0.018207487989760313
0.018430644281130906
0.019346222944247225
0.017604610345248753
0.017046224581232915
0.018719277512282133
0.017457317679266757
0.017544641398902362
0.017064637461056312
0.015631510042973484
0.014786804266041145
0.014786804266041145
0.014786804266041145
0.014786804266041145
0.025498960906794915
0.013659401911621292
0.013659401911621292
0.013659401911621292
0.013659401911621292
0.013659401911621292
0.013659401911621292
0.013659401911621292
0.013659401911621292
0.013659401911621292
0.013659401911621292
0.013659401911621292
0.013659401911621292
0.013659401911621292
0.013659401911621292
0.013659401911621292
0.013659401911621292
0.013659401911621292
0.013659401911621292
0.013659401911621292
0.013659401911621292
0.013659401911621292
0.0828278681426309
0.07301388267117243
0.07016117923039322
0.10575520017494758
0.06757626035561164
0.05963281869577865
0.060782491294279074
0.05735925418557599
0.0695591522497125
0.058633334732148795
0.06466187601055329
0.06256220324585836
0.1014366151082019
0.054743429102624454
0.052136033897598584
0.048448623044726746
0.05190595212935781
0.05277873965445906
0.04358694087713957
0.04066575464908965
0.066236339508323
0.04845867877088798
0.08124265714781359
0.03757534224035529
0.04339961524005048
0.04225795053333665
0.03171655433368869
0.03578111452477363
0.03802128025815667
0.04200696805259213
0.048169641250278804
0.03823195732625512
0.04122168151778169
0.0409530545596499
0.04502799857369003
0.044512617017996185
0.07968021999617728
0.04580230435356498
0.05770511355639125
0.06212934570736252
0.04295212014811114
0.030525376960868017
0.03941938495845534
0.04326128733654817
0.04207703617362616
0.04019023292814381
0.03588652222650126
0.04059381457588946
0.06343552052004574
0.04057238906505518
0.042530094251657526
0.0483874142767551
0.04774870633768539
0.03951919300675703
0.04689777389789621
0.03616415977555638
0.04532424413715489
0.041232546874477215
0.04890170033865919
0.043353026794890566
0.04172269108084341
0.05715623072426145
0.03952223802412239
0.04073899213845531
0.046775166691513735
0.041339521749566
0.026049165721827496
0.03731258373668728
0.04733394347131252
0.048487551568929727
0.033045247111003845
0.04770380896205703
0.04770380896205703
0.03308697781874798
0.037097942259085054
0.0465192668667684
0.04450687900884077
0.03174027788608025
0.04393680145731196
0.041006461585639045
0.037802935000509026
0.036022867182424916
0.028715578835690394
0.030174235989882923
0.032267140534240756
0.02938798164599575
0.029714759453587855
0.03964679497604569
0.03212456479629812
0.02624845442866596
0.037735848720185455
0.02410841050518987
0.02306734264246188
0.023327578495955095
0.021278108290668268
0.023585856493252018
0.020357069302505502
0.02176900051534176
0.02393719143777465
0.03438474626552003
0.025516838186498112
0.05605847903061658
0.024040739344976223
0.02499938111868687
0.026154843642143533
0.02549047366172696
0.025166910173526656
0.02516656988998875
0.037570213622335966
0.025544948973692954
0.024148136601628116
0.022760860360382745
0.02101318082228924
0.01981312728797396
0.019063826946076005
0.01831404069283356
0.01885146779551481
0.04321498101577163
0.05533129430531214
0.028017094714256625
0.016288871963430818
0.02524231075658463
0.016883830211979027
0.01938037369788314
0.02542173900951942
0.050856121989975994
0.024019676720102627
0.024019676720102627
0.024019676720102627
0.024019676720102627
0.024019676720102627
0.024019676720102627
0.024019676720102627
0.024019676720102627
0.024019676720102627
0.024019676720102627
0.024019676720102627
0.024019676720102627
0.024019676720102627
0.024019676720102627
0.024019676720102627
0.024019676720102627
0.024019676720102627
0.024019676720102627
0.024019676720102627
0.024019676720102627
0.024019676720102627
0.024019676720102627
0.024019676720102627
0.024019676720102627
0.024019676720102627
0.024019676720102627
0.024019676720102627
0.024019676720102627
0.024019676720102627
0.024019676720102627
0.024019676720102627
0.024019676720102627
0.024019676720102627
0.10005728297090778
0.07254560581563661
0.06830594105646014
0.07418453017404923
0.04591402998194098
0.08712026549192767
0.07194147558727612
0.04871624180891861
0.05178129287669435
0.06615299156556527
0.08098810827980439
0.08286471285857261
0.08188667132208745
0.05016257693603014
0.04506429868439833
0.033230591525013245
0.045853210816858336
0.06729079071121911
0.017418496921503296
0.015787537526339292
0.03174269483579944
0.035272986461253215
0.03154486366935695
0.034714467738522214
0.03638930163307426
0.016203107185817012
0.01650241983588785
0.021214275376405568
0.03578005663856554
0.028969076053472237
0.03907702781648065
0.03895542558593055
0.03409794813642899
0.03296656576024058
0.029504700743903715
0.03449087232584134
0.04495679874050741
0.04224273250671104
0.04319383286987431
0.033059413634085405
0.016586118020350114
0.041007881838983545
0.0633036790745488
0.023520861059660093
0.06055636803076292
0.03259496878211697
0.03216824046801776
0.05000335657581066
0.05000335657581066
0.05000335657581066
0.024394912826052557
0.04454235022887588
0.028442158908971275
0.039844689446811875
0.043884071418239426
0.032904176254135865
0.02697944813175127
0.03896442820861315
0.04311435421269077
0.026700645668121675
0.029960038350739827
0.041791892014443874
0.037570215212957316
0.023000470403737077
0.019454724179037538
0.04366271738971894
0.021097490101431807
0.03727977665684496
0.02130006006453186
0.020987306176296745
0.01238609254922873
0.019311742829935006
0.03816489528554181
0.01684300249752899
0.03291955083142966
0.04575841116796558
0.031213407413645956
0.01391829577080595
0.01370356919360347
0.014544121072394773
0.022159545224858447
0.014041783551607902
0.017513850980515902
0.03151037273462862
0.01746809316527409
0.017559990628700083
0.01717509563740653
0.021379758287609244
0.018702655397743607
0.018228030070119226
0.02128071480896324
0.0340607176887958
0.016059872834788016
0.03340598356948855
0.01400169075660718
0.056467935354448856
0.013535135516043132
0.02093737614224665
0.020724072504866246
0.021675724377467606
0.031006450367082532
0.024019676720102627
0.024019676720102627
0.024019676720102627
0.024019676720102627
0.024019676720102627
0.024019676720102627
0.024019676720102627
0.024019676720102627
0.024019676720102627
0.024019676720102627
0.024019676720102627
0.024019676720102627
0.024019676720102627
0.024019676720102627
0.024019676720102627
0.024019676720102627
0.024019676720102627
0.024019676720102627
0.024019676720102627
0.024019676720102627
0.024019676720102627
0.024019676720102627
0.024019676720102627
0.024019676720102627
0.024019676720102627
0.024019676720102627
0.024019676720102627
0.024019676720102627
0.11663528449522952
0.08739892933828135
0.08631542817068596
0.07239283449171732
0.07794842498687406
0.09297872323077172
0.07700787607425202
0.10169932276941836
0.10169932276941836
0.10169932276941836
0.10169932276941836
0.0962783225129048
0.0962783225129048
0.0527181948410968
0.08897801521078993
0.08897801521078993
0.08897801521078993
0.08897801521078993
0.1029931589992096
0.06561490224984785
0.06091768747738873
0.06367933149837578
0.06405124978239958
0.06797609529846037
0.06797609529846037
0.06797609529846037
0.0599104603434292
0.0599104603434292
0.0769300912398224
0.05951144082394118
0.06561015310852478
0.049545736652798954
0.053515067478486646
0.053515067478486646
0.061840936249742906
0.06108660327193017
0.048223557411693034
0.04938151483734449
0.0924045345109577
0.06845701083385695
0.04737125311822941
0.07751924173207954
0.046353414544137196
0.0587568078089195
0.056991092496706794
0.05918650190345943
0.07973938321229071
0.06508992761528741
0.0547318828641437
0.0607220975177673
0.05609046674061877
0.07468512789191058
0.0574374118175668
0.07272812612665196
0.051592462609987705
0.0483309750033853
0.05644489019255464
0.042977438046752164
0.04715722441440448
0.06439162500590707
0.051537993013237915
0.03386581559587891
0.06890789622440935
0.057510583070106806
0.04113123702079368
0.03868813695774103
0.05904888158198446
0.053854133054458846
0.05189968653488904
0.037332630786501494
0.047970564264881735
0.04966389337244133
0.06905574647088845
0.04973325762664899
0.06308258729831626
0.0397845236894985
0.06595710995451858
0.03995297786934922
0.05828404942449803
0.031793253036836784
0.060666335384206224
0.049407467810281866
0.06217423854783798
0.03686766801731816
0.042705550499570866
0.04425533339070777
0.042685298065965376
0.05623681971182426
0.06134121481173982
0.037999829538942625
0.045881943009250484
0.059140699033935866
0.035312240706989545
0.03967159114778042
0.019683592153790716
0.09019274319289253
0.05355542577492694
0.019733228033874183
0.026162290857949605
0.03047962424810976
0.037230767817236485
0.023822311041876675
0.049074421867262574
0.028802613781299443
0.06324713828895862
0.02578110949912419
0.026303507443517445
0.05299991401222845
0.05230847335420549
0.030458251145125056
0.028390897357603535
0.028885614095876613
0.03599173594499007
0.023935326946278413
0.03299648942891508
0.012781464461780464
0.035411422511485095
0.03569949565300097
0.027768666222691536
0.044927877637868124
0.025332089598911502
0.042995205299618346
0.042995205299618346
0.04071957481093705
0.03659829222441961
0.03659829222441961
0.014548010431074848
0.038293121876971176
0.038293121876971176
0.03621732813538983
0.03178947735888263
0.06275678391762388
0.0336174537280264
0.03542732448782772
0.04515807140773783
0.028518999523948877
0.03374795730613793
0.03414188891028364
0.03734361989151997
0.03463424722702863
0.02692027976969257
0.061925061073852705
0.03915485149327045
0.03265907520079054
0.03611737378872931
0.03322355445435581
0.042704708413608995
0.03779061961298188
0.04264390156526739
0.036119678933173416
0.039372977929500244
0.04540412336277465
0.035189508957167465
0.04498320483602583
0.04242494859034195
0.031346778571993736
0.04720576721942052
0.019826443412263566
0.014440022546138303
0.017291222316756224
0.04702669051902679
0.0472408018160301
0.017378039001875248
0.040093761100821815
0.015803589190666874
0.04018909620936029
0.016653028595028443
0.01659403267626961
0.016601117881558214
0.027958828704043603
0.0503397504981452
0.04768289595609531
0.028703955475551386
0.03151232225471176
0.029090903544953715
0.028942055888862037
0.028094212957657873
0.02501305148898003
0.027760498924568916
0.027617362303426488
0.02604103449227599
0.02450346946134232
0.03000349890634728
0.027078670306752126
0.0330998914630618
0.024019676720102627
0.024019676720102627
0.024019676720102627
0.024019676720102627
0.024019676720102627
0.024019676720102627
0.024019676720102627
0.024019676720102627
0.024019676720102627
0.024019676720102627
0.024019676720102627
0.024019676720102627
0.024019676720102627
0.024019676720102627
0.024019676720102627
0.024019676720102627
0.024019676720102627
0.024019676720102627
0.024019676720102627
0.024019676720102627
0.024019676720102627
0.024019676720102627
0.024019676720102627
0.024019676720102627
0.024019676720102627
0.024019676720102627
0.024019676720102627
0.024019676720102627
0.024019676720102627
0.024019676720102627
0.024019676720102627
0.024019676720102627
0.024019676720102627
0.024019676720102627
0.024019676720102627
0.024019676720102627
0.024019676720102627
0.024019676720102627
0.024019676720102627
0.024019676720102627
0.024019676720102627
0.024019676720102627
0.024019676720102627
0.024019676720102627
0.024019676720102627
0.024019676720102627
0.024019676720102627
0.024019676720102627
0.024019676720102627
0.024019676720102627
0.024019676720102627
0.024019676720102627
0.024019676720102627
0.024019676720102627
0.024019676720102627
0.024019676720102627
0.09319189301536729
0.08564237596001475
0.07043269862731298
0.13101208054460586
0.0974693521220858
0.11324369464690487
0.11375382845910886
0.07835331523790956
0.06465948685538024
0.11023009767755866
0.08612588290435573
0.09581607282316933
0.08496155273790161
0.08425100810515383
0.052800030459960304
0.09481575523813565
0.09411381094250829
0.11887299198657274
0.0777861907996703
0.07664958547335118
0.11374837734426062
0.05960715334396809
0.068613270346929
0.1024225737992674
0.10577972802643974
0.10577972802643974
0.10577972802643974
0.10577972802643974
0.10577972802643974
0.10577972802643974
0.10577972802643974
0.10577972802643974
0.09998377474490554
0.09998377474490554
0.09998377474490554
0.07557465539624293
0.085558725221393
0.085558725221393
0.08498038433336963
0.10974852385620276
0.08027492264130463
0.08027492264130463
0.08027492264130463
0.08027492264130463
0.08027492264130463
0.053749739926618835
0.06700060537472988
0.06873764527457145
0.07348904245067388
0.079625304332003
0.079625304332003
0.079625304332003
0.079625304332003
0.08025927655088405
0.0726012801619557
0.07833986605051906
0.08162097311578691
0.07173665194694574
0.07173665194694574
0.07173665194694574
0.046256663801614195
0.08490405064852287
0.10676775167696179
0.07517003170680255
0.07137978675309568
0.0809286649338901
0.06816048750770279
0.07989504205839087
0.08151236080176508
0.07803241562563926
0.1163207257973651
0.06165750030661002
0.10844166724321742
0.061825378693950675
0.04904932614881545
0.04982846933261802
0.061970070160847775
0.053325717517873274
0.06629688707335542
0.0736779923706005
0.08842818743549287
0.08776723425990592
0.08302166489573816
0.04852735718789821
0.08882962993811816
0.07830992077942937
0.056259893196790166
0.09703264552478989
0.11247477187154194
0.06561759646671514
0.04123548863300433
0.052103185732848945
0.09812414592131972
0.07740269297423462
0.03437544320244342
0.05778736681755011
0.0991127233284836
0.10247291910772523
0.060537662049755456
0.08522473016598572
0.042505791064662235
0.05702051785541698
0.09514747234915073
0.06378986536990851
0.03608643795208385
0.0719599194964394
0.08649422716892635
0.060790990686509755
0.03862493860768154
0.08717058404814453
0.030098878228260826
0.029846369499573484
0.08130403990934913
0.09016067278959478
0.08501576088291282
0.04372314772607448
0.09178852948748197
0.09178852948748197
0.061831795094379534
0.028263660440764702
0.07335550190492844
0.046558366840860496
0.0753902671385246
0.04815028824921076
0.0459660336196733
0.09351533184060827
0.044070632284662375
0.028084431915388754
0.03847906226447473
0.04839153961200888
0.03706290836329572
0.0473959625318336
0.03562503018338854
0.04297636636610453
0.08894054556420694
0.044344285994302485
0.044344285994302485
0.044344285994302485
0.04458757493722563
0.04458757493722563
0.04458757493722563
0.04455400206924726
0.10192100260561952
0.03331206773562978
0.029797113866855702
0.04331989630125463
0.04331989630125463
0.06583928915051122
0.05356928959256038
0.051830043691055226
0.04394521099437649
0.0821101064933464
0.029852427363706132
0.028956929594278334
0.04541146762591476
0.033474008883349594
0.06980992922947432
0.04865872059250251
0.05253481755498797
0.06262205902176599
0.06262205902176599
0.07108740129508079
0.08162043873841564
0.04731202115071938
0.04854525120773663
0.04854525120773663
0.03249783178946624
0.04775607253890485
0.09186865308322012
0.08275737423837806
0.047615463665376105
0.07535653655262044
0.04670281653990969
0.03072695099981502
0.03567097612967094
0.02658682921047633
0.104164652878729
0.030811867089165997
0.04337239370293294
0.0664654328681839
0.054644070324332765
0.028306537639000453
0.03718427453772165
0.04587437088601291
0.06893876163599391
0.02833219895003519
0.056766141887831814
0.059585297849650186
0.059761534122905385
0.025776477452988427
0.030002837923627037
0.028714485173113643
0.041517376170959325
0.0598963568576922
0.03247513949793453
0.09259734554681927
0.0880677266806985
0.07473501356784254
0.025781425869402786
0.02562540745207419
0.021406456026403856
0.06452668000788739
0.01905453183843444
0.037512029849846536
0.0269449227565201
0.017644748861591023
0.058056070242697995
0.018623697287403047
0.09229548843422283
0.02679872269043699
0.027424974584331116
0.037239690314357476
0.027509814279619606
0.0360190881214415
0.015762780536897482
0.018118968857452275
0.026120920561176413
0.02678998051308251
0.033925650214854004
0.023785651850436504
0.02965549831841296
0.02980441392962045
0.03381703556825717
0.028379426659472906
0.029820471019872154
0.030187022982863708
0.028597760908693697
0.02464137496155066
0.03376775513441923
0.023116084997697423
0.04007487557517986
0.04145414450050642
0.03836181789753027
0.016592348618238852
0.02883332535236453
0.017979535358026624
0.015305885992129334
0.014715262507670558
0.015267885720628935
0.015759114757723486
0.01735444496249935
0.02973047900867338
0.03538927681006802
0.030429467424595107
0.027685869323710602
0.016003409998569015
0.01724282499946033
0.02543913683349577
0.03987420611587974
0.0230369368645673
0.02080192434601486
0.0349217881669756
0.02928511654143222
0.02928511654143222
0.02928511654143222
0.02928511654143222
0.02842196203535423
0.02842196203535423
0.02842196203535423
0.02842196203535423
0.021478376627977316
0.027443728235084563
0.027443728235084563
0.027443728235084563
0.022913479688577355
0.02220705047948286
0.02220705047948286
0.01925666944705881
0.01925666944705881
0.021424404384645945
0.02430809990114843
0.020264942100038753
0.016037040140557412
0.016213031987426803
0.015068814777769148
0.01215094286055925
0.016423615962654972
0.024019676720102627
0.024019676720102627
0.024019676720102627
0.024019676720102627
0.024019676720102627
0.024019676720102627
0.024019676720102627
0.024019676720102627
0.024019676720102627
0.024019676720102627
0.024019676720102627
0.07887432351397972
0.070982926391686
0.07535343401754896
0.047518542373630526
0.046495046871714296
0.06534064158409213
0.0336997888184851
0.06102551640554642
0.05360732934127251
0.0534710946213454
0.0551679766868862
0.06994763935062413
0.06994763935062413
0.06921419157103324
0.05707503576142092
0.05707503576142092
0.04383077707607299
0.04431749685240599
0.03779228130743528
0.03779228130743528
0.044898406315672525
0.04019784148937712
0.04154404085245915
0.04308447411633096
0.03537191723512175
0.03743756817808996
0.029964467483417443
0.03467768747437124
0.03689079466353481
0.03246236660789388
0.04029899320875605
0.019750864404874544
0.03305006104327428
0.03440725876561677
0.03332299679672966
0.033591059324486805
0.028919634165552755
0.041258784227538856
0.029106975865627948
0.029954975561704487
0.038215389952529225
0.020136397236492486
0.0706737160263583
0.030284264149377123
0.06999739123508335
0.027403360354558873
0.0293280481104739
0.01803872193597878
0.060465432695734005
0.029089599034826583
0.04948198918486014
0.03679463351378218
0.027452364122339836
0.04204383369302377
0.015726123210430765
0.03709621370459596
0.03194944779388607
0.03297092307553006
0.027877020991872996
0.03119795332623956
0.03561286376323551
0.028799816855074215
0.025061027778234955
0.026916012102738023
0.026903635419439523
0.04382391916044677
0.03163869796398406
0.024718838591361418
0.03210949885969361
0.0400785592427322
0.02603640463707658
0.02700275262235664
0.047177842506207525
0.04312827123445459
0.04154048790417922
0.03232178410088333
0.05871593826217577
0.043641886877594516
0.043225426696784176
0.02961911388207227
0.026714386116946116
0.049688010272414734
0.020316835242168357
0.04322746429631176
0.02434322176850401
0.041988719877554107
0.02786723259681215
0.026667424795838692
0.027591252128283183
0.024811815643139803
0.03337134223353739
0.03317246866955732
0.024361382925029224
0.024361382925029224
0.03336738718595977
0.022743242396973073
0.024128159411484374
0.022000565388395142
0.0225594852763849
0.040476866852647314
0.02067294604649457
0.021620749916958934
0.02455358552474839
0.05416629085278449
0.01843872606017006
0.028236573511191333
0.018714106777139628
0.01846796366580141
0.027219842076301574
0.01893288305068078
0.019747555360275632
0.018988289817934857
0.01989170362590812
0.02023518398287706
0.02071558155468665
0.0203186682832893
0.02045530088672725
0.020725758170010523
0.0213693184312433
0.02212287502363324
0.0219619164064837
0.023698160711986323
0.022364171577307086
0.025080659796561426
0.05091047862932707
0.046632096138394745
0.024019676720102627
0.024019676720102627
0.024019676720102627
0.024019676720102627
0.024019676720102627
0.024019676720102627
0.024019676720102627
0.024019676720102627
0.024019676720102627
0.024019676720102627
0.024019676720102627
0.024019676720102627
0.024019676720102627
0.024019676720102627
0.024019676720102627
0.024019676720102627
0.024019676720102627
0.024019676720102627
0.024019676720102627
0.024019676720102627
0.024019676720102627
0.024019676720102627
0.024019676720102627
0.024019676720102627
0.024019676720102627
0.024019676720102627
0.024019676720102627
0.024019676720102627
0.024019676720102627
0.024019676720102627
0.024019676720102627
0.024019676720102627
0.024019676720102627
0.024019676720102627
0.024019676720102627
0.024019676720102627
0.024019676720102627
0.024019676720102627
0.024019676720102627
0.024019676720102627
0.024019676720102627
0.024019676720102627
0.024019676720102627
0.024019676720102627
0.024019676720102627
0.024019676720102627
0.10199643301467101
0.07002724017947912
0.04951076271788528
0.04861311880716433
0.0560377572150901
0.04653692939551547
0.03926238725427538
0.025084559206928436
0.031722467907238754
0.041539337035889426
0.036072076495426396
0.030358240971302925
0.026213174754714904
0.055237310631976774
0.029750678959923487
0.04032162584888283
0.07165444890037179
0.0590490733506158
0.0590490733506158
0.04923104462058594
0.037150163560484846
0.05428142112446949
0.04263972559148291
0.034520004622948665
0.05132116614918535
0.035464206966765534
0.036495764154242355
0.032192226058493055
0.04567043980738769
0.04479676026753926
0.035429472951800565
0.04025231867174928
0.030872904453814652
0.020741887832797755
0.03871747634800461
0.04555137521432092
0.04999842877499759
0.03995578803510095
0.07828921933503201
0.04664562314438323
0.061635469982866196
0.061635469982866196
0.028008905604947357
0.05892386331145341
0.05892386331145341
0.01782179585347573
0.025593103137022507
0.01858819161328332
0.045326683404467376
0.0294710601773113
0.054670591111450145
0.021439351329851586
0.01704727112412608
0.041902457235070564
0.05089446738207092
0.054291780860318495
0.024976140741491692
0.0229939314967487
0.014658525791407253
0.05769549072176839
0.034979675533249974
0.01903351496012571
0.028830935036530718
0.023739794748059165
0.01684666007873602
0.05150064098765142
0.029837561266031116
0.01991260505048558
0.021842573053824404
0.0229980320270018
0.021201406226027758
0.01569576850704228
0.02222848758120866
0.036554314112678794
0.017806305337580854
0.033228662872764596
0.021408308148384094
0.02462057166111966
0.020058986072738965
0.01926008347751728
0.05215400499563354
0.0529272868076805
0.017088459528943833
0.026835250100897004
0.018080069443482595
0.02394444154808298
0.026995127168484033
0.016405580608989112
0.029789052976605793
0.024608866297251855
0.023197315690728526
0.017209709011949598
0.03922031002662455
0.021259609626140444
0.022908206620874505
0.036853259897713236
0.029373062647646293
0.021950474538607524
0.05926903465762735
0.027473201929436374
0.016448159309414526
0.02934209274322105
0.015660754825997478
0.019157369990522664
0.01788163627226216
0.030987164676965526
0.025811698818579316
0.03696996310182537
0.019224356636793043
0.04389655601698905
0.027244645374206206
0.0401140749345844
0.02488452762365341
0.02044967497078081
0.019649786670148994
0.032665481167690205
0.02233382755657658
0.0356687584759978
0.024798717306305965
0.024296115403606867
0.017371097999081635
0.019996033260055508
0.030732422973572586
0.016156796282157302
0.03235945446571956
0.02585906848854696
0.022832836630598954
0.024019676720102627
0.024019676720102627
0.024019676720102627
0.08951266718252252
0.10464367907183866
0.08637079631599287
0.04661325606362273
0.05523812852877503
0.05410691854854425
0.06270139476129165
0.06350931821546207
0.051684089253346124
0.041538859431942306
0.04527861127319435
0.04973743369259561
0.034215703912389775
0.0296285149998342
0.03724377709596107
0.026439896462640413
0.030077900958713145
0.02621407449711114
0.040075961226442205
0.03841534619762873
0.04062419153749943
0.023635221423658852
0.025799808646552264
0.028755155204174418
0.062268469237412014
0.0262103710626252
0.06342440516222268
0.03661603728076443
0.03276642433367669
0.038036641102905076
0.04027275388206666
0.02191124296921771
0.020918826145934873
0.02701032473569891
0.02761182943902289
0.020299606786963218
0.02931804159966608
0.02013714084343519
0.042957104539188246
0.03532648101352
0.0227501020510681
0.024932760846956323
0.03278359389087806
0.04291339921687419
0.02553649738042926
0.02368325264387143
0.03146509120551248
0.030938746047904715
0.02441163430378462
0.0330250230631403
0.04278287816947947
0.020275027461660405
0.023673475070002798
0.019279299861130614
0.03709670377584795
0.01968435629348581
0.03410473195447897
0.027798927244730293
0.023509226692840456
0.021390301537079114
0.027601516674427937
0.027070909438965222
0.01641259085464602
0.02347590241814032
0.016967320376036998
0.01902533580859502
0.018756345184519886
0.023155430119562274
0.02052354150994991
0.0594387312210165
0.017331864347991843
0.023027472437048953
0.01551088255442058
0.015608501037155898
0.015934182296041398
0.014786534674155215
0.014761124319241693
0.013203987610371162
0.012810302232392132
0.01329957324002559
0.03212536962858091
0.017566313777739803
0.027223942490139354
0.01406917867231338
0.012806054125345932
0.01374112971049423
0.032880466614927474
0.013628763852951427
0.011800638783412675
0.033432493802004803
0.027579423943922543
0.01843189981416799
0.02186327230495711
0.012019930420986686
0.03364582668679456
0.014016483434631178
0.047440367316594345
0.02747985767549835
0.040189705703329914
0.015674270066277435
0.020980373166579133
0.03821689989223766
0.01596677263538974
0.028959916370222345
0.038879651196766646
0.028558187624439596
0.012974991673060382
0.015144493334228173
0.026582623548650493
0.014603624104056507
0.018269692642691855
0.013795070238411427
0.026759246731138168
0.014297844006602342
0.02019722783336571
0.019984913876784655
0.02472004797620078
0.03111882455414161
0.023734078802711642
0.02613810647240219
0.021374055643488342
0.021036844950091716
0.02398938177153468
0.027301059001668668
0.0309897780053628
0.01823042790289037
0.02915720581038234
0.021006187211411696
0.019149122492332634
0.02258771980414167
0.028199629072720805
0.018649892378210402
0.01870661137237524
0.01862131490333316
0.022283467376061405
0.0271491715994974
0.019995175362176574
0.02031907017265136
0.024205272413091734
0.026226505708570283
0.016833227977234248
0.034076509438843154
0.017234651544907442
0.017415568246506155
0.016892087624097864
0.014844162237131968
0.016216416864578302
0.0331774396445447
0.013279892884117241
0.03928826928914835
0.024019676720102627
0.024019676720102627
0.024019676720102627
0.024019676720102627
0.024019676720102627
0.024019676720102627
0.024019676720102627
0.024019676720102627
0.024019676720102627
0.024019676720102627
0.024019676720102627
0.024019676720102627
0.024019676720102627
0.024019676720102627
0.024019676720102627
0.10121637643159677
0.0990392526704818
0.09911367762057731
0.09652534316914776
0.08236958611446123
0.1020423330925405
0.09008610821018616
0.07566338114595661
0.08003685909323394
0.07681542624797051
0.0638965032606696
0.06007823434774764
0.056043017208964256
0.07422058560419828
0.0475075347100695
0.056831940580935526
0.06104785510028402
0.05383734796972325
0.06916865044273436
0.07988357243904223
0.06547089409083127
0.05740160540677607
0.07071786216460169
0.05803370942361653
0.0414654870540835
0.05011908937245607
0.06422291350395729
0.06615799044724553
0.046057660379447043
0.049319325727410615
0.04309515882128229
0.04283806853112765
0.04851116633663575
0.05491597826903065
0.04669181855007385
0.05846169603678087
0.029760987767173598
0.08038884866051375
0.0738844835354636
0.0738844835354636
0.0738844835354636
0.0738844835354636
0.0738844835354636
0.05267671285119529
0.041653148739521084
0.045363269951970625
0.04934518322115764
0.038299717059514175
0.04245271720690653
0.04029687558921675
0.06254835144151003
0.05051265741465613
0.05435350399309148
0.050048323475057256
0.04948307735612616
0.05003788691246882
0.04964794925025975
0.04146201299037784
0.04615409422394199
0.028272644391981884
0.050602297668810935
0.04802244330019069
0.06356250319862738
0.049598817095781365
0.04809500436880626
0.053171498811570926
0.06319936088752001
0.04021292381454259
0.04301353104645386
0.03743309080057467
0.03951473043144991
0.05965484516850362
0.03939990172473093
0.03953717950731516
0.048326543487686044
0.037252730956145876
0.04508472136687487
0.04870456214256895
0.04425165453304847
0.04841079827863723
0.045815289420230935
0.05038807006746841
0.048648628486165156
0.04281313813834762
0.047823041561835755
0.05037662282586098
0.03902348297803352
0.04853344950747366
0.039790784212139746
0.03704257410019636
0.04821654172769437
0.0426185183331836
0.0394579855837704
0.04927463805341783
0.027776209461347512
0.04084205752393852
0.049015727224759754
0.03544317835010588
0.03212054692247572
0.0381858315714635
0.04709862163290381
0.0434575094251583
0.04199202097641925
0.04137073425304455
0.030990934380097316
0.0658208878718627
0.028321297181537374
0.04274980788817629
0.03668794934443819
0.044339967604804166
0.043463937382524215
0.059905951887291545
0.059723268082986274
0.02002725126959073
0.052261639511755976
0.05888548863780064
0.05940683845935079
0.02486129231750965
0.04792577552104679
0.04466308737057261
0.05233727066389596
0.05369550460522684
0.06465867906265582
0.053965996867433814
0.04940549188759178
0.02512364723486826
0.02389559263906752
0.045574661599239334
0.06200943595652158
0.028172091990321255
0.05812527330553469
0.026009017177469406
0.03174018271422634
0.019053701743250714
0.059818280691591404
0.018294004554627465
0.048387328617585205
0.047840144750662145
0.04687549255322665
0.04565886422681312
0.04182297561977369
0.05801482397442063
0.02538116083208782
0.055025617335146916
0.01672730178417017
0.020153891293642423
0.04798574790436154
0.04055603475542739
0.045751968421197185
0.045834429767758894
0.038899604855881384
0.018912900588087117
0.058791488501010465
0.06392997645811799
0.04433079175573463
0.04439967609553908
0.06446625291369855
0.053101671766877794
0.06299354234244675
0.06299354234244675
0.06299354234244675
0.06299354234244675
0.06299354234244675
0.05597025084852551
0.05570165910292417
0.05570165910292417
0.05570165910292417
0.05570165910292417
0.05726397877869507
0.054076236214023084
0.019351017685063806
0.0516210865143997
0.05188595037829752
0.0516210865143997
0.05007492553209886
0.04756443812744692
0.048736986381312214
0.04880511793618401
0.0612721590573589
0.04837332108135645
0.04430032612833505
0.03356517432800805
0.06037466479775806
0.05434970375072832
0.05620899657097955
0.05362913632377361
0.04770763376921726
0.05259345871512778
0.056722299663039544
0.042656202877406034
0.01778191139882741
0.050422128106001766
0.059872114054548245
0.050105894189716005
0.03568388051935471
0.018248518468656886
0.022436840684774022
0.050890754517943906
0.051670391423006855
0.049255058425090585
0.060848738701703646
0.05393568015114094
0.05540808324663279
0.026179862011146422
0.026179862011146422
0.025551877145577842
0.050732035762242354
0.023955729449711118
0.023333641521555062
0.021805223993336162
0.023971886168777323
0.022601948869026577
0.024019676720102627
0.024019676720102627
0.024019676720102627
0.024019676720102627
0.024019676720102627
0.024019676720102627
0.06953117887334277
0.08709033384919167
0.06492261136261125
0.08258454957045615
0.06952309312686945
0.08122049251648908
0.0636429168493487
0.06344702128088102
0.06023825491545722
0.06499822398802886
0.06320859109284356
0.04919594287717094
0.06130318488382424
0.057383224098787954
0.055743183388064305
0.05172486411756836
0.05287428749608807
0.05031963854756517
0.04453528073305885
0.05138786466986251
0.043944654448423534
0.05201121851064575
0.043744206935322535
0.04651746734511107
0.06243164861497159
0.039790941770964615
0.04701879343677622
0.055494506156537685
0.04915145768551156
0.04915145768551156
0.04915145768551156
0.04043135143816471
0.043060923737163345
0.0488381230745775
0.0459560865862295
0.05059574255836196
0.04484565662530561
0.04994133461577197
0.05008565209107473
0.04294697841163725
0.05242563279927708
0.05242563279927708
0.03780209810317804
0.037783555728383364
0.04335804350674152
0.04575609656128411
0.0450215775007382
0.04960245935168738
0.04045113501371816
0.04325451011924694
0.030750594137934968
0.047804883939679715
0.04092201326120024
0.042781116400534905
0.04554609293739001
0.05635561196754376
0.04806111063536567
0.036975400948431346
0.0343671415753973
0.03408745954822128
0.04062820839191166
0.0440197510093761
0.04328403493195462
0.04414352032860431
0.04257652666109304
0.01944924262468703
0.019935614930388208
0.03103730155232673
0.03192095150705427
0.04219145356793888
0.04269055843935348
0.06944311440417854
0.05070820246435081
0.04368156994343735
0.025781912102053564
0.04868735419547496
0.02531306625305054
0.022634441717139756
0.022678907460455474
0.04356276003799091
0.01924009943031706
0.01667438134085387
0.015327647293840225
0.016644380923050147
0.04458136000631688
0.046154800458656005
0.016127577219934512
0.016412899986996004
0.015286518866196275
0.015651803951865682
0.05275289092717382
0.03538655585997427
0.01629509557620622
0.044025782761164006
0.015683819625216224
0.04602929278781327
0.026779062462349734
0.029548464222655942
0.024019676720102627
0.024019676720102627
0.024019676720102627
0.024019676720102627
0.024019676720102627
0.024019676720102627
0.024019676720102627
0.024019676720102627
0.024019676720102627
0.024019676720102627
0.024019676720102627
0.024019676720102627
0.024019676720102627
0.024019676720102627
0.024019676720102627
0.024019676720102627
0.08888105171887825
0.09192720855741451
0.052743728101874394
0.08235957112473746
0.0977897350428005
0.05622882704949007
0.09550250413206716
0.04454896567389369
0.04261094469189023
0.061762579741577305
0.05715396172056596
0.04770296337160592
0.037825063874479384
0.04514308132929727
0.056872170300533376
0.04736457968169513
0.05772760398065051
0.03756457969158267
0.0653292575579447
0.04973285557702184
0.07842188880623628
0.04893777490127832
0.04547814641147852
0.041090099949700136
0.058750653737224635
0.038315064633497965
0.06386215458624064
0.044734058836863065
0.04020679918544678
0.037865384698379786
0.03721532859878304
0.041736760529068606
0.02643478340857352
0.04193677085762223
0.038350167903117835
0.03820200857240707
0.0433482351169611
0.04417035915578405
0.027670677232478433
0.04041565938852727
0.05035487773672988
0.05508133665270482
0.048928398159720624
0.0410216299095191
0.03440132882484856
0.03835168264922686
0.03711370626891342
0.03545484896982089
0.023245382186723874
0.03985808251425624
0.03277792167151347
0.039355677673593166
0.03830834220241135
0.038038929965502274
0.021737098396988584
0.038382936202688143
0.03919047741297012
0.03405803809834955
0.035245137869302806
0.03632476419676095
0.03478894420938256
0.031066419245519984
0.028818712425030146
0.03794309907165977
0.031162147485495856
0.02119489991358326
0.048025019482010975
0.029928577987011522
0.029906921534178156
0.03655572348429511
0.03691817317352009
0.02699720293477488
0.0405868002679199
0.02845475235255435
0.016473343421627457
0.027734395371905217
0.028604475182946773
0.05698138765990734
0.03329451813401344
0.04869581209573274
0.08267208635962257
0.0481728055072017
0.0285171544245289
0.032828947597105675
0.04071544817105557
0.03805186254903674
0.021264415978997326
0.0329351896707279
0.058618403850123284
0.026364975339965895
0.022745881405038137
0.03249029049222978
0.0418926285719499
0.02973113123405104
0.02806932300484429
0.04312015533602486
0.021186792947507152
0.01443518745014444
0.035567766732225815
0.03265171257973028
0.0464346627627189
0.03035384135398393
0.02451975909449781
0.049671665915520864
0.08366264700579147
0.04170815038882817
0.07775264177316178
0.014096432852093131
0.011655202958500012
0.01908019172299343
0.014760580597212539
0.012571611296152696
0.015766540917490298
0.029090242641977966
0.014274951397674158
0.03658426623869066
0.042489840022365874
0.04359141823758061
0.026727936546085403
0.02794268773441824
0.017816568785347046
0.03575970755967622
0.04542650802177377
0.04253236336361927
0.03055884923475484
0.024079215383001912
0.028417076616703223
0.02887857534379388
0.02820506524372225
0.022255980842746794
0.033304836491976554
0.024019676720102627
0.024019676720102627
0.0758521282269309
0.046360603884483376
0.05889121474931017
0.05759156419352318
0.04308604478874865
0.03575051482417621
0.03764393095625564
0.03781164256234964
0.045879981819695485
0.0333777868844724
0.05080223431849542
0.03846583229955286
0.029122998024880265
0.020933714395893428
0.021585185648679422
0.03655582032632083
0.026838724237556257
0.019853161647333764
0.025993296054269498
0.02349235618719831
0.027600794150105988
0.020625059116670553
0.02668541182220603
0.024467514912442614
0.02183805808541365
0.023835569991885373
0.02368636152939871
0.03574839273894516
0.02543172888069724
0.032786709782279405
0.02046212782928099
0.02036509312650499
0.019217743679182605
0.02226486008808327
0.018892787750810384
0.02335307470910872
0.03180074822817308
0.0398411397903692
0.03101757217392636
0.04326607813398975
0.030088446175601954
0.027402246804364646
0.03951962084004966
0.0369952286403471
0.02832009667220215
0.04035886827739887
0.031226208591833712
0.031199610381154343
0.029985363691036278
0.028270167077037816
0.05230800581125853
0.05230800581125853
0.031241257209718848
0.026160454973578454
0.03739663268439472
0.03469142802408896
0.031406260487856344
0.033369002159064014
0.029505053577401366
0.0367591940111015
0.025722843760158865
0.03539358245053639
0.029004693388706072
0.026922150755223508
0.025009956683497876
0.030236092862517883
0.02224502597275811
0.02109599842534711
0.03838230300849924
0.030163262436011185
0.029454281231931723
0.024019676720102627
0.024019676720102627
0.024019676720102627
0.08311863757359485
0.11711205134789149
0.09569634636398405
0.0715190693254893
0.06925790004587422
0.09043661020075282
0.10226129815292855
0.06960147408923754
0.07392337387738128
0.05603956617104511
0.05702975017794718
0.06878950105203936
0.054617970663821326
0.07531648869238174
0.06272869324777275
0.048916600014393526
0.0764225754677318
0.06877177841961384
0.035727537065201126
0.08961125995575761
0.05809498809898893
0.08139384618960321
0.07914535786801329
0.04469164524654237
0.07210950582521036
0.06716079554287717
0.07068540083322053
0.07783422636256243
0.053063352078509825
0.06133517809367428
0.06303591613968214
0.06153867602348328
0.09285139894112944
0.09285139894112944
0.09285139894112944
0.04048838908357235
0.08168786947537834
0.08168786947537834
0.05264884231456866
0.07620535832829774
0.0738890021519425
0.06654027797514572
0.07107244085830947
0.07107244085830947
0.07049119535135105
0.07107244085830947
0.07107244085830947
0.07107244085830947
0.06223702608064438
0.06075595693507542
0.06936289434010784
0.06936289434010784
0.07760306705410282
0.0617289409514827
0.0617289409514827
0.0617289409514827
0.0617289409514827
0.0617289409514827
0.0617289409514827
0.0617289409514827
0.058227156256325546
0.056360349846072494
0.050727202120857934
0.0791078095138073
0.0587384235765785
0.059095744847630464
0.05693596397216121
0.05693596397216121
0.06756092797887202
0.0696185213785308
0.030654487466284384
0.05537132186815143
0.05421387307811529
0.05018918949334572
0.06169800666316102
0.056837304886430504
0.05605773317317168
0.07592120363221815
0.07019735150427248
0.05584304517290244
0.0483856610294121
0.027126178045291452
0.027786750592446577
0.06596354726779585
0.05287312604021281
0.04241270375864891
0.06821463852111871
0.05846646570445349
0.05856863550997029
0.05443909562930154
0.04324185631625975
0.025525274607740962
0.027493413449653115
0.056960486134436605
0.02440695177181624
0.05338564901651504
0.030222145059378817
0.02213502408703789
0.05342656076652929
0.052758842885183795
0.03387202638356636
0.05604650573804974
0.060266347331150126
0.027573050245797884
0.027183476987605294
0.05435820515927238
0.018046957469390085
0.06031787438550964
0.07980350153404288
0.054463131808443
0.05433714136985752
0.053150819532650835
0.029835673704122503
0.030766334192982563
0.061956013770153126
0.022150218728153655
0.01625797604986777
0.026634012437425553
0.06420676250088339
0.02074665898651195
0.026013958319866408
0.0586861326751144
0.024347563417783626
0.053637366769835354
0.05322403614098827
0.016684047422604636
0.016968367090060686
0.019526975765281045
0.015149164454002554
0.016422900278897336
0.01649674544033284
0.03206140193195703
0.028489808472028623
0.03757460461036923
0.037088167915741606
0.030918679524911567
0.024019676720102627
0.024019676720102627
0.024019676720102627
0.024019676720102627
0.024019676720102627
0.024019676720102627
0.024019676720102627
0.024019676720102627
0.024019676720102627
0.024019676720102627
0.024019676720102627
0.024019676720102627
0.024019676720102627
0.024019676720102627
0.024019676720102627
0.024019676720102627
0.024019676720102627
0.024019676720102627
0.024019676720102627
0.024019676720102627
0.08704707506733636
0.10774528313428164
0.09386552116833627
0.07824368049701055
0.0829425544431433
0.11793018633499741
0.060507146197681626
0.103606435819529
0.10494613017421216
0.054754746172887586
0.07340805272416522
0.05894097351003438
0.06676281968286882
0.062055163503003614
0.047701576082812
0.044472381838131694
0.05068876042263582
0.046672946030739695
0.05526059312590708
0.05811171001909921
0.058609429933130744
0.05807708198592688
0.055255581717938186
0.07716033432943126
0.05481553654807309
0.07962323514434198
0.05089900226177027
0.05878529709841435
0.0463010674676237
0.04673627011633168
0.07536899386206641
0.053899096217937766
0.053899096217937766
0.032068992271088066
0.05142567458950604
0.03242058985090504
0.03242058985090504
0.04012112395837903
0.05464607590654244
0.0687044538006497
0.03822773190874917
0.0364042858655254
0.05032349575000505
0.03714311763799439
0.027550626666440318
0.0459089066600427
0.07519351797023167
0.036594890961423515
0.043266885326399156
0.044047203046890596
0.04391783961715798
0.07404929911407332
0.03260366195230745
0.03507237608234088
0.034463642304763197
0.040073260402617356
0.03132318000891246
0.028112670765646424
0.05380327930441126
0.02908473801876729
0.03071585956107204
0.04630153416345517
0.02659957221476361
0.04294113027087102
0.03262797301712756
0.03728257625286157
0.03275701457945009
0.029361360039717208
0.03066870438323046
0.04615028880381336
0.043029832956381145
0.03084743851252521
0.031755029069414985
0.03121878815193971
0.033766047303797675
0.021845882082125172
0.03021006748701135
0.043637257331671814
0.043855188424543785
0.03420831045756737
0.0296723351883702
0.03985989244033893
0.02497704866187026
0.04828563561973472
0.030169461891831208
0.04366179992289593
0.019217534757529697
0.03877583383427312
0.05736304703090961
0.0332844681541125
0.028516898980208982
0.03509133983713885
0.03314585128721471
0.046192447469802576
0.04193950106040575
0.026028308094246312
0.04376348511315882
0.04143249090023649
0.05374219881176638
0.040535690343628326
0.03482869248992453
0.045299557329853996
0.04492101558173696
0.043932870963277915
0.04687659431520539
0.04268374372273684
0.03514762513455935
0.026233367140715322
0.04297922276891768
0.03963484617842672
0.06507511528907343
0.03420420925559786
0.023747421009078
0.0582165241939947
0.051294464957124246
0.027688977703995383
0.03667815653258003
0.030835840734265124
0.03099719092346883
0.0279857747941666
0.05091710982689013
0.03110098551764774
0.029273156029715513
0.03330584958040466
0.0281901730709554
0.02599651714360031
0.05084174651264523
0.02989339364071687
0.051972433454357085
0.0256490943186994
0.05765845119371079
0.030999416813720017
0.05138166270684451
0.05650814603315666
0.05178080937980364
0.028038345161670197
0.057650490332550056
0.021975083560488808
0.05577525990937526
0.05060478219141563
0.059781077590693406
0.05493173734672988
0.05461225269827992
0.05644803464490299
0.03264108742858904
0.02895215858433706
0.017010696223781756
0.05509416079381481
0.05029704393818975
0.054728186854626985
0.04931429749238305
0.050568589072984955
0.020652391564799474
0.0540425817342475
0.050518040643073615
0.05411201854857306
0.02972143895419625
0.05054217192383172
0.04926417769786591
0.04879661358776502
0.038634022465751816
0.04801062171075803
0.028257849531946704
0.05147374615383645
0.05317328765212248
0.02459833848484171
0.04938955508793394
0.02474728736211546
0.050452238492046796
0.052029614120256154
0.04752676710990878
0.047318582396255804
0.02300913549144752
0.023935753024416043
0.03143139057327062
0.051473930017091336
0.05014855133680006
0.035053641460835935
0.054260806222446265
0.05352684718789533
0.05125927120136718
0.03435426810251859
0.025269636417894314
0.05330653792324786
0.031972452816941464
0.024801221143764755
0.028728713845290865
0.018656293175105625
0.029523079848925892
0.04341572090711755
0.033897340714077774
0.03365501253904464
0.03365501253904464
0.03365501253904464
0.03365501253904464
0.025041096980373066
0.034142870387295264
0.034142870387295264
0.034142870387295264
0.026334452450973912
0.03681971344631165
0.03681971344631165
0.03681971344631165
0.03681971344631165
0.03681971344631165
0.029664165786234663
0.034220936383741594
0.03304646027972922
0.03308392882347107
0.03308392882347107
0.03308392882347107
0.03308392882347107
0.03405306794680655
0.03459090428271641
0.03223734217773502
0.02166983201711749
0.05944347789355864
0.03622699510655366
0.03188315676525235
0.035389321992794674
0.036068523009307685
0.0338386411491471
0.024019676720102627
