1.0619360208511353
1.1858019828796387
0.19364356994628906
0.6057815551757812
0.35799440741539
1.0566277503967285
0.18631143867969513
0.38912177085876465
0.7635857462882996
0.7454285025596619
0.788077175617218
0.6080273389816284
0.45860397815704346
0.6614177227020264
0.4633767604827881
0.8714257478713989
-0.2184877097606659
0.6283217072486877
0.08431857079267502
0.8247360587120056
0.2570236623287201
0.039972588419914246
0.30843430757522583
0.6446210741996765
0.09971398860216141
0.3039601445198059
0.12061337381601334
0.13189569115638733
0.2176636904478073
-0.09190662950277328
0.235421285033226
0.30465659499168396
0.4520931839942932
0.6692730784416199
0.5655728578567505
0.8064208030700684
0.18431209027767181
0.19891588389873505
0.7835316061973572
0.3633975088596344
-0.0763733834028244
-0.04762902110815048
0.23322263360023499
0.17692261934280396
0.7831941246986389
0.2119119018316269
-0.10896289348602295
0.31666967272758484
0.2465428113937378
0.0038809452671557665
0.5802004337310791
0.09306854754686356
0.34940096735954285
0.08351603895425797
-0.06195007637143135
0.1467679738998413
-0.09124518930912018
0.6262494325637817
-0.03304284065961838
0.1329086571931839
0.01231857854872942
0.7364856004714966
-0.01265645120292902
0.29106518626213074
0.12256830185651779
0.3114018142223358
0.21020831167697906
0.3126007914543152
0.3951443135738373
0.4281742572784424
0.2842255234718323
0.2842255234718323
0.2842255234718323
0.2842255234718323
0.2842255234718323
0.2842255234718323
0.2842255234718323
0.2842255234718323
0.2842255234718323
0.2842255234718323
0.2842255234718323
0.2842255234718323
0.2842255234718323
0.2842255234718323
0.2842255234718323
0.2842255234718323
0.2842255234718323
0.2842255234718323
0.2842255234718323
0.2842255234718323
0.2842255234718323
0.2842255234718323
0.2842255234718323
0.2842255234718323
0.2842255234718323
0.2842255234718323
0.2842255234718323
0.2842255234718323
0.2842255234718323
0.2842255234718323
0.2842255234718323
0.9828227758407593
1.5318377017974854
0.05324824899435043
0.02627115696668625
0.5198618769645691
1.2197656631469727
0.8025439381599426
-0.12224672734737396
0.7687023282051086
0.31603220105171204
0.062342919409275055
1.0182803869247437
0.3434301018714905
0.9085826277732849
0.9085826277732849
0.22697602212429047
0.4820059537887573
0.9085845351219177
0.24374061822891235
1.0563764572143555
1.0563764572143555
0.8046396970748901
0.9163220524787903
0.8590090274810791
0.15626780688762665
0.34988611936569214
0.4206946790218353
0.4512559473514557
0.48820215463638306
-0.05440725013613701
0.2884068191051483
0.19078363478183746
0.041011448949575424
0.6429400444030762
0.07462702691555023
0.2804710268974304
0.43848690390586853
0.3559016287326813
0.7247202396392822
0.40433868765830994
0.13951349258422852
0.29041728377342224
0.3394111096858978
1.1066547632217407
1.0304595232009888
0.18923380970954895
0.5982705950737
0.27849307656288147
0.21542063355445862
0.6394745111465454
0.29328933358192444
0.3216005563735962
0.7404246926307678
0.44942378997802734
0.8318440914154053
0.593334436416626
0.06419319659471512
0.26678603887557983
0.4250902235507965
0.5888774394989014
0.11780984699726105
0.5880380272865295
0.16459013521671295
0.8898230195045471
0.22247302532196045
0.229503333568573
0.7200563549995422
0.29384520649909973
0.4601832330226898
0.4141870141029358
0.6083492040634155
0.2735753059387207
1.1174747943878174
0.48196327686309814
-0.03542817756533623
0.21996918320655823
0.2644834816455841
0.3695468604564667
0.36427760124206543
0.22709313035011292
0.6313096284866333
0.43488550186157227
0.21507446467876434
0.1982986032962799
0.24150513112545013
0.11997310817241669
0.6729708909988403
0.81473708152771
0.49287691712379456
0.34746795892715454
0.392515629529953
0.34776243567466736
0.15207785367965698
0.08244100958108902
1.0232011079788208
0.3995930850505829
0.20285460352897644
0.3143397569656372
0.5581365823745728
0.13076871633529663
0.12981544435024261
0.11594551056623459
0.4814436733722687
1.0194553136825562
0.09137774258852005
0.28415822982788086
0.4834471642971039
0.2745510935783386
0.479877769947052
0.47969552874565125
0.9099301099777222
0.24821919202804565
0.28796225786209106
0.3889182507991791
0.12714658677577972
0.36139586567878723
0.23772713541984558
0.6447080969810486
0.254634290933609
0.08881178498268127
0.3258252739906311
0.2252194583415985
0.04266710206866264
0.169643372297287
0.05605482682585716
0.31778275966644287
0.07413049787282944
0.37571457028388977
0.29019612073898315
0.5147702097892761
0.026871705427765846
0.23880577087402344
0.28042593598365784
0.1667564958333969
-0.025786282494664192
0.3331834375858307
0.21721221506595612
0.07473407685756683
0.22526854276657104
0.030618134886026382
0.2637198567390442
0.324119508266449
-0.17189384996891022
0.14922131597995758
0.24599449336528778
0.08723895996809006
0.24108129739761353
0.3642977178096771
0.35326042771339417
0.11600497364997864
0.2805926203727722
0.021072357892990112
0.06832531094551086
0.7496401071548462
0.09032536298036575
0.14513729512691498
0.27828893065452576
0.4159912168979645
0.36730173230171204
0.34135720133781433
0.33673736453056335
0.19766728579998016
0.9607607126235962
0.3297530710697174
0.37127888202667236
0.3495171368122101
0.23387707769870758
0.5304601788520813
0.28707563877105713
0.3271033763885498
0.4013466536998749
0.5914421677589417
0.5914421677589417
0.1631658673286438
0.8735694289207458
0.8735694289207458
0.8735694289207458
0.6784318089485168
0.29937613010406494
0.3122679591178894
0.4169672429561615
0.45336517691612244
0.459568589925766
0.5694289207458496
0.3280254304409027
0.45938950777053833
0.5534071922302246
0.5534071922302246
0.31852787733078003
0.2815975248813629
0.2820475399494171
0.2053830772638321
0.1827351599931717
0.35244452953338623
0.3531375527381897
0.22195057570934296
0.28793856501579285
0.2763029932975769
0.4304347634315491
0.2549762427806854
0.24490152299404144
0.1380447894334793
0.24970625340938568
0.3544178903102875
0.3004702031612396
0.22284390032291412
0.21403111517429352
0.17537716031074524
0.10060454159975052
0.5095320343971252
0.4941248595714569
0.15048669278621674
0.09994927793741226
-0.061423223465681076
0.0879766121506691
0.27969181537628174
0.10715382546186447
0.23048746585845947
0.10895580053329468
0.10706069320440292
0.25817739963531494
0.1179283931851387
0.2170066088438034
0.28262463212013245
0.2064024955034256
0.12986794114112854
0.28865426778793335
0.10859531909227371
0.20903776586055756
0.1954977959394455
0.22378218173980713
0.21387866139411926
0.07900002598762512
0.21387866139411926
0.16840696334838867
0.2656554877758026
0.22863717377185822
0.24357670545578003
0.057222504168748856
0.29459694027900696
0.41506227850914
0.42776012420654297
0.2842255234718323
0.2842255234718323
0.2842255234718323
0.2842255234718323
0.2842255234718323
0.2842255234718323
0.2842255234718323
0.2842255234718323
0.2842255234718323
0.2842255234718323
0.2842255234718323
0.2842255234718323
0.2842255234718323
0.2842255234718323
0.2842255234718323
0.2842255234718323
0.2842255234718323
0.2842255234718323
0.2842255234718323
0.2842255234718323
0.2842255234718323
0.2842255234718323
0.2842255234718323
0.2842255234718323
0.2842255234718323
0.2842255234718323
0.2842255234718323
0.2842255234718323
0.2842255234718323
0.2842255234718323
0.2842255234718323
0.2842255234718323
0.2842255234718323
0.2842255234718323
0.2842255234718323
0.2842255234718323
0.2842255234718323
0.2842255234718323
0.2842255234718323
0.2842255234718323
0.2842255234718323
0.2842255234718323
0.2842255234718323
0.2842255234718323
0.2842255234718323
0.2842255234718323
0.2842255234718323
0.2842255234718323
0.2842255234718323
0.2842255234718323
0.2842255234718323
0.2842255234718323
0.2842255234718323
1.905896544456482
0.8687597513198853
1.6423041820526123
2.2573986053466797
1.5953789949417114
0.7194569110870361
0.8081421256065369
0.26580551266670227
1.1484742164611816
0.6014941334724426
0.7228237986564636
0.37576860189437866
0.40596795082092285
0.8741432428359985
0.6997732520103455
0.3851345181465149
0.4097330570220947
0.30275553464889526
0.4806138873100281
0.4362911581993103
0.5461782217025757
0.34537503123283386
0.5711356997489929
0.7494410872459412
0.6755312085151672
0.9587382078170776
0.640360414981842
0.6446335911750793
0.5531349778175354
0.5935350656509399
0.5840237140655518
0.8725230097770691
0.8716198801994324
0.5364643931388855
0.4354960024356842
0.48562952876091003
0.6555913090705872
0.6209914088249207
1.0857651233673096
0.3793089687824249
0.5679463744163513
0.5227746963500977
0.3476722240447998
0.25646284222602844
0.5811370015144348
0.41316384077072144
0.6530136466026306
0.3297766447067261
0.9090938568115234
1.0467346906661987
1.1629774570465088
0.7548463940620422
1.0539298057556152
1.147964596748352
0.9463205337524414
1.2160946130752563
1.425261378288269
0.9003053307533264
0.8307005167007446
0.6135315299034119
1.2833971977233887
1.017903447151184
0.36927270889282227
0.9451918601989746
0.9865638017654419
0.5667837262153625
1.1176546812057495
0.4850550889968872
1.096999168395996
0.7241825461387634
0.6524364948272705
0.982871413230896
0.610382080078125
0.38969385623931885
0.8240156173706055
0.36082392930984497
0.37682852149009705
0.5657338500022888
0.5449480414390564
0.44002246856689453
0.48687607049942017
0.4939500391483307
0.32856202125549316
0.3269836902618408
0.7150479555130005
0.27647772431373596
0.628377377986908
0.45065420866012573
-0.0406828299164772
0.36145544052124023
0.5304068326950073
0.2638576924800873
0.1933087855577469
0.9980169534683228
0.3599351942539215
0.4246983230113983
0.7702099084854126
0.1234644204378128
0.3392316699028015
0.7245054244995117
0.24057407677173615
0.17130118608474731
0.3466736376285553
0.3554360270500183
0.3988267779350281
0.530506432056427
0.6823205947875977
-0.06383726745843887
-0.46051886677742004
0.28170353174209595
0.03044450655579567
0.18719956278800964
0.40546125173568726
-0.01293683797121048
0.14178717136383057
0.3584115207195282
0.23037520051002502
0.30974137783050537
0.43560341000556946
0.05883141979575157
0.4677165150642395
-0.16640497744083405
-0.12200025469064713
0.36211252212524414
0.0036637696903198957
0.036118023097515106
0.23226749897003174
0.37153875827789307
0.7397109866142273
0.4358045756816864
0.8502746224403381
0.572440505027771
0.1493961364030838
0.06059156730771065
0.8959720730781555
0.5716896653175354
1.1601221561431885
1.7169524431228638
1.8252720832824707
1.0466558933258057
0.9580735564231873
0.917666494846344
0.9807738065719604
1.247255563735962
1.1446778774261475
0.7735016345977783
0.5257728099822998
0.4486173987388611
0.4715537130832672
1.7251681089401245
0.32254698872566223
1.4067749977111816
0.8307409882545471
0.5980746150016785
0.9672131538391113
0.6846531629562378
0.5781155228614807
0.6178081631660461
0.7296880483627319
0.5903617739677429
0.6084787249565125
0.3213478922843933
0.8744616508483887
0.8371185064315796
0.6656267046928406
0.6425378322601318
0.5795692205429077
1.007326364517212
0.482801228761673
0.623927652835846
0.12004926800727844
1.1547335386276245
0.5908430218696594
0.122490294277668
1.2925992012023926
0.668221652507782
0.949648380279541
0.30373188853263855
0.8085209727287292
0.6166064143180847
0.35124829411506653
0.5544825792312622
1.5321874618530273
0.7108679413795471
0.7554356455802917
0.7086271047592163
0.517147958278656
0.385517418384552
0.747529923915863
1.1047675609588623
0.4320318102836609
0.39053431153297424
0.5269874334335327
1.0075680017471313
1.1319998502731323
0.5861441493034363
0.556458592414856
1.4540082216262817
1.0578651428222656
0.5040043592453003
1.349229335784912
0.6664130687713623
0.4246354401111603
0.5863499641418457
0.8674644827842712
0.668890118598938
0.3347613215446472
0.38093435764312744
0.28343892097473145
0.536730170249939
0.2759741544723511
0.805105984210968
0.846622884273529
0.7750188708305359
0.264494389295578
0.7268551588058472
0.5825300216674805
0.4657115638256073
0.35050874948501587
0.482692152261734
0.48030754923820496
0.0727325901389122
0.4547938108444214
0.648128092288971
0.6535012125968933
0.35139724612236023
0.4584697484970093
0.7102928757667542
0.1326720416545868
0.38838639855384827
0.5789377689361572
0.455154687166214
0.6033895015716553
0.3686169683933258
0.37771931290626526
0.39685460925102234
0.3675794005393982
0.74862140417099
0.5476346015930176
0.497333288192749
1.259334683418274
0.37201988697052
0.5620180368423462
0.3069123923778534
0.5409078598022461
1.1519922018051147
0.548065185546875
0.4692520797252655
0.5511184334754944
0.2514698803424835
0.39733651280403137
0.2442724108695984
0.2833373248577118
0.08119024336338043
0.2963435649871826
0.2179044932126999
0.6796784996986389
0.4423024356365204
0.6330646872520447
0.45444923639297485
0.28693297505378723
0.5312064290046692
0.18280106782913208
0.13136759400367737
1.0962283611297607
0.905231237411499
0.5277008414268494
0.40735435485839844
0.4972582757472992
0.1600072979927063
0.25293177366256714
0.13962052762508392
0.44997119903564453
0.3167586028575897
0.3060663640499115
1.0321112871170044
0.7668225169181824
0.4111486077308655
0.1647917777299881
0.15189142525196075
0.15524594485759735
0.3185736835002899
0.15239615738391876
0.31372812390327454
0.1831386685371399
0.29818394780158997
0.22223272919654846
0.25622987747192383
0.370755672454834
0.46611377596855164
0.3694775402545929
0.6003783345222473
0.31425127387046814
0.4300217926502228
0.4712256193161011
0.584462583065033
0.2301579862833023
0.5579954981803894
0.5784476399421692
0.2728500962257385
0.22222724556922913
0.2275734841823578
0.40540358424186707
0.36327478289604187
0.3364024758338928
0.10744590312242508
0.27588126063346863
0.15734200179576874
0.18998968601226807
0.28514301776885986
0.1243458092212677
0.1971861571073532
0.24526207149028778
0.37670770287513733
0.335702508687973
0.30697861313819885
0.3654204308986664
0.2140212059020996
0.44776642322540283
0.39692798256874084
0.24304063618183136
0.28443118929862976
0.3765047490596771
0.2842255234718323
0.2842255234718323
0.2842255234718323
0.2842255234718323
0.2842255234718323
0.2842255234718323
0.2842255234718323
0.2842255234718323
0.2842255234718323
0.2842255234718323
1.1176217794418335
0.8306648135185242
0.9965162873268127
0.5012943148612976
1.2351127862930298
1.4188950061798096
1.215410590171814
0.9449330568313599
1.399250864982605
0.7643871307373047
0.7185937166213989
0.7185937166213989
0.36157241463661194
0.8272400498390198
0.8262773752212524
1.0255261659622192
0.7478834390640259
0.4795728921890259
1.2068551778793335
0.7006099224090576
0.5057357549667358
0.49920734763145447
0.5241363644599915
0.8406946659088135
0.4258885979652405
0.7837719321250916
0.8304420709609985
1.4916740655899048
1.029274821281433
0.7115787863731384
0.6983761191368103
0.654432475566864
0.2931470572948456
0.42219239473342896
1.1231235265731812
0.5348830819129944
0.2806969881057739
0.32126596570014954
0.5757762789726257
1.1219044923782349
0.9607740640640259
0.669681191444397
0.6334320902824402
0.7579038143157959
-0.1496805101633072
0.4623051881790161
0.5670554041862488
0.7123888731002808
0.5340033173561096
0.23616166412830353
0.6282980442047119
1.5340232849121094
0.7241626977920532
0.5305485129356384
0.634532630443573
0.5028553009033203
0.3802689015865326
0.5169388055801392
0.2983212471008301
0.6956765055656433
0.6951327919960022
0.6712794303894043
0.8147287964820862
1.0714153051376343
0.5912290811538696
0.7586351633071899
0.5701242089271545
0.4460242986679077
0.7062600255012512
0.7272634506225586
0.2941766381263733
0.34218886494636536
0.674468994140625
0.7916733622550964
0.6939800977706909
0.49779316782951355
0.35850706696510315
0.3525955379009247
1.0098669528961182
0.499573677778244
0.5492885708808899
0.5492885708808899
0.5492885708808899
0.6607077717781067
0.3901987075805664
0.7215284109115601
0.7215284109115601
0.7215284109115601
0.4650384783744812
0.7597029805183411
0.2084905505180359
0.7410004734992981
0.43068599700927734
0.6848744750022888
0.6121265292167664
0.2701246738433838
0.4027632474899292
0.3983730375766754
0.5190613865852356
0.572758674621582
0.9503745436668396
0.2889840602874756
0.05348664149641991
0.442648321390152
0.7542102932929993
0.26471301913261414
-0.0840124636888504
0.32001301646232605
0.3154039978981018
0.4777219295501709
0.18934813141822815
0.46932703256607056
0.24769605696201324
0.18680083751678467
0.3800293505191803
0.18882794678211212
0.8237837553024292
0.24563093483448029
0.22455216944217682
0.27768203616142273
0.293695330619812
0.573386013507843
0.42468586564064026
0.36794620752334595
0.35646072030067444
0.3090313971042633
0.7242363691329956
0.32035714387893677
0.2200198918581009
0.18837860226631165
0.3060513138771057
0.34839344024658203
0.748423159122467
0.748423159122467
0.49348416924476624
0.49348416924476624
0.1638718843460083
0.36046621203422546
0.5566802024841309
0.346159964799881
0.16589020192623138
0.4114209711551666
0.5637907385826111
0.2842255234718323
0.2842255234718323
0.2842255234718323
0.2842255234718323
1.2629053592681885
0.9149894118309021
0.6577014923095703
1.2334942817687988
0.9316097497940063
0.9301946759223938
1.567099690437317
1.5046495199203491
1.1425718069076538
0.3712904751300812
1.3918648958206177
0.7456209063529968
0.6558629870414734
0.8150144219398499
1.075199007987976
1.075199007987976
1.0587090253829956
0.34807848930358887
0.34807848930358887
0.34807848930358887
0.34807848930358887
0.34807848930358887
0.34807848930358887
0.8326327204704285
0.7183318138122559
0.558546245098114
0.558546245098114
0.558546245098114
0.558546245098114
0.558546245098114
0.558546245098114
0.558546245098114
0.558546245098114
0.558546245098114
0.558546245098114
0.2866109013557434
0.2866109013557434
0.2866109013557434
0.2866109013557434
0.7689011693000793
0.21158118546009064
0.21158118546009064
0.21158118546009064
0.21158118546009064
0.21158118546009064
0.21158118546009064
0.21158118546009064
0.6851585507392883
1.2777231931686401
0.6717357039451599
0.7100793719291687
1.234609603881836
1.234609603881836
0.9878653287887573
0.9449806809425354
0.9449806809425354
0.9449806809425354
0.9449806809425354
0.7666242122650146
0.5693634152412415
0.7915629148483276
0.6420822143554688
1.5681871175765991
1.1130621433258057
0.5969848036766052
0.464643269777298
1.1153714656829834
1.1618762016296387
0.6777584552764893
1.113716959953308
0.7161692380905151
1.2407950162887573
1.6608268022537231
1.681054711341858
0.9943891763687134
2.0204226970672607
1.6774617433547974
1.7289073467254639
1.7416082620620728
0.32130166888237
1.409774661064148
0.4840441942214966
1.363290786743164
0.5731709599494934
1.3465032577514648
1.5907437801361084
1.5907437801361084
1.2924386262893677
2.384145975112915
1.0249229669570923
1.7474497556686401
1.3206682205200195
0.939002275466919
1.3206682205200195
0.84441739320755
1.3411449193954468
0.9288386106491089
0.5085084438323975
0.3506339490413666
1.1806144714355469
1.02698814868927
0.3500090539455414
1.1832069158554077
0.8390731811523438
0.207618847489357
0.6148648262023926
0.09735366702079773
0.6444929242134094
0.4751100242137909
0.9776718616485596
0.2842255234718323
0.2842255234718323
0.2842255234718323
0.2842255234718323
0.2842255234718323
0.2842255234718323
0.2842255234718323
0.2842255234718323
0.2842255234718323
0.2842255234718323
0.2842255234718323
0.2842255234718323
0.2842255234718323
0.2842255234718323
0.2842255234718323
0.2842255234718323
0.2842255234718323
0.2842255234718323
0.2842255234718323
0.2842255234718323
0.2842255234718323
1.7195361852645874
1.2169468402862549
0.19811424612998962
1.4548914432525635
0.8208779692649841
1.0254336595535278
1.0254336595535278
0.7350172996520996
1.075277328491211
0.9572981595993042
1.264644980430603
0.6788001656532288
0.786814272403717
0.7162765860557556
1.123827338218689
0.42855018377304077
0.39757463335990906
0.31898099184036255
0.519583523273468
0.9225487112998962
0.7298235893249512
0.8357158899307251
0.38582560420036316
0.7951607704162598
0.6918468475341797
0.8392546772956848
0.46526041626930237
0.8678288459777832
0.7725830078125
0.5687159895896912
0.5549424886703491
0.8338067531585693
1.0658706426620483
0.7173565030097961
0.9184862375259399
0.7387923002243042
0.7363616228103638
0.7047155499458313
0.4197487533092499
1.0028204917907715
0.4645780324935913
0.47910821437835693
0.48686492443084717
0.6295906901359558
0.821591854095459
0.8375526666641235
0.4470706284046173
0.7331113219261169
0.7951276898384094
0.5549042820930481
0.47023701667785645
1.0348339080810547
0.9378479719161987
0.2186679095029831
0.3967703580856323
0.2957087755203247
0.29414865374565125
0.20124702155590057
0.26449206471443176
0.25459662079811096
0.22952552139759064
0.12661130726337433
0.3294556140899658
0.4276706576347351
0.36516323685646057
0.35878774523735046
0.2842255234718323
0.2842255234718323
0.2842255234718323
0.2842255234718323
0.2842255234718323
0.2842255234718323
0.2842255234718323
0.8522332310676575
1.387997031211853
0.3907187283039093
1.021195411682129
1.3329309225082397
0.9830039143562317
1.093088150024414
0.29775771498680115
1.3811277151107788
0.9554229378700256
1.0059620141983032
0.6205635666847229
1.4110805988311768
1.3795075416564941
0.4674845337867737
1.1758214235305786
1.4748417139053345
1.0013190507888794
1.38785719871521
0.2817437946796417
0.40873289108276367
0.6129887104034424
0.4892641007900238
0.5327635407447815
0.5580662488937378
1.048722267150879
1.2637042999267578
0.8076010346412659
0.23469580709934235
1.3156192302703857
0.6072041988372803
0.8642222881317139
0.8642222881317139
0.5525726079940796
1.0530579090118408
0.9555054903030396
0.8685694932937622
0.8753912448883057
0.8206432461738586
0.26875320076942444
0.29753753542900085
0.49532994627952576
0.988056480884552
0.3775503933429718
0.6233288049697876
0.5124546885490417
0.34296801686286926
0.41806185245513916
0.4505312144756317
1.3125253915786743
1.1480927467346191
0.9202902913093567
0.4159611761569977
0.8430731296539307
0.5652192234992981
0.9621657133102417
0.7483174800872803
0.4635280966758728
0.8002716898918152
0.42464718222618103
0.4102616012096405
0.6408866047859192
0.18481165170669556
0.3275336027145386
0.5851880311965942
0.6485185623168945
0.6068503856658936
0.6505337357521057
0.3973623514175415
0.6029525995254517
0.8592322468757629
0.6150721907615662
0.41002440452575684
0.576675534248352
0.7846203446388245
0.5335620641708374
0.648036003112793
0.296222448348999
0.550557553768158
0.7367811799049377
0.5229507088661194
0.6086307168006897
0.454361230134964
0.4580082893371582
0.19953085482120514
0.3920210897922516
0.30603688955307007
0.660938560962677
0.5016399621963501
0.3517213463783264
0.11640891432762146
0.43181145191192627
0.29012826085090637
0.6110177636146545
0.38833382725715637
0.2986905872821808
0.25555846095085144
0.009727166034281254
0.6165443658828735
0.6705508232116699
0.13967610895633698
0.3432515859603882
0.11661305278539658
0.3991507887840271
0.4284810721874237
0.24450702965259552
0.5480721592903137
0.31397417187690735
0.08368215709924698
0.13006773591041565
0.11428830772638321
0.08024417608976364
0.1246194988489151
-0.17263828217983246
0.22686882317066193
0.6705020070075989
0.1246134489774704
0.03390253335237503
0.0439106747508049
0.2670482397079468
0.08736787736415863
0.33305829763412476
0.2207449972629547
0.18026868999004364
0.30658358335494995
0.2908879220485687
0.291841059923172
0.18154941499233246
0.16067369282245636
0.17803962528705597
0.2800823748111725
0.3079778552055359
0.3079778552055359
0.17423351109027863
0.39883995056152344
0.16115762293338776
0.17423351109027863
0.17423351109027863
0.271884024143219
0.3953990638256073
0.17423351109027863
0.17423351109027863
0.17423351109027863
0.262230783700943
0.18547625839710236
0.3403540253639221
0.2842255234718323
0.2842255234718323
0.4917171001434326
0.9525091648101807
0.3825475573539734
0.5201444029808044
0.5291070342063904
0.548570454120636
0.4826416075229645
0.5087807774543762
0.9331405162811279
0.8269754648208618
0.3994329273700714
0.4932090938091278
0.6307563781738281
0.5645725727081299
0.8950382471084595
0.8421913385391235
0.6683547496795654
0.5974520444869995
0.3405187427997589
0.6988983154296875
0.6988983154296875
0.46836110949516296
0.18561692535877228
0.7279200553894043
0.3629568815231323
1.0788493156433105
1.0788493156433105
0.32500916719436646
0.47968700528144836
0.4502255916595459
0.4925398826599121
-0.011559059843420982
0.377829909324646
0.35401463508605957
0.4169388711452484
0.18463945388793945
0.3760606348514557
0.49031442403793335
0.43779808282852173
0.35030171275138855
0.4754960536956787
0.11874347180128098
0.2264869511127472
0.6733829379081726
0.6837900280952454
0.509421169757843
0.5212063193321228
0.6093422770500183
0.855492115020752
0.8113094568252563
0.7683498859405518
0.4119313061237335
0.5726550817489624
1.1600881814956665
0.49299535155296326
0.4404693841934204
0.8302099108695984
0.12903447449207306
0.568939745426178
-0.03191394358873367
0.4788437485694885
0.5484110713005066
0.5318524241447449
1.0960801839828491
0.16389770805835724
0.17597055435180664
0.17815127968788147
0.35610899329185486
0.5081092715263367
0.38547465205192566
0.28485414385795593
0.11710838973522186
0.2898973822593689
0.6308947801589966
0.42637360095977783
0.4471961557865143
0.41243287920951843
0.30980026721954346
0.33690908551216125
0.18823690712451935
0.42853695154190063
0.4565959572792053
0.4055477976799011
0.41115617752075195
0.23202361166477203
0.25932466983795166
0.27402111887931824
0.6605374217033386
0.334493488073349
0.2624931037425995
0.2747648060321808
0.5893258452415466
0.24816863238811493
0.2196260690689087
0.22422373294830322
0.22422373294830322
0.27644145488739014
0.32189029455184937
0.45699191093444824
0.44345220923423767
0.14168418943881989
0.4104706048965454
0.27253472805023193
0.1916494369506836
0.2802715301513672
0.16404989361763
0.32129108905792236
0.5062406659126282
0.22565999627113342
0.24382874369621277
0.5962648987770081
0.23339778184890747
0.5661736130714417
0.19097302854061127
0.2842255234718323
0.2842255234718323
0.2842255234718323
0.2842255234718323
0.2842255234718323
0.2842255234718323
0.2842255234718323
0.2842255234718323
0.2842255234718323
0.2842255234718323
0.2842255234718323
0.2842255234718323
0.2842255234718323
0.2842255234718323
0.2842255234718323
0.3420308232307434
1.0682356357574463
0.4532931447029114
0.6591796278953552
0.515913724899292
1.0902727842330933
0.8399356603622437
0.24962946772575378
0.31815096735954285
0.7893269062042236
1.2222355604171753
0.2834274470806122
0.3538965880870819
0.7108291983604431
0.9129348993301392
0.7000710964202881
0.8093728423118591
0.6286969184875488
0.5599549412727356
0.2187637835741043
0.48303452134132385
0.4211307168006897
0.6019132733345032
0.29773980379104614
0.29730024933815
0.8145201206207275
0.5848495960235596
0.4930877089500427
0.940630316734314
0.39991527795791626
-0.08115209639072418
0.612914502620697
0.6076112389564514
0.6851600408554077
0.6804919242858887
0.439968466758728
0.2696879506111145
0.7834010124206543
0.288921594619751
0.6125223636627197
0.41246145963668823
0.6881723999977112
0.5043589472770691
0.5368258953094482
0.7867087721824646
0.7137954831123352
0.5528581738471985
0.17084811627864838
0.35576581954956055
0.4143948554992676
0.36030012369155884
0.529490053653717
0.23781484365463257
0.6703962683677673
0.17167611420154572
0.6341532468795776
0.6516526341438293
0.5794153809547424
0.15802325308322906
0.4692213833332062
0.5853723883628845
0.378928542137146
0.6872013807296753
0.8315538763999939
0.6182303428649902
1.154898762702942
0.23624037206172943
0.7415308952331543
0.7779420018196106
0.3933631181716919
0.19133180379867554
0.32231152057647705
0.4122214913368225
0.8922532796859741
0.7519070506095886
0.5633029937744141
0.771034300327301
0.7804844975471497
0.6341395378112793
0.9909473657608032
0.11861015856266022
0.2588474750518799
0.586068868637085
1.3877907991409302
0.42635390162467957
1.093556523323059
0.5919383764266968
0.4311750531196594
0.69049072265625
0.7665884494781494
0.42017897963523865
0.4982599914073944
0.39478251338005066
0.9383984804153442
0.49704453349113464
0.40361616015434265
0.7965970039367676
0.19957946240901947
0.9660816788673401
0.9018977284431458
0.33717963099479675
1.0053577423095703
0.4594280421733856
0.7001186013221741
0.6471565365791321
0.45353734493255615
0.5362431406974792
0.39309632778167725
1.0378831624984741
0.7977288961410522
0.5885917544364929
0.5439361333847046
0.9704038500785828
0.3844221234321594
0.4551529586315155
0.2481471747159958
1.0479869842529297
0.8043021559715271
0.8994275331497192
0.4780607223510742
0.7330291271209717
0.3406989872455597
0.6944341063499451
0.6691008806228638
0.7368854284286499
0.4807833433151245
0.5137777328491211
0.40319308638572693
0.7402135133743286
0.6369733810424805
0.5805971622467041
0.25383684039115906
0.5413530468940735
0.32782822847366333
0.8183533549308777
0.28647226095199585
0.6288620829582214
0.7106766700744629
0.3328348696231842
0.5118919014930725
0.908522367477417
0.6540544033050537
0.12417226284742355
0.29220736026763916
0.8158323168754578
0.5422257781028748
0.7935857772827148
0.15955904126167297
0.37377461791038513
0.13922707736492157
0.3447103500366211
0.5080172419548035
0.3458005487918854
0.2719763517379761
0.5592262744903564
0.9149946570396423
0.4333629906177521
0.26049375534057617
0.26849159598350525
0.2594144344329834
0.7086316347122192
0.47098293900489807
0.9070093631744385
1.1187248229980469
0.2967553734779358
0.13513772189617157
0.3565537631511688
0.6483204960823059
0.35022103786468506
0.36781927943229675
0.23966263234615326
0.2463909536600113
0.23966263234615326
0.2842255234718323
1.1908272504806519
1.5287437438964844
0.5753058195114136
0.5394748449325562
0.47800999879837036
0.3931274116039276
0.9804894924163818
0.4991148114204407
0.6347057819366455
0.4135066568851471
0.9050725698471069
1.19194495677948
1.2000408172607422
0.3417801260948181
0.4643554389476776
0.28671887516975403
0.15879757702350616
0.8031958937644958
0.7193567752838135
0.5110653042793274
0.5512213110923767
0.004523775540292263
0.2586168050765991
0.32652851939201355
0.46505051851272583
0.1852525770664215
0.6043888330459595
0.00890385266393423
0.2980826795101166
0.482774555683136
0.7620590925216675
0.4412151277065277
0.21701137721538544
1.1163909435272217
0.4420734941959381
0.8585606217384338
0.2306988537311554
0.9157573580741882
1.0271607637405396
0.5597962141036987
0.24989889562129974
0.3187030553817749
0.2684263586997986
0.6545607447624207
0.5959051847457886
0.5681546926498413
0.437786728143692
0.46816208958625793
-0.04001287743449211
0.7048445343971252
0.41346117854118347
0.05223863571882248
0.333255797624588
0.3622112572193146
0.15695875883102417
0.41992202401161194
0.3054627776145935
0.958963930606842
0.7671104669570923
1.072131633758545
0.24488650262355804
0.1437128782272339
0.04075275734066963
0.09233459830284119
0.37118032574653625
0.6229172348976135
0.6240943074226379
0.15735287964344025
0.3997806906700134
0.6263875365257263
0.1662968248128891
0.5148223042488098
0.7358904480934143
0.5458574891090393
0.29762789607048035
0.4303337037563324
0.3935526907444
0.18322695791721344
0.13521215319633484
-0.1713947206735611
0.36434394121170044
0.25535768270492554
0.4290394186973572
0.5866535902023315
0.35979318618774414
0.1972561478614807
0.2845149040222168
0.3112659156322479
0.4632503092288971
0.06044748052954674
0.20089806616306305
0.2760296165943146
0.4167681932449341
0.9203804731369019
0.4170757234096527
0.15329745411872864
0.2926192581653595
0.4965085983276367
0.41858580708503723
0.8190706372261047
0.4581484794616699
0.5480992197990417
0.29919758439064026
0.44613292813301086
0.2089279592037201
0.13075590133666992
0.4708486795425415
0.39582908153533936
0.7795657515525818
0.20277632772922516
0.21162007749080658
0.284342885017395
0.0648757666349411
1.111998200416565
1.3579672574996948
0.5747560858726501
0.2544928193092346
0.31646624207496643
0.33140483498573303
0.15868668258190155
0.3977256417274475
0.778263509273529
0.0280748438090086
0.3605784773826599
0.5679323673248291
0.3551364243030548
0.27497345209121704
0.6167215704917908
0.29518651962280273
-0.16327537596225739
0.40150660276412964
0.2602663040161133
0.3819020092487335
0.22810018062591553
0.4357319176197052
0.33629703521728516
0.7097024321556091
0.5888204574584961
0.12899340689182281
0.44221505522727966
0.1663653403520584
0.38995665311813354
0.5147582292556763
0.5111654996871948
0.47195127606391907
0.4799615740776062
0.43953201174736023
0.5454282164573669
0.2842255234718323
0.5862300992012024
0.9798765778541565
0.8759714961051941
0.9898468852043152
0.36494705080986023
0.8868895173072815
0.9613013863563538
0.7671635150909424
1.1395156383514404
0.827385663986206
0.8211027979850769
0.9464690089225769
0.8447302579879761
0.4243204891681671
1.4954122304916382
1.7226228713989258
0.7532122731208801
0.2112199068069458
0.2417992502450943
0.6064221858978271
0.7987237572669983
1.3243299722671509
1.3681833744049072
1.1184359788894653
0.04117453098297119
0.9805522561073303
0.06898489594459534
1.486314296722412
0.47399085760116577
0.9512518644332886
0.6270008087158203
0.7632920742034912
0.6120747923851013
0.8138365745544434
0.8742724657058716
0.9537227153778076
0.9537227153778076
0.45659005641937256
0.4733632504940033
0.34153178334236145
0.4339641332626343
0.45302847027778625
1.1493546962738037
0.6817898750305176
0.8407750129699707
0.6012290716171265
0.6279743313789368
0.6127389073371887
0.5791357755661011
0.4498275816440582
0.6439211368560791
0.6218104362487793
0.48609188199043274
0.23455286026000977
0.5562928318977356
0.4752146601676941
0.8403242230415344
0.7458660006523132
0.24320797622203827
0.288642019033432
1.2361135482788086
0.7337698340415955
0.22307902574539185
0.8528563380241394
0.6393288969993591
0.37479397654533386
0.4526243805885315
0.29461368918418884
0.4778973460197449
0.5737311244010925
0.34820789098739624
0.30192556977272034
1.7539674043655396
0.5078532695770264
0.2409365177154541
0.368287056684494
0.46132099628448486
0.4804045855998993
0.6991205811500549
0.6875187754631042
0.3790694773197174
0.592426598072052
0.48128119111061096
0.7507917881011963
0.5655586123466492
0.23435597121715546
0.46127939224243164
0.5792443156242371
0.4027141034603119
0.35838621854782104
0.6974231004714966
0.25833073258399963
0.3697199523448944
0.2331066131591797
0.48204708099365234
0.3731110095977783
0.24371318519115448
0.9097508192062378
0.36584413051605225
0.5476414561271667
0.5302713513374329
0.7757104635238647
0.2934253513813019
0.6028715968132019
0.34017762541770935
0.8424574136734009
0.33385419845581055
0.17780786752700806
0.687183141708374
0.6780780553817749
0.532505452632904
0.571419894695282
0.8166335821151733
0.6194373965263367
1.1478465795516968
0.2531625032424927
0.24683526158332825
0.8390439748764038
0.7703114151954651
0.819419801235199
0.4968484044075012
0.17225760221481323
0.6348757147789001
0.6256229877471924
0.2892567217350006
0.5673781633377075
0.19691994786262512
0.33565041422843933
0.8153454065322876
0.10305367410182953
0.942862868309021
0.531253457069397
0.7073113918304443
0.7076881527900696
0.7473481893539429
0.6372316479682922
0.7360668182373047
0.2909001410007477
0.7170640230178833
0.8034043908119202
0.5170624852180481
0.5890279412269592
0.5274733901023865
0.6693983674049377
1.335668921470642
0.8733786940574646
0.8914641737937927
0.7651662230491638
0.687455415725708
0.6567443609237671
0.9126615524291992
0.276244580745697
0.5099255442619324
0.7871348261833191
0.7994598150253296
1.0528095960617065
0.8724557161331177
0.6241816878318787
0.6900915503501892
1.039507508277893
0.910988986492157
0.6879019141197205
0.40199318528175354
0.8793081045150757
0.8093191981315613
0.5211548805236816
0.36393484473228455
0.6108675599098206
0.4484075605869293
0.7182952165603638
0.6048992872238159
0.2983447313308716
1.0520085096359253
0.4220304787158966
0.2503417730331421
0.3059808909893036
0.5032347440719604
0.44666799902915955
0.5057089328765869
-0.01302119717001915
0.7138263583183289
0.272474467754364
0.8074701428413391
0.36262911558151245
0.35232943296432495
0.08796613663434982
0.6648560762405396
0.19694966077804565
0.5230777859687805
0.569567084312439
0.5715492367744446
0.7021569609642029
0.043619610369205475
0.6472702026367188
0.20541347563266754
0.6027019619941711
0.0682109072804451
0.8787018060684204
0.5836942791938782
0.34464219212532043
0.22135436534881592
0.4513225257396698
0.746893048286438
1.1353561878204346
0.26889458298683167
0.24535678327083588
0.7562965750694275
0.7562965750694275
0.7562965750694275
0.5299667716026306
0.5299667716026306
0.30525317788124084
0.6435332298278809
0.6435332298278809
0.643591046333313
0.643591046333313
0.8926411867141724
0.8259447813034058
0.8259447813034058
0.8675707578659058
0.8802552223205566
0.8802552223205566
0.8712045550346375
0.9604294896125793
0.8602082133293152
0.644174337387085
0.6960898637771606
0.7913290858268738
-0.025765908882021904
0.27691125869750977
0.7968785166740417
0.2317846566438675
0.44642704725265503
0.16388587653636932
0.5110374689102173
0.15922093391418457
-0.09753574430942535
0.15871664881706238
0.1734331250190735
0.4633495807647705
0.2683470845222473
-0.06388242542743683
0.2341534048318863
0.21919147670269012
0.24031056463718414
0.1466226875782013
0.157575324177742
0.149322971701622
0.277778297662735
0.29905954003334045
0.29905954003334045
0.29905954003334045
0.29905954003334045
0.29905954003334045
0.29905954003334045
0.29905954003334045
0.29905954003334045
0.29905954003334045
0.9251164793968201
0.9161660075187683
1.0391545295715332
1.1715598106384277
-0.03447505086660385
0.861445426940918
1.0473378896713257
0.318410187959671
1.1241075992584229
1.3600969314575195
0.964449405670166
0.6898240447044373
0.8900293111801147
0.5355435013771057
0.7026838660240173
0.5545592904090881
0.2789672911167145
0.30739155411720276
0.8920976519584656
1.5007513761520386
0.7111347913742065
0.31484851241111755
0.9288648962974548
0.46605774760246277
0.6279188990592957
0.19293354451656342
0.4632038474082947
0.12963049113750458
0.572221040725708
0.19432944059371948
0.6219133734703064
0.5164327025413513
0.7252517342567444
0.45086196064949036
0.2958216965198517
0.4544583261013031
0.9403588175773621
0.9403588175773621
0.4540494382381439
0.31584566831588745
0.565037727355957
0.4162941873073578
0.24243490397930145
0.5310084819793701
0.23897305130958557
1.2499425411224365
0.6382951736450195
0.3176852762699127
0.2837117314338684
0.4352773129940033
0.22100800275802612
0.1383998543024063
0.3338954448699951
0.2501491606235504
0.3429161310195923
0.7478503584861755
0.33470723032951355
0.6055132746696472
0.8332337141036987
0.3925561010837555
0.770084023475647
0.22991152107715607
0.3479296863079071
-0.2657391130924225
0.4093768000602722
0.30102109909057617
0.7509166598320007
0.8617411851882935
0.7497151494026184
0.7497151494026184
0.727327287197113
0.5298510789871216
0.2046898901462555
0.6950079202651978
0.2906701862812042
-0.03764994069933891
1.037588119506836
0.2540273368358612
0.14728690683841705
0.10819989442825317
0.5452528595924377
0.7500223517417908
0.5283660888671875
1.2795883417129517
0.3064076900482178
0.7119883298873901
0.46799227595329285
0.5052033066749573
0.17222365736961365
0.30261847376823425
0.6272606253623962
0.15276941657066345
0.7909780740737915
0.47350484132766724
0.780680775642395
0.6533504128456116
0.6309775114059448
0.686085045337677
0.9098702669143677
0.7634620666503906
0.6335943341255188
1.042055368423462
0.40295740962028503
0.549339234828949
0.9922303557395935
0.8335136771202087
1.0357496738433838
0.6362216472625732
1.1348960399627686
1.066202163696289
0.623076856136322
0.7232803106307983
0.6510268449783325
1.1159149408340454
0.6829890012741089
0.5226227045059204
0.8532295823097229
0.8308258652687073
0.3001768887042999
0.5807251930236816
0.5380725264549255
0.5347475409507751
0.3783247470855713
0.17348478734493256
0.903924286365509
0.8312060236930847
0.5245198011398315
-0.04254279285669327
0.3544901907444
0.8464025259017944
0.23440423607826233
0.43629175424575806
0.2059631198644638
0.23809459805488586
0.25035756826400757
0.26166751980781555
0.4401198625564575
0.3205935060977936
1.6288375854492188
0.13834881782531738
0.17801278829574585
0.26201093196868896
-0.34168684482574463
0.594070315361023
1.1848812103271484
0.20642445981502533
1.357804536819458
0.10523240268230438
0.16743391752243042
0.3357521593570709
0.3261541426181793
0.0825720801949501
0.2678733766078949
-0.09594492614269257
0.03339630737900734
0.4224396347999573
0.5487983226776123
0.08243319392204285
0.05319467931985855
-0.03596345707774162
0.1357870101928711
0.12603579461574554
0.4787549674510956
0.9861323833465576
0.18297317624092102
0.4156470000743866
0.1586523801088333
0.40801921486854553
0.1637224555015564
0.6599975824356079
0.23129092156887054
0.26254913210868835
0.2069188803434372
0.2069188803434372
0.2069188803434372
0.31698110699653625
0.3326970040798187
0.17883501946926117
0.2842255234718323
0.2842255234718323
0.2842255234718323
0.2842255234718323
0.2842255234718323
0.2842255234718323
0.2842255234718323
0.2842255234718323
0.2842255234718323
0.2842255234718323
0.2842255234718323
0.2842255234718323
0.2842255234718323
0.2842255234718323
0.2842255234718323
0.2842255234718323
0.2842255234718323
0.2842255234718323
0.2842255234718323
0.2842255234718323
0.2842255234718323
0.2842255234718323
0.2842255234718323
0.2842255234718323
0.2842255234718323
0.2842255234718323
0.2842255234718323
0.8527206778526306
0.720848560333252
0.2505457401275635
1.0175174474716187
1.1103698015213013
1.3098293542861938
0.9648643732070923
1.6994733810424805
0.9603106379508972
0.6526722311973572
0.7521633505821228
0.6261385083198547
1.1049981117248535
0.9555090665817261
0.9158044457435608
0.9015284180641174
0.9267939329147339
0.7826149463653564
0.5297781825065613
0.6788316965103149
0.5641869306564331
0.7566726207733154
0.8184433579444885
0.47086265683174133
0.8492618799209595
0.7627495527267456
0.6159930229187012
0.27908098697662354
0.63625568151474
0.627199113368988
0.5897865295410156
0.096512071788311
0.8456593155860901
0.5813100337982178
0.5689560770988464
0.23217390477657318
0.6498385667800903
0.39766380190849304
0.9710421562194824
0.512045681476593
0.6470673084259033
0.5886898040771484
-0.1729772984981537
0.09527310729026794
0.536141037940979
0.5437749028205872
0.2666606605052948
0.7119101881980896
0.328806608915329
1.4286528825759888
1.4286528825759888
0.22772076725959778
0.8283981084823608
0.9652693867683411
0.9652693867683411
0.9652693867683411
0.9652693867683411
0.9300139546394348
0.9300139546394348
0.9300139546394348
0.9300139546394348
0.3216387629508972
0.25695595145225525
0.6619914770126343
0.4027272164821625
0.40910258889198303
1.0841513872146606
0.4737468361854553
0.7912884950637817
0.3101222813129425
0.33474215865135193
0.3681066632270813
0.6089456081390381
0.30365991592407227
0.4522640109062195
0.16913951933383942
0.3254072964191437
0.6339412331581116
0.47990649938583374
0.15557405352592468
0.6108271479606628
0.24675053358078003
0.799977719783783
0.23263593018054962
0.4426925778388977
0.11144289374351501
0.5082486271858215
0.43907424807548523
0.2677069902420044
0.5808223485946655
0.1626330018043518
0.0037362168077379465
0.16505464911460876
0.4181489944458008
0.26747646927833557
0.6457304358482361
0.22037804126739502
0.273053377866745
0.2513711154460907
-0.15184596180915833
0.14700794219970703
0.2768813967704773
0.2826322913169861
0.5989297032356262
0.5404577255249023
0.21399074792861938
0.46263059973716736
0.43131840229034424
0.027962053194642067
0.013562750071287155
-0.05411238968372345
0.3743608295917511
0.12817424535751343
-0.02083715610206127
0.007375955581665039
-0.2053818702697754
0.15993590652942657
0.0540674552321434
0.06622779369354248
0.13104049861431122
-0.06259384006261826
0.14191657304763794
0.41929739713668823
0.41929739713668823
0.04552701488137245
0.34063977003097534
0.11027133464813232
0.5113994479179382
0.37009793519973755
0.4512595236301422
0.49620968103408813
0.13995268940925598
0.21005162596702576
0.15234586596488953
0.18082541227340698
0.1948971301317215
0.06015229597687721
-0.10749983787536621
0.015927763655781746
-0.03178355097770691
0.26569753885269165
-0.06474389880895615
1.4837692975997925
1.2340527772903442
1.2340527772903442
0.06307109445333481
-0.06684186309576035
0.7382950186729431
0.7382950186729431
0.7382950186729431
0.3492523729801178
0.07107848674058914
0.7083689570426941
0.16155396401882172
0.024808242917060852
0.146353080868721
0.27342188358306885
0.07582070678472519
0.29284805059432983
0.2842255234718323
0.2842255234718323
0.2842255234718323
0.2842255234718323
1.6312518119812012
1.1218235492706299
0.5904648303985596
0.6310732364654541
0.8635016679763794
0.7248347997665405
1.0808813571929932
0.33235710859298706
0.7373384237289429
0.774245023727417
0.2889609932899475
1.0135927200317383
0.501671552658081
0.8352885842323303
0.5534136891365051
0.8114173412322998
0.455209881067276
0.43972185254096985
0.9600279331207275
0.45955073833465576
0.520075261592865
0.7486940622329712
0.7224404215812683
0.7756015658378601
0.8564318418502808
0.3687642514705658
0.8988878726959229
0.6829975843429565
0.003800904145464301
0.7474712133407593
0.839084267616272
0.8060280680656433
0.48329079151153564
0.2868448495864868
1.038549780845642
0.3120245337486267
0.4717557728290558
0.6233547329902649
0.4631803631782532
0.8895493745803833
1.0607272386550903
0.7010762095451355
1.0213972330093384
0.6293215155601501
0.34971216320991516
0.965395450592041
0.9866856932640076
0.689088761806488
0.6432527303695679
0.307964950799942
0.15364579856395721
0.4219571352005005
0.14243270456790924
0.23654015362262726
0.24403078854084015
0.9856109023094177
1.0912185907363892
0.4237160086631775
0.5093687772750854
0.3450905680656433
0.4198298156261444
0.23591728508472443
0.4715317189693451
0.3900608420372009
0.03613284230232239
0.41973569989204407
0.03752681240439415
0.7888243794441223
0.22835621237754822
0.45097434520721436
0.7057197690010071
0.5717218518257141
0.5013390779495239
0.6431612372398376
0.4433882534503937
1.0818686485290527
0.28729650378227234
0.9156422019004822
0.6190237998962402
0.25917571783065796
0.24650675058364868
0.4585205018520355
0.722375750541687
0.3342192769050598
0.7095609903335571
0.8382009863853455
0.3432459831237793
1.2149862051010132
0.715916097164154
0.380850613117218
0.5669302940368652
0.6442511081695557
0.43631473183631897
-0.17683470249176025
0.528351366519928
1.015114665031433
0.23691247403621674
0.3172842264175415
0.9288036823272705
0.9755368232727051
0.9755368232727051
0.3591407835483551
0.5278640389442444
0.8992215991020203
0.3770065903663635
0.9040866494178772
0.4396028518676758
0.7748737335205078
0.8210621476173401
0.2855963110923767
0.722612738609314
0.7265129685401917
0.3484369218349457
0.2859443128108978
0.3769678771495819
0.06871398538351059
0.432156503200531
0.6614034175872803
0.4112941026687622
0.07896207273006439
0.022273795679211617
0.023792052641510963
0.7734463810920715
0.6796294450759888
0.6150515675544739
0.1263815313577652
0.13325323164463043
0.22227585315704346
0.19007106125354767
0.30980950593948364
0.2699930965900421
0.09742435812950134
0.21495042741298676
0.2812981903553009
0.15962596237659454
0.6202130913734436
0.05883212015032768
0.01376152504235506
0.4378439486026764
0.1605033129453659
-0.020637283101677895
0.29128003120422363
0.2842255234718323
0.2842255234718323
0.2842255234718323
0.2842255234718323
0.2842255234718323
0.2842255234718323
0.2842255234718323
0.2842255234718323
0.2842255234718323
0.2842255234718323
0.4394914507865906
0.43768393993377686
1.008603811264038
0.4457869529724121
0.12427258491516113
0.9521626830101013
1.0780160427093506
0.7337930798530579
0.3776859939098358
0.44571414589881897
0.5002033710479736
0.2139112502336502
0.28143683075904846
0.32892245054244995
0.30317503213882446
0.07248906046152115
0.5044825673103333
0.08894350379705429
0.468304842710495
0.44744253158569336
0.25811266899108887
0.6147424578666687
-0.09737474471330643
0.5716893672943115
0.39070039987564087
0.5556215643882751
0.6290143132209778
0.4341960847377777
0.4505338966846466
0.17683227360248566
0.03373849391937256
0.3523663878440857
0.13659140467643738
0.2924591600894928
0.6419534087181091
0.3538118004798889
0.669413685798645
0.2704712748527527
-0.03372712433338165
-0.06441432982683182
0.4286598265171051
0.08397922664880753
0.3771915137767792
0.0793682411313057
0.3605025112628937
0.7473067045211792
0.2372695952653885
0.7781676650047302
0.528332531452179
0.5644447803497314
0.21124067902565002
0.09454189985990524
0.6954327821731567
0.48330003023147583
0.40443724393844604
0.67649245262146
0.44363075494766235
0.13491901755332947
0.5447392463684082
0.6311382055282593
0.3112686574459076
0.7346769571304321
0.3923676908016205
0.859585702419281
0.23611177504062653
0.09245793521404266
-0.08493265509605408
0.49264195561408997
0.4654819667339325
0.09965338557958603
0.3041813373565674
0.2829000651836395
0.09305988997220993
0.4475055932998657
0.061434052884578705
0.3484560251235962
0.3845922648906708
0.43336084485054016
0.08467867970466614
0.14526452124118805
0.5165172815322876
0.7656584978103638
0.26540297269821167
0.3574579358100891
0.24862214922904968
0.09987326711416245
0.062292978167533875
0.33778032660484314
0.7421869039535522
0.32612934708595276
0.2640904188156128
0.5604198575019836
0.47324731945991516
0.15757521986961365
0.12871813774108887
0.7216007113456726
0.412787526845932
0.4934958815574646
0.3117803633213043
0.3957299590110779
0.1013631597161293
0.2399161010980606
0.6462712287902832
0.34262678027153015
0.7435458302497864
0.16135747730731964
-0.06956283748149872
0.14203862845897675
0.245827317237854
0.7906627058982849
0.6422393918037415
0.12178017199039459
0.07053235173225403
0.24979713559150696
0.045550454407930374
0.21430739760398865
0.18540701270103455
0.19250114262104034
0.23232577741146088
0.3199198246002197
0.4074748456478119
0.9658463597297668
0.45812714099884033
0.33013415336608887
0.2235914021730423
0.29422274231910706
0.48699983954429626
0.4619545042514801
0.779524028301239
0.3206689953804016
0.10378570854663849
0.25086551904678345
0.1052294448018074
0.07423554360866547
0.1292305737733841
0.16084569692611694
0.2283868044614792
0.3227245807647705
0.5081420540809631
0.23492304980754852
0.40303635597229004
0.24353162944316864
0.2842255234718323
0.2842255234718323
0.2842255234718323
0.2842255234718323
0.2842255234718323
0.2842255234718323
1.141953706741333
1.0592824220657349
1.5516642332077026
0.7378911375999451
0.8664853572845459
1.072555422782898
0.688572347164154
0.6058887839317322
0.8260200023651123
0.44726356863975525
0.02684292197227478
0.3013737201690674
0.9245657920837402
0.32631126046180725
0.2821737229824066
0.7363470792770386
0.45824095606803894
0.48284733295440674
0.1658114194869995
0.4521467387676239
0.6857476830482483
0.44072917103767395
0.7482077479362488
0.23199990391731262
0.6668714880943298
0.27948197722435
0.35836389660835266
0.565449059009552
0.6155654191970825
0.23748593032360077
0.7194969654083252
0.47929847240448
0.4496292173862457
0.7212987542152405
0.5219032168388367
0.4494797885417938
0.5242072939872742
0.42648446559906006
0.552889883518219
0.43131059408187866
0.6228446960449219
0.5570014715194702
0.8254918456077576
0.6661117076873779
0.712194561958313
0.4839071035385132
0.4512301981449127
0.3448914587497711
0.5319814085960388
0.452845960855484
0.2578449547290802
0.371611624956131
0.6821039915084839
0.48632699251174927
0.38402819633483887
0.5935667753219604
0.34681159257888794
0.32426145672798157
0.2444007694721222
0.4504730999469757
0.33337295055389404
0.46352270245552063
0.4923945367336273
0.6490469574928284
0.8785814046859741
0.4243258237838745
0.4717348515987396
0.42189550399780273
0.4128474295139313
0.48610830307006836
0.39804914593696594
0.2448766529560089
0.7593799829483032
0.5151097774505615
0.6246260404586792
0.8254702687263489
1.087283968925476
1.087283968925476
1.087283968925476
1.087283968925476
0.5338466763496399
0.7361452579498291
0.7361452579498291
0.7873661518096924
0.275223046541214
0.4150993227958679
0.5245175361633301
0.3608584403991699
0.687061607837677
0.687061607837677
0.4060615301132202
0.9120535254478455
0.326251745223999
0.2323712855577469
0.8380078077316284
0.8714014291763306
0.6048442721366882
0.7311641573905945
0.5524431467056274
0.2754368484020233
0.5839108824729919
0.6132732033729553
0.4136049449443817
0.1279754638671875
0.5240355134010315
0.7283644080162048
0.7483968734741211
0.2608382999897003
0.6502333283424377
0.7492620348930359
0.3020700514316559
0.573340892791748
0.18463146686553955
0.20235800743103027
0.1663890779018402
0.5155481100082397
0.41915619373321533
0.23843441903591156
0.6932820081710815
0.6610166430473328
0.9194036722183228
0.6598186492919922
0.5739129781723022
0.22287599742412567
0.3204326629638672
0.15854746103286743
0.0868196114897728
0.38707658648490906
0.5364219546318054
0.3361796438694
0.8745685815811157
0.3139215111732483
0.4042520523071289
0.4128158986568451
0.3481235206127167
0.6946935653686523
0.30988338589668274
0.7513614892959595
0.27230626344680786
0.10795173048973083
0.12217021733522415
0.17522019147872925
0.29607200622558594
0.42474365234375
0.3424086272716522
0.3030241131782532
0.21498790383338928
0.3313975930213928
0.23193281888961792
0.2368568331003189
0.2842255234718323
0.2842255234718323
0.2842255234718323
0.7215772271156311
0.15795668959617615
0.6026808619499207
0.18413597345352173
1.327837347984314
1.04274320602417
0.301117479801178
0.950722873210907
0.6428228616714478
0.9403843283653259
0.5461490154266357
1.1598243713378906
0.5716599822044373
-0.1744026094675064
-0.06691369414329529
0.16671107709407806
0.4044587314128876
0.44162020087242126
0.14571282267570496
1.099776029586792
0.5793358087539673
0.9475550651550293
0.06904355436563492
0.5610941648483276
0.3582797348499298
0.37029793858528137
0.12110613286495209
0.0318724624812603
0.534354031085968
1.0329530239105225
-0.04895808547735214
0.5135822892189026
0.6347745656967163
0.009042106568813324
0.25822123885154724
0.2779747545719147
0.04306630417704582
0.36254656314849854
0.20422784984111786
-0.17222096025943756
0.25808343291282654
0.027693863958120346
0.3662963807582855
1.008095145225525
-0.07309287786483765
0.6245099902153015
0.03328574448823929
0.5835149884223938
0.6117451190948486
0.5439357161521912
0.2683805823326111
0.29722630977630615
0.29722630977630615
0.4800781011581421
0.361202597618103
0.791652262210846
0.5206747651100159
0.6212368607521057
0.102367103099823
-0.0044278898276388645
0.10953556001186371
0.7140267491340637
0.2606509327888489
-0.08777569979429245
0.048660729080438614
0.13687585294246674
0.47286054491996765
0.3152981102466583
0.27084624767303467
0.4744113087654114
0.0073585910722613335
0.26464831829071045
0.22020184993743896
0.531501829624176
0.0789758637547493
-0.023044804111123085
0.14811910688877106
0.18896602094173431
0.23918046057224274
0.16156551241874695
0.2603927254676819
0.18302710354328156
0.14762546122074127
0.45483335852622986
0.08747383952140808
0.5170624852180481
0.4726357161998749
0.08831001818180084
0.22722767293453217
0.6732729077339172
0.24375389516353607
0.4511151909828186
0.40709948539733887
0.04439236968755722
0.41190093755722046
0.2706338167190552
0.1842668205499649
0.3773481845855713
0.36712226271629333
0.2901533544063568
0.23463813960552216
0.43057116866111755
0.4994771182537079
-0.01163156982511282
0.15377593040466309
0.27205848693847656
0.79338139295578
0.02131006121635437
0.689496636390686
0.3603810667991638
0.5537474155426025
0.21202650666236877
0.2669910788536072
0.42130720615386963
0.5138475894927979
0.41257327795028687
0.2548494338989258
0.5694924592971802
0.2593636214733124
0.5425860285758972
0.31648266315460205
0.45869290828704834
0.45967206358909607
0.4026128053665161
0.24309180676937103
0.3327201008796692
0.4405800402164459
0.3003602921962738
0.2842255234718323
0.2842255234718323
0.2842255234718323
0.2842255234718323
0.2842255234718323
0.2842255234718323
0.2842255234718323
0.2842255234718323
0.22872036695480347
1.500272274017334
1.4140188694000244
0.16277453303337097
-0.051966965198516846
0.19200296700000763
1.1553454399108887
0.17371109127998352
0.4803082048892975
0.3761367201805115
0.014770971611142159
0.20714271068572998
-0.12794268131256104
-0.16158553957939148
0.17260411381721497
0.4844467341899872
0.09371883422136307
0.1381661593914032
0.24474559724330902
0.7489432096481323
0.5138428807258606
0.07295026630163193
0.41082796454429626
0.7760947942733765
0.12112464755773544
1.5292547941207886
0.4121028780937195
0.5031138062477112
0.5031138062477112
0.7338293194770813
0.769105076789856
1.1464449167251587
0.41343748569488525
0.3010421693325043
0.2870469093322754
0.23871901631355286
0.06370748579502106
0.629058837890625
0.026170389726758003
0.504308819770813
0.02663087286055088
-0.0263068787753582
-0.03161986172199249
1.6250351667404175
0.6207079887390137
0.5152322053909302
0.22495301067829132
0.4227108657360077
0.6119030117988586
1.1366240978240967
0.5685940384864807
0.4871349036693573
0.28180214762687683
0.4027206599712372
0.20461592078208923
0.5085121989250183
0.43690675497055054
0.26250508427619934
0.5280730128288269
-0.3298715054988861
-0.05479095131158829
0.11023349314928055
-0.20145456492900848
0.8613481521606445
0.7931514978408813
0.5793545246124268
0.4800405502319336
0.3852311670780182
0.01818947121500969
0.5863559246063232
-0.4505217969417572
0.3059203028678894
0.011677850969135761
0.595007061958313
-0.18734921514987946
0.8178460001945496
0.880766749382019
0.9904302954673767
0.9398242235183716
0.3628833293914795
0.26521533727645874
0.5089188814163208
0.9745323061943054
0.8517313003540039
0.21645359694957733
0.5287783741950989
0.324459969997406
0.5453224778175354
0.3322902023792267
0.2341792732477188
0.28173181414604187
0.02848483808338642
0.2879621386528015
0.26610344648361206
0.5729674696922302
0.5826233625411987
1.1841212511062622
0.5577083826065063
0.5094344019889832
0.615674614906311
0.2842255234718323
0.2842255234718323
0.2842255234718323
0.2842255234718323
0.2842255234718323
0.2842255234718323
0.2842255234718323
0.2842255234718323
0.2842255234718323
0.2842255234718323
0.2842255234718323
0.2842255234718323
0.2842255234718323
0.2842255234718323
0.2842255234718323
0.2842255234718323
0.2842255234718323
0.2842255234718323
0.2842255234718323
0.2842255234718323
0.2842255234718323
0.2842255234718323
0.2842255234718323
0.2842255234718323
0.2842255234718323
0.2842255234718323
0.2842255234718323
0.2842255234718323
0.2842255234718323
0.7924160957336426
0.39905595779418945
0.2169611155986786
0.5070800185203552
0.4153202176094055
0.5305551886558533
0.3686973750591278
0.15318742394447327
0.5785157680511475
0.9509958624839783
0.2984602749347687
0.3329002559185028
0.6929411292076111
0.5392630100250244
0.4887813627719879
0.33988112211227417
0.7227348685264587
0.5310373902320862
0.6493276953697205
0.19830675423145294
0.49666523933410645
0.2555398643016815
0.4028540253639221
0.4225423336029053
0.7699097394943237
0.10157056152820587
0.1414155513048172
0.2868691384792328
0.2290121614933014
0.4802186191082001
0.1248987689614296
0.6350325345993042
0.6376004219055176
0.030018573626875877
0.542647659778595
0.18653486669063568
0.6134750843048096
0.3909916281700134
0.4777389168739319
0.4593619704246521
0.3930324614048004
0.07666283845901489
-0.024852892383933067
0.2899565100669861
0.5592698454856873
0.20322664082050323
0.2090751677751541
-0.06942928582429886
0.12354682385921478
1.223471999168396
0.1555858850479126
0.22928544878959656
-0.06746379286050797
0.7429552674293518
0.46709513664245605
0.6248394250869751
0.11163177341222763
0.04403931647539139
-0.03149982914328575
0.5683910250663757
0.5683910250663757
0.4261414110660553
0.2884953022003174
0.2751341164112091
0.3750663101673126
0.6095814108848572
0.3502194881439209
-0.3781517446041107
0.36754292249679565
0.12220349907875061
-0.04560396075248718
0.11158517748117447
0.35556891560554504
0.12049289792776108
0.07976064831018448
0.057041727006435394
0.16462098062038422
0.16462098062038422
0.165914848446846
0.3424917459487915
0.21468383073806763
0.41053909063339233
-0.2897883653640747
0.270393967628479
0.10354063659906387
0.3808072805404663
0.21883288025856018
0.25753268599510193
0.19536174833774567
0.37132033705711365
-0.14453543722629547
0.25949910283088684
0.2255437970161438
0.2269299179315567
-0.17472833395004272
0.21471162140369415
0.8482064604759216
0.1855744570493698
0.2533823251724243
0.214812770485878
0.293420672416687
0.22826169431209564
0.19825851917266846
0.33103126287460327
0.25032666325569153
0.4186725616455078
0.18679699301719666
0.09073805809020996
-0.11570702493190765
0.26573026180267334
0.39891427755355835
0.1290191113948822
0.13937179744243622
0.14591847360134125
0.14591847360134125
0.29870855808258057
0.25896722078323364
0.3596111536026001
0.16488702595233917
0.10648562759160995
0.1644323170185089
0.23231513798236847
0.08815116435289383
0.2600422501564026
0.12232573330402374
0.13856267929077148
0.07841566205024719
0.19710664451122284
0.24250046908855438
0.09685975313186646
0.16543100774288177
0.14841517806053162
0.26714199781417847
0.01796424388885498
-0.013879495672881603
-0.08999928832054138
0.18245971202850342
0.10861031711101532
0.2265368402004242
0.14009633660316467
0.3682418763637543
0.2599322497844696
0.2652157247066498
0.2457471489906311
0.298708438873291
0.3789500594139099
0.3125409483909607
0.2967124879360199
0.2825273871421814
0.301996111869812
0.1465529501438141
0.23836077749729156
0.25065702199935913
0.42943236231803894
0.3863844573497772
0.3863844573497772
0.2272728830575943
0.2842255234718323
0.91246497631073
0.17412807047367096
0.22839827835559845
0.7626287937164307
0.6539822220802307
0.6789531707763672
0.45454370975494385
0.3997408151626587
0.3842957317829132
0.8819773197174072
0.4253545105457306
0.6447098851203918
0.8592816591262817
0.6263813376426697
0.35475876927375793
0.32390663027763367
1.3000786304473877
0.4017427861690521
0.40823793411254883
0.38950881361961365
0.7064682841300964
0.43046990036964417
0.4589078724384308
0.39198940992355347
0.41681814193725586
0.6338053345680237
0.1286134123802185
0.5236970782279968
0.17756357789039612
0.11473817378282547
0.565234899520874
0.2995292544364929
0.23172584176063538
0.5273528695106506
0.35706573724746704
0.7045573592185974
0.39299845695495605
0.7535589933395386
0.36927318572998047
0.55830317735672
0.3124018907546997
0.5899287462234497
0.4704338014125824
0.8490655422210693
-0.04981876164674759
0.3343660831451416
0.019072655588388443
0.3069976568222046
0.30195504426956177
0.3614305257797241
0.18842081725597382
0.3658953011035919
0.22902461886405945
0.23355497419834137
0.7052362561225891
0.25033003091812134
0.18438701331615448
0.18791364133358002
0.01578148826956749
0.43206870555877686
0.46810999512672424
0.5714191198348999
0.3693307936191559
0.2716183066368103
0.8469114303588867
0.39008012413978577
0.5301266312599182
0.6019404530525208
0.21334844827651978
0.15594536066055298
0.2373848557472229
0.3043064773082733
0.30227571725845337
0.35681071877479553
0.45524463057518005
0.16226059198379517
0.3593861162662506
0.3015398383140564
0.6191507577896118
0.46803563833236694
0.676878809928894
0.3880397379398346
0.4015461206436157
0.6004418730735779
0.5016229152679443
0.5389096736907959
0.6883870363235474
0.5116563439369202
0.5060223937034607
0.33859241008758545
0.5342074036598206
0.5807352662086487
0.3881489932537079
0.2591431736946106
0.6216958165168762
0.6007646322250366
0.6139705181121826
0.4299561679363251
0.050766002386808395
0.050766002386808395
0.30517110228538513
0.49959367513656616
0.3979775011539459
0.4970066547393799
0.2872235178947449
0.5984560251235962
0.57722407579422
0.43328484892845154
0.5741404891014099
0.09856631606817245
0.17173872888088226
0.49690791964530945
0.33197134733200073
0.5347727537155151
0.06287870556116104
-0.014391922391951084
0.2548987865447998
-0.07505322247743607
0.47703152894973755
0.5112320780754089
0.007568679749965668
0.2189934253692627
0.3955768644809723
0.1218462586402893
0.032815419137477875
0.17737674713134766
0.24639098346233368
0.21508638560771942
0.1635110080242157
0.07777108252048492
0.10269059985876083
0.1816529631614685
0.15943816304206848
0.20165735483169556
0.29910987615585327
0.17521096765995026
0.3794894516468048
0.16186298429965973
0.22677698731422424
0.2124541997909546
0.26672324538230896
0.5621649622917175
0.35928839445114136
0.3971361815929413
0.32868629693984985
0.3911150097846985
0.2244090586900711
0.42687416076660156
0.2696658670902252
0.27680209279060364
0.2929977774620056
0.2172958254814148
0.30689218640327454
0.2446882426738739
0.26851654052734375
0.29767096042633057
0.42399653792381287
0.29224666953086853
0.30659815669059753
0.457610547542572
0.3853943943977356
0.22411617636680603
0.47625529766082764
0.2520260214805603
0.2758543789386749
0.26714009046554565
0.24708665907382965
0.2842255234718323
0.2842255234718323
0.2842255234718323
0.2842255234718323
0.2842255234718323
0.2842255234718323
0.2842255234718323
0.2842255234718323
0.2842255234718323
0.2842255234718323
0.2842255234718323
0.2842255234718323
0.2842255234718323
0.2842255234718323
0.2842255234718323
0.2842255234718323
0.2842255234718323
0.2842255234718323
0.2842255234718323
0.2842255234718323
0.2842255234718323
0.2842255234718323
0.2842255234718323
0.2842255234718323
0.2842255234718323
0.2842255234718323
0.2842255234718323
0.2842255234718323
0.2842255234718323
0.2842255234718323
0.2842255234718323
0.2842255234718323
0.2842255234718323
0.2842255234718323
