0.38567286789375543
0.38567286789375543
0.38567286789375543
0.38567286789375543
0.38567286789375543
0.38567286789375543
0.38567286789375543
0.38567286789375543
0.38567286789375543
0.38567286789375543
0.38567286789375543
0.38567286789375543
0.38567286789375543
0.38567286789375543
0.38567286789375366
0.38567286789375543
0.38567286789375543
0.38567286789375504
0.38567286789375543
0.38567286789375543
0.385672867893753
0.3856728678937326
0.38567286789375543
0.38567286789375543
0.38567286789375543
0.3856728678936665
0.38567286789375543
0.38567286789375543
0.3856728678933261
0.38567286789375543
0.38567286789375543
0.38567286789375543
0.38567286789375543
0.38567286789375543
0.38567286789372235
0.38567286789375543
0.3856728678689008
0.3856728678924181
0.38567286789375543
0.38567286789375543
0.38567286772171516
0.3856728678373497
0.38567286555548724
0.3856728653740801
0.38567286789375543
0.38567286300483633
0.3856728678483254
0.3856728655058725
0.38567286594372857
0.38567284567214677
0.3856728678937554
0.3856728355794073
0.38567286789375543
0.38567284965791304
0.38567285447921595
0.38567261579034195
0.3856724133439819
0.38567286789375543
0.3856717676173747
0.3856707907032419
0.3856651019634502
0.38567286789375543
0.3856499828751666
0.3856355847537697
0.3853749886529448
0.38189282519120354
0.37859430504201463
0.37240771506460424
0.3773344424129288
0.3456556770236565
4.000823621468942E-8
4.000823621468942E-8
4.000823621468942E-8
4.000823621468942E-8
4.000823621468942E-8
4.000823621468942E-8
4.000823621468942E-8
4.000823621468942E-8
4.000823621468942E-8
4.000823621468942E-8
4.000823621468942E-8
4.000823621468942E-8
4.000823621468942E-8
4.000823621468942E-8
4.000823621468942E-8
4.000823621468942E-8
4.000823621468942E-8
4.000823621468942E-8
4.000823621468942E-8
4.000823621468942E-8
4.000823621468942E-8
4.000823621468942E-8
4.000823621468942E-8
4.000823621468942E-8
4.000823621468942E-8
4.000823621468942E-8
4.000823621468942E-8
4.000823621468942E-8
4.000823621468942E-8
4.000823621468942E-8
4.000823621468942E-8
0.38567286789375543
0.38567286789375543
0.38567286789375543
0.38567286789375543
0.38567286789375543
0.38567286789375543
0.38567286789375543
0.38567286789375543
0.38567286789375543
0.38567286789375543
0.38567286789375543
0.38567286789375543
0.38567286789375543
0.38567286789375543
0.38567286789375543
0.38567286789375543
0.38567286789375543
0.38567286789375543
0.38567286789375543
0.38567286789375543
0.38567286789375543
0.38567286789375543
0.38567286789375543
0.38567286789375543
0.38567286789375543
0.38567286789375543
0.38567286789375543
0.38567286789375543
0.38567286789375543
0.38567286789375543
0.38567286789375543
0.38567286789375543
0.38567286789375543
0.38567286789375543
0.38567286789375543
0.38567286789375543
0.38567286789375543
0.38567286789375543
0.38567286789375543
0.38567286789375543
0.38567286789375543
0.38567286789375543
0.38567286789375543
0.38567286789375543
0.38567286789375543
0.38567286789375543
0.38567286789375543
0.38567286789375543
0.38567286789375543
0.38567286789375543
0.38567286789375543
0.38567286789375543
0.38567286789375543
0.38567286789375543
0.38567286789375543
0.38567286789375543
0.38567286789375543
0.38567286789375543
0.38567286789375543
0.38567286789375543
0.38567286789375543
0.38567286789375543
0.38567286789375543
0.38567286789375543
0.38567286789375543
0.38567286789375543
0.38567286789375543
0.38567286789375543
0.38567286789375543
0.38567286789375543
0.38567286789375543
0.38567286789375543
0.38567286789375543
0.38567286789375543
0.38567286789375543
0.38567286789375543
0.38567286789375543
0.3856728678937554
0.38567286789375543
0.38567286789375543
0.38567286789375543
0.38567286789375543
0.38567286789375543
0.38567286789375543
0.38567286789375543
0.38567286789375543
0.38567286789375543
0.3856728678937553
0.38567286789375543
0.38567286789375543
0.38567286789375443
0.3856728678937065
0.38567286789375543
0.38567286789375543
0.38567286789375543
0.38567286789359656
0.38567286789375543
0.38567286789375543
0.38567286789375543
0.38567286789375504
0.38567286789375504
0.38567286789371164
0.38567286789375543
0.38567286789375543
0.38567286789375543
0.38567286789375543
0.38567286789335997
0.38567286789325184
0.38567286789375543
0.38567286789375543
0.38567286789375543
0.38567286789375543
0.385672867890367
0.3856728678844697
0.38567286789375543
0.38567286785995986
0.38567286789375543
0.38567286789375543
0.3856728678804875
0.38567286789375543
0.38567286789375543
0.38567286789375543
0.38567286785871474
0.38567286789375543
0.38567286789375543
0.38567286789375543
0.38567286789375543
0.38567286789375543
0.38567286789375543
0.38567286789375543
0.3856728678137905
0.38567286789375543
0.38567286789375543
0.38567286789375543
0.38567286789375543
0.38567286789375543
0.38567286789375543
0.38567286789375543
0.38567286789375543
0.38567286789375543
0.38567286789375543
0.38567286789375543
0.38567286789375543
0.38567286789375543
0.38567286789375543
0.38567286789375543
0.38567286789375543
0.38567286789375543
0.38567286789375543
0.38567286789375543
0.38567286789375543
0.38567286789375543
0.38567286752862207
0.38567286789375543
0.38567286789375543
0.3856728677408182
0.38567286789375543
0.38567286789375543
0.38567286789375543
0.3856728666924375
0.38567286789375543
0.38567286789375543
0.38567286789375543
0.38567286789375543
0.38567286789375543
0.38567286789375543
0.38567286789375543
0.38567286789375543
0.38567286789375543
0.38567286789375543
0.38567286789375543
0.38567286789375543
0.38567286789375543
0.3856728580185954
0.38567286789375543
0.38567286789375543
0.38567286789375543
0.38567286789375543
0.38567286789375543
0.38567286789375543
0.38567286789375543
0.38567286789375543
0.38567286789375543
0.38567286789375543
0.3856728672563782
0.38567286789375543
0.38567286789375543
0.38567286789375543
0.38567286789375543
0.38567286789375543
0.38567286789375543
0.3856728493677957
0.385672866536844
0.38567286789375543
0.38567286789375543
0.38567286789375543
0.38567286789375543
0.38567286789375543
0.3856728021137459
0.38567286789375543
0.38567286789375543
0.38567286789375543
0.38567286789375543
0.3856726655815098
0.3856726708816164
0.38567278010074457
0.3856728120411656
0.38567276500631653
0.38567286485848806
0.38567257864026394
0.3856726769804117
0.3856728519566434
0.38567285827913367
0.38567286789375543
0.38567284215830905
0.3856722088356768
0.38567284444924677
0.38566646566244905
0.38567286789375543
0.38567286789375543
0.38567162995364246
0.38567286789375543
0.38567286789375543
0.38567149201506995
0.38567286789375543
0.3856727148102233
0.38567286789375543
0.3856728678937554
0.3856661723462674
0.38566493103490057
0.38567286789375543
0.38566601624419705
0.3855850860335705
0.38566583792062364
0.3856728678937554
0.38563203559279374
0.38563001413429254
0.3856302848948874
0.38567286789362853
0.385672867893755
0.3768958374532353
0.37050502926461387
4.000823621468942E-8
4.000823621468942E-8
4.000823621468942E-8
4.000823621468942E-8
4.000823621468942E-8
4.000823621468942E-8
4.000823621468942E-8
4.000823621468942E-8
4.000823621468942E-8
4.000823621468942E-8
4.000823621468942E-8
4.000823621468942E-8
4.000823621468942E-8
4.000823621468942E-8
4.000823621468942E-8
4.000823621468942E-8
4.000823621468942E-8
4.000823621468942E-8
4.000823621468942E-8
4.000823621468942E-8
4.000823621468942E-8
4.000823621468942E-8
4.000823621468942E-8
4.000823621468942E-8
4.000823621468942E-8
4.000823621468942E-8
4.000823621468942E-8
4.000823621468942E-8
4.000823621468942E-8
4.000823621468942E-8
4.000823621468942E-8
4.000823621468942E-8
4.000823621468942E-8
4.000823621468942E-8
4.000823621468942E-8
4.000823621468942E-8
4.000823621468942E-8
4.000823621468942E-8
4.000823621468942E-8
4.000823621468942E-8
4.000823621468942E-8
4.000823621468942E-8
4.000823621468942E-8
4.000823621468942E-8
4.000823621468942E-8
4.000823621468942E-8
4.000823621468942E-8
4.000823621468942E-8
4.000823621468942E-8
4.000823621468942E-8
4.000823621468942E-8
4.000823621468942E-8
4.000823621468942E-8
0.38567286789375543
0.38567286789375543
0.38567286789375543
0.38567286789375543
0.38567286789375543
0.38567286789375543
0.38567286789375543
0.38567286789375543
0.38567286789375543
0.38567286789375543
0.38567286789375543
0.38567286789375543
0.38567286789375543
0.38567286789375543
0.38567286789375543
0.38567286789375543
0.3856728678937554
0.38567286789375543
0.38567286789375543
0.38567286789375543
0.38567286789375543
0.38567286789375543
0.38567286789375543
0.38567286789375543
0.38567286789375543
0.38567286789374705
0.38567286789372807
0.38567286789375543
0.38567286789374705
0.3856728678935105
0.38567286789375543
0.38567286789375543
0.38567286789375543
0.38567286789375543
0.38567286789373584
0.3856728678937353
0.38567286789375543
0.38567286789375543
0.38567286789375543
0.38567286789375543
0.38567286789375543
0.3856728678925115
0.38567286789375543
0.38567286789375543
0.38567286789375543
0.38567286789209076
0.38567286789375543
0.38567286789375543
0.38567286789375543
0.3856728678925193
0.38567286789375543
0.38567286787726396
0.38567286789375543
0.38567286789375543
0.38567286789375543
0.38567286789375543
0.38567286789375543
0.38567286789375543
0.3856728678744947
0.38567286789375543
0.38567286789375543
0.38567286789375543
0.38567286789375543
0.3856728678715709
0.38567286785920774
0.38567286789375543
0.38567286789375543
0.38567286789375543
0.38567286789375543
0.3856728677331808
0.38567286789375543
0.38567286789375543
0.38567286789375543
0.38567286789375543
0.38567286789375543
0.3856728663758266
0.38567286789375543
0.385672867394356
0.38567286789375543
0.3856728658212386
0.38567286789375543
0.38567286770586034
0.38567286789375543
0.3856728662053525
0.38567286789375543
0.38567286789375543
0.38567286789375543
0.3856728678937461
0.38567286789375443
0.38567286126111
0.38567286641725024
0.3856728576963767
0.38567282079429094
0.38567286789375543
0.38567286789375543
0.38567286789375543
0.38567286789375543
0.38567285565520215
0.3856728678937529
0.38567286789375255
0.38567286789375543
0.38567286789375543
0.38567286789375543
0.3856728678937554
0.38567286789375543
0.38567277149734536
0.38567286789370825
0.38567284467513385
0.38567286789375543
0.38567286789375543
0.38567270157604494
0.38567286789375244
0.38567286789375543
0.38567063194701506
0.385672867893312
0.3856728678937554
0.3856711930760729
0.3856728678937554
0.38567286789306365
0.3856717517951619
0.38567286789356514
0.38564254616124355
0.38565478142886
0.38567215957125617
0.38567286773992654
0.38567286376250776
0.38566622574482584
0.3855845113776144
0.3856728678936712
0.3831767302427466
0.3856728678936293
0.3852704214287569
0.3852549866675223
0.3846482161058538
0.3488554711986901
0.38567286789375543
0.38567286789375543
0.38567286789375543
0.38567286789375543
0.38567286789375543
0.38567286789375543
0.38567286789375543
0.38567286789375543
0.38567286789375543
0.38567286789375543
0.38567286789375543
0.38567286789375543
0.38567286789375543
0.38567286789375543
0.38567286789375543
0.38567286789375543
0.38567286789375543
0.38567286789375543
0.38567286789375543
0.38567286789375543
0.38567286789375543
0.38567286789375543
0.38567286789375543
0.38567286789375543
0.38567286789375543
0.38567286789375543
0.38567286789375543
0.38567286789375543
0.38567286789375543
0.38567286789375543
0.38567286789375543
0.38567286789375543
0.38567286789375543
0.38567286789375543
0.38567286789375543
0.38567286789375543
0.38567286789375543
0.38567286789375543
0.38567286789375543
0.38567286789375543
0.3856728678937547
0.38567286789375543
0.38567286789375543
0.38567286789375543
0.38567286789375543
0.3856728678937554
0.38567286789375543
0.38567286789375543
0.38567286789375543
0.38567286789375543
0.38567286789375543
0.38567286789375543
0.38567286789375543
0.38567286789374916
0.38567286789375543
0.38567286789375543
0.38567286789375543
0.38567286789375543
0.38567286789375543
0.38567286789375543
0.38567286789375543
0.38567286789375543
0.38567286789375543
0.38567286789375543
0.38567286789375543
0.38567286789375543
0.38567286789375543
0.38567286789375543
0.38567286789375543
0.38567286789375543
0.38567286789375543
0.38567286789353317
0.38567286789375543
0.38567286789375277
0.38567286789375543
0.38567286789375543
0.38567286789375543
0.38567286789287786
0.38567286789375543
0.38567286789375543
0.38567286789375543
0.38567286789375543
0.38567286789375543
0.38567286789375543
0.385672867893152
0.38567286789172867
0.3856728678923515
0.3856728678928743
0.38567286789375543
0.38567286789375543
0.38567286789375543
0.38567286789375543
0.38567286789375543
0.38567286789375543
0.38567286789375543
0.3856728678886977
0.38567286789375543
0.38567286789375543
0.38567286789375543
0.38567286789375543
0.38567286789375543
0.3856728678937534
0.38567286789375543
0.38567286786378296
0.38567286789375543
0.38567286789375543
0.38567286789375543
0.38567286789375543
0.38567286789375543
0.3856728678937554
0.38567286789375543
0.38567286789375543
0.38567286789375543
0.38567286789375543
0.38567286789375543
0.38567286789375543
0.38567286789375543
0.38567286789375543
0.38567286789375443
0.38567286786258514
0.38567286789375543
0.38567286789375543
0.38567286789375543
0.38567286789375543
0.38567286789375543
0.38567286789375455
0.38567286789375543
0.385672867893755
0.38567286789375543
0.38567286789375543
0.38567286789375543
0.38567286789375543
0.38567286789375543
0.38567286789375543
0.3856728668330641
0.38567286789375543
0.3856728670059297
0.38567286789375244
0.3856728672840565
0.38567286789375305
0.38567286789375543
0.38567286789375543
0.38567286789375543
0.38567286532061806
0.38567286789375543
0.38567283947717945
0.38567286789375543
0.3856728449875948
0.38567286789375543
0.38567286789375543
0.38567286789375543
0.3856728678935803
0.38567286789375543
0.3856728678937542
0.3856728678937554
0.38567286789375543
0.3856728678937527
0.3856728678937554
0.38567286789374994
0.38567286789374683
0.38567286789344873
0.3856728678523341
0.38567286789375455
0.3856728678937489
0.38567286789371175
0.3856728678905204
0.38567124195605934
0.38566927273454077
0.38567286789375194
0.38567286789357813
0.38566537914546406
0.38567286787452926
0.3856728678937152
0.38565207187274725
0.3856728675917913
0.38567286720353156
0.38560444679420297
0.38560416273544196
0.38567286709228976
0.3856728675402413
0.385672865617644
0.38567286788096433
0.3855701843262485
0.3856728678922265
0.38567286787608746
0.38441865809950365
0.3691254920034449
0.07941650452199928
4.000823621468942E-8
4.000823621468942E-8
4.000823621468942E-8
4.000823621468942E-8
4.000823621468942E-8
4.000823621468942E-8
4.000823621468942E-8
4.000823621468942E-8
4.000823621468942E-8
4.000823621468942E-8
0.38567286789375543
0.38567286789375543
0.38567286789375543
0.38567286789375543
0.38567286789375543
0.38567286789375543
0.38567286789375543
0.38567286789375543
0.38567286789375543
0.38567286789375543
0.38567286789375543
0.38567286789375543
0.38567286789375543
0.38567286789375543
0.38567286789375543
0.38567286789375543
0.38567286789375543
0.38567286789375543
0.38567286789375543
0.38567286789375543
0.38567286789375543
0.38567286789375543
0.38567286789375543
0.38567286789375543
0.38567286789375543
0.38567286789375543
0.38567286789375543
0.38567286789375543
0.38567286789375543
0.38567286789375543
0.38567286789375543
0.38567286789375543
0.38567286789375543
0.38567286789375543
0.38567286789375543
0.38567286789375543
0.38567286789375543
0.38567286789375543
0.38567286789375543
0.38567286789375543
0.38567286789375543
0.38567286789375543
0.38567286789375543
0.38567286789375543
0.38567286789375543
0.38567286789375543
0.38567286789375543
0.38567286789375543
0.38567286789375543
0.3856728678937552
0.38567286789375543
0.38567286789375543
0.38567286789375543
0.38567286789375543
0.3856728678937548
0.38567286789375543
0.385672867893755
0.38567286789375205
0.38567286789375543
0.38567286789375543
0.38567286789364846
0.38567286789356114
0.38567286789375543
0.38567286789375543
0.38567286789375543
0.38567286789375543
0.38567286789375543
0.38567286789375543
0.38567286789375543
0.38567286789375543
0.38567286789375543
0.38567286789375543
0.38567286789375543
0.38567286789375543
0.38567286789375543
0.38567286789375543
0.38567286789375543
0.38567286789375543
0.38567286789375543
0.38567286789375543
0.38567286789375543
0.38567286789375543
0.38567286789375543
0.38567286789375543
0.38567286789375543
0.38567286789375543
0.38567286789375543
0.38567286789375543
0.38567286789375543
0.38567286789375543
0.38567286789375543
0.38567286789375543
0.38567286789375543
0.38567286789375543
0.38567286786627847
0.38567286782316934
0.3856728678852654
0.3856728675117192
0.38567286711344084
0.38567286740545165
0.38567286789375543
0.38567286789375543
0.38567286789375543
0.3856728663204229
0.38567286789375543
0.3856728678937553
0.38567286789375543
0.3856728650740665
0.38567286789375543
0.38567286789375543
0.38567286789375543
0.38567285682600416
0.3856728678937535
0.38567286789374333
0.38567286789375516
0.38567282406128334
0.38567286789375543
0.3856728237015511
0.3856726689296292
0.3856728678937553
0.38567286789375543
0.3856728678937553
0.38567243053915096
0.38567286789375455
0.38567263900387067
0.3856726308113337
0.3856728678937514
0.3856706620269026
0.3856683028155057
0.38567286789375543
0.3856728678935239
0.38556138385833344
0.38567286789375455
0.38567286789375455
0.3856728678931557
0.3856728678931557
0.3855632029129874
0.38567286726859257
0.3856728677124293
0.38347849241745285
0.3707114442688737
0.3815822475189528
0.38567285559484404
4.000823621468942E-8
4.000823621468942E-8
4.000823621468942E-8
4.000823621468942E-8
0.38567286789375543
0.38567286789375543
0.38567286789375543
0.38567286789375543
0.38567286789375543
0.38567286789375543
0.38567286789375543
0.38567286789375543
0.38567286789375543
0.38567286789375543
0.38567286789375543
0.38567286789375543
0.38567286789375543
0.38567286789375543
0.38567286789375543
0.38567286789375543
0.38567286789375543
0.38567286789375543
0.38567286789375543
0.38567286789375543
0.38567286789375543
0.38567286789375543
0.38567286789375543
0.38567286789375543
0.38567286789375543
0.38567286789375543
0.38567286789375543
0.38567286789375543
0.38567286789375543
0.38567286789375543
0.38567286789375543
0.38567286789375543
0.38567286789375543
0.38567286789375543
0.38567286789375543
0.38567286789375543
0.38567286789375543
0.38567286789375543
0.38567286789375543
0.38567286789375543
0.38567286789375543
0.38567286789375543
0.38567286789375543
0.38567286789375543
0.38567286789375543
0.38567286789375543
0.38567286789375543
0.38567286789375543
0.38567286789375543
0.38567286789375543
0.38567286789375543
0.38567286789375543
0.38567286789375543
0.38567286789375543
0.38567286789375543
0.38567286789375543
0.38567286789375543
0.38567286789375543
0.38567286789375543
0.38567286789375543
0.38567286789375543
0.38567286789375543
0.38567286789375543
0.38567286789375543
0.38567286789375543
0.38567286789375543
0.38567286789375543
0.38567286789375543
0.38567286789375543
0.38567286789375543
0.38567286789375543
0.38567286789375543
0.38567286789375543
0.38567286789375543
0.3856728678937554
0.38567286789375543
0.38567286789375543
0.38567286789375543
0.38567286789375543
0.38567286789375543
0.38567286789375543
0.38567286789375543
0.38567286789375543
0.38567286789375543
0.38567286789375455
0.38567286789375543
0.38567286789375543
0.38567286789375543
0.38567286789375543
0.38567286789375543
0.38567286789375543
0.38567286789375543
0.38567286789375543
0.38567286789375543
0.38567286789375543
0.38567286789375543
0.38567286789375543
0.38567286789375543
0.38567286789375543
0.38567286789375543
0.38567286789375543
0.38567286789375543
0.3856728678715441
0.38567286785029764
0.38567286789375543
0.3856728664160528
0.38567286789375543
0.3856728584470806
0.38567286789375543
0.38567286789375543
4.000823621468942E-8
4.000823621468942E-8
4.000823621468942E-8
4.000823621468942E-8
4.000823621468942E-8
4.000823621468942E-8
4.000823621468942E-8
4.000823621468942E-8
4.000823621468942E-8
4.000823621468942E-8
4.000823621468942E-8
4.000823621468942E-8
4.000823621468942E-8
4.000823621468942E-8
4.000823621468942E-8
4.000823621468942E-8
4.000823621468942E-8
4.000823621468942E-8
4.000823621468942E-8
4.000823621468942E-8
4.000823621468942E-8
0.38567286789375543
0.38567286789375543
0.38567286789375543
0.38567286789375543
0.38567286789375543
0.38567286789375543
0.38567286789375543
0.38567286789375543
0.38567286789375543
0.38567286789375543
0.38567286789375543
0.38567286789375543
0.38567286789375543
0.38567286789375543
0.38567286789375543
0.38567286789375543
0.38567286789375543
0.38567286789375543
0.38567286789375543
0.38567286789375543
0.38567286789375543
0.38567286789375543
0.38567286789375543
0.38567286789375543
0.38567286789375543
0.38567286789375543
0.38567286789375543
0.38567286789375543
0.38567286789375543
0.38567286789375543
0.38567286789375543
0.3856728678937554
0.38567286789375543
0.38567286789375543
0.38567286789375543
0.38567286789375543
0.38567286789375543
0.38567286789375543
0.38567286789375543
0.38567286789375543
0.38567286789375543
0.38567286789375543
0.3856728678937554
0.38567286789375543
0.38567286789375543
0.38567286789375543
0.38567286789375543
0.38567286789375543
0.38567286789375543
0.38567286789375543
0.385672867893754
0.38567286789375543
0.38567286789375543
0.3856728678933175
0.38567286789375543
0.38567286789235883
0.38567286789344846
0.38567286788772387
0.38567286787807026
0.38567286789375543
0.38567286789375543
0.3856725848769499
0.38567274167743354
0.38567286789372024
0.38567286789374644
0.16205816394445458
4.000823621468942E-8
4.000823621468942E-8
4.000823621468942E-8
4.000823621468942E-8
4.000823621468942E-8
4.000823621468942E-8
4.000823621468942E-8
0.38567286789375543
0.38567286789375543
0.38567286789375543
0.38567286789375543
0.38567286789375543
0.38567286789375543
0.38567286789375543
0.38567286789375543
0.38567286789375543
0.38567286789375543
0.38567286789375543
0.38567286789375543
0.38567286789375543
0.38567286789375543
0.38567286789375543
0.38567286789375543
0.38567286789375543
0.38567286789375543
0.38567286789375543
0.38567286789375543
0.38567286789375543
0.38567286789375543
0.38567286789375543
0.38567286789375543
0.38567286789375543
0.38567286789375543
0.38567286789375543
0.38567286789375543
0.38567286789375543
0.38567286789375543
0.38567286789375543
0.38567286789375543
0.38567286789375543
0.38567286789375543
0.38567286789375543
0.38567286789375543
0.38567286789375543
0.38567286789375543
0.38567286789375543
0.3856728678937552
0.38567286789375543
0.385672867893755
0.38567286789375543
0.38567286789375543
0.38567286789375543
0.38567286789375543
0.38567286789375543
0.38567286789375543
0.3856728678937544
0.38567286789375543
0.38567286789375543
0.38567286789375543
0.38567286789375543
0.38567286789375543
0.3856728678937064
0.38567286789375543
0.38567286789375543
0.38567286789367805
0.38567286789375543
0.38567286789375543
0.38567286789375543
0.38567286789375543
0.38567286789375543
0.38567286789375543
0.38567286789375543
0.385672867893601
0.38567286789375543
0.38567286788802174
0.38567286789375543
0.38567286788981114
0.38567286789375543
0.38567286789375543
0.38567286789375543
0.38567286789375543
0.38567286789375543
0.38567286789375543
0.38567286789375543
0.38567286789039895
0.38567286789375543
0.38567286789375543
0.3856728678937553
0.38567286789375543
0.38567286789375543
0.3856728678937554
0.38567286789141425
0.38567286718298543
0.38567286705324916
0.38567286789375543
0.38567286789375543
0.3856728678937545
0.38567286789375504
0.3856728678937554
0.3856728642900801
0.3856728678937554
0.38567286789375543
0.38567286789375327
0.3856728367505526
0.38567286055806754
0.38567286789375543
0.38567286789375543
0.3856728678937551
0.3856728491601004
0.3856728289011036
0.3856728678937544
0.3856728467354839
0.385672865014732
0.38567286789375477
0.3856727226323161
0.3856728678926175
0.3856714714877421
0.3856723522628892
0.3856717475606041
0.38567076402690187
0.3856719163741218
0.3856697990226669
0.38567286789375393
0.3856566779897267
0.3856657711159189
0.3856629739737157
0.3856409648143226
0.3856480471267702
0.3856503017458204
0.38561859104665386
0.3856728678937554
0.38548113650228033
0.38560038843993655
0.38536346560723495
0.38545701472982674
0.385266035302801
0.3849399494599007
0.38519679625322867
0.3850746883039367
0.38512878285107827
0.3847114935839873
0.3856728678833452
0.38339649019994937
0.38397897108991874
0.38379450108661883
0.38224967804501303
0.3856728676477263
0.38285136774763845
0.3834786196748968
0.3825137399759687
0.37741736144937355
0.3659837701954243
0.0776776326258798
4.000823621468942E-8
4.000823621468942E-8
0.38567286789375543
0.38567286789375543
0.38567286789375543
0.38567286789375543
0.38567286789375543
0.38567286789375543
0.38567286789375543
0.38567286789375543
0.38567286789375543
0.38567286789375543
0.38567286789375543
0.38567286789375543
0.38567286789375543
0.38567286789375543
0.38567286789375543
0.38567286789375543
0.38567286789375543
0.38567286789375543
0.38567286789375543
0.38567286789375543
0.38567286789375543
0.38567286789375543
0.38567286789375543
0.38567286789375543
0.38567286789375543
0.38567286789375543
0.38567286789375543
0.38567286789375543
0.38567286789375543
0.38567286789375543
0.38567286789375543
0.38567286789375543
0.38567286789375543
0.38567286789375543
0.38567286789375543
0.38567286789375543
0.3856728678937554
0.38567286789375543
0.38567286789375543
0.38567286789375543
0.3856728678937554
0.38567286789375543
0.38567286789375543
0.38567286789375343
0.38567286789375543
0.38567286789375543
0.3856728678937505
0.38567286789375543
0.38567286789375543
0.38567286789374783
0.3856728678937433
0.38567286789375543
0.38567286789375543
0.38567286789375543
0.38567286789375543
0.38567286789375543
0.38567286789375543
0.38567286789375543
0.38567286789375543
0.38567286789375543
0.38567286789320215
0.38567286789375543
0.3856728678935736
0.38567286789375543
0.38567286789373173
0.38567286789375543
0.38567286789375543
0.38567286789208166
0.3856728678907081
0.38567286788839156
0.3856728678470888
0.3856728678933372
0.3856728678937325
0.38567286789375543
0.3856728665415221
0.38567286517063004
0.38567286789375543
0.38567286789375543
0.38567286789375543
0.38567286789375543
0.38567286789375543
0.38567286789375543
0.3856728401698871
0.38567286789375543
0.38567286789375543
0.38567285315333133
0.385672855962005
0.38567286789375543
0.3856727605422913
0.38567270624350647
0.38567286789375543
0.38567286789375543
0.3856716464196569
0.38567286789375543
0.3856616251385851
0.3856585929838762
0.3855191105282129
0.3856663686758206
0.38567286789375543
0.3856728678937552
0.3856514950670501
0.3856728678937523
0.38508804510555644
0.38563868075364954
0.38503185634576453
0.38561382674731876
0.3847662965890943
0.3856728677561317
0.3854579391059242
0.3831002634006241
0.3856728652851782
0.2810271478836257
0.3856728677997646
0.05020051369565648
4.000823621468942E-8
4.000823621468942E-8
4.000823621468942E-8
4.000823621468942E-8
4.000823621468942E-8
4.000823621468942E-8
4.000823621468942E-8
4.000823621468942E-8
4.000823621468942E-8
4.000823621468942E-8
4.000823621468942E-8
4.000823621468942E-8
4.000823621468942E-8
4.000823621468942E-8
4.000823621468942E-8
0.38567286789375543
0.38567286789375543
0.38567286789375543
0.38567286789375543
0.38567286789375543
0.38567286789375543
0.38567286789375543
0.38567286789375543
0.38567286789375543
0.38567286789375543
0.38567286789375543
0.38567286789375543
0.38567286789375543
0.38567286789375543
0.38567286789375543
0.38567286789375543
0.38567286789375543
0.38567286789375543
0.38567286789375543
0.38567286789375543
0.38567286789375543
0.38567286789375543
0.38567286789375543
0.38567286789375543
0.38567286789375543
0.38567286789375543
0.38567286789375543
0.38567286789375543
0.38567286789375543
0.38567286789375543
0.38567286789375543
0.38567286789375543
0.38567286789375543
0.38567286789375543
0.38567286789375543
0.38567286789375543
0.38567286789375543
0.38567286789375543
0.38567286789375543
0.38567286789375543
0.38567286789375543
0.38567286789375543
0.38567286789375543
0.38567286789375543
0.38567286789375543
0.38567286789375543
0.38567286789375543
0.38567286789375543
0.38567286789375543
0.38567286789375543
0.38567286789375543
0.38567286789375543
0.38567286789375543
0.38567286789375543
0.38567286789375543
0.38567286789375543
0.38567286789375543
0.38567286789375543
0.38567286789375543
0.38567286789375543
0.38567286789375543
0.38567286789375543
0.38567286789375543
0.38567286789375543
0.38567286789375543
0.38567286789375543
0.38567286789375543
0.38567286789375543
0.38567286789375543
0.38567286789375543
0.38567286789375543
0.38567286789375543
0.38567286789375543
0.38567286789375543
0.38567286789375543
0.38567286789375543
0.38567286789375543
0.38567286789375543
0.38567286789375543
0.38567286789375543
0.38567286789375543
0.38567286789375543
0.38567286789375543
0.38567286789375543
0.38567286789375543
0.38567286789375543
0.38567286789375543
0.38567286789375543
0.38567286789375543
0.38567286789375543
0.38567286789375543
0.38567286789375543
0.38567286789375543
0.38567286789375543
0.3856728678937554
0.38567286789375543
0.38567286789375543
0.38567286789375543
0.38567286789375543
0.38567286789375543
0.3856728678937551
0.38567286789375543
0.38567286789375543
0.38567286789375543
0.38567286789375543
0.38567286789375543
0.3856728678937522
0.38567286789375543
0.38567286789375543
0.3856728678937498
0.38567286789375543
0.38567286789375543
0.38567286789375543
0.38567286789375543
0.38567286789375543
0.38567286789375543
0.38567286789375543
0.38567286789373556
0.38567286789375543
0.38567286789373767
0.38567286789375543
0.3856728678937553
0.38567286789375543
0.38567286789375543
0.38567286789375543
0.3856728678936489
0.3856728678937303
0.38567286789375543
0.38567286789375543
0.38567286789375543
0.38567286789375543
0.38567286789375543
0.3856728678937415
0.3856728678930809
0.38567286789375543
0.38567286789375543
0.38567286789375543
0.3856728678936742
0.38567286789375543
0.38567286789375543
0.38567286789375543
0.38567286789375543
0.38567286789375543
0.3856728678925536
0.38567286789375543
0.3856728678916738
0.38567286789375543
0.38567286789375543
0.38567286789375543
0.3856728678850088
0.3856728678848614
0.3856728678831115
0.3856728677255257
0.3856728678155243
0.38567286789375543
0.38567286789375543
0.3856728672607408
0.38567286735725753
0.38567286789375543
0.38567286685480784
0.3856728678937554
0.38567286497644115
0.38567286789375543
0.38567286789375543
0.38567271997420904
0.3856726741751381
0.38567271416842824
0.38567286789375543
0.3855432796279369
0.38455578876308477
0.04658016817853214
0.11740399475573655
0.011155829760449659
4.000823621468942E-8
0.38567286789375543
0.38567286789375543
0.38567286789375543
0.38567286789375543
0.38567286789375543
0.38567286789375543
0.38567286789375543
0.38567286789375543
0.38567286789375543
0.38567286789375543
0.38567286789375543
0.38567286789375543
0.38567286789375543
0.38567286789375543
0.38567286789375543
0.38567286789375543
0.38567286789375543
0.38567286789375543
0.38567286789375543
0.38567286789375543
0.38567286789375543
0.38567286789375543
0.38567286789375543
0.38567286789375543
0.38567286789375543
0.38567286789375543
0.38567286789375543
0.3856728678937554
0.38567286789375543
0.38567286789375543
0.38567286789375543
0.38567286789375543
0.38567286789375543
0.38567286789375543
0.38567286789375543
0.38567286789375543
0.38567286789375543
0.38567286789375543
0.38567286789375543
0.38567286789375543
0.38567286789375543
0.38567286789375543
0.38567286789371985
0.38567286789375543
0.38567286789375543
0.38567286789375277
0.38567286789375543
0.38567286789375543
0.3856728678937552
0.38567286789375543
0.38567286789375543
0.38567286789375543
0.38567286789375543
0.38567286789375543
0.38567286789375543
0.38567286789375543
0.38567286789375543
0.38567286789375543
0.38567286789375543
0.38567286789375543
0.38567286789375543
0.38567286789375543
0.38567286789375543
0.38567286789375543
0.38567286789375543
0.38567286789375543
0.38567286789375543
0.38567286789375543
0.38567286789375543
0.3856728678926606
0.38567286789362776
0.3856728678936099
0.38567286789375543
0.38567286789375543
0.38567286789357264
0.38567286789375543
0.38567286789375543
0.38567286789375543
0.38567286789375543
0.38567286789375543
0.38567286789375543
0.38567286789375543
0.38567286789375543
0.38567286789375543
0.3856728678912117
0.3856728678869635
0.38567286789375543
0.38567286789375543
0.38567286789375543
0.38567286789375543
0.38567286789375543
0.3856728678821791
0.38567286789375543
0.38567286789375543
0.38567286789375543
0.3856728678889377
0.3856728678718744
0.38567286789375543
0.38567286786965543
0.38567286789375543
0.38567286789375543
0.38567286789375543
0.38567286789375543
0.38567286789375543
0.3856728677720157
0.38567286789375543
0.3856728678937554
0.38567286789375543
0.38567286789375543
0.38567286732130807
0.3856728678937492
0.3856728678937554
0.38567286716808635
0.38567286789375543
0.38567286789375543
0.38567286789375543
0.38567286789375543
0.38567286789375543
0.3856728618264841
0.38567286789375543
0.38567286789375543
0.38567285010025604
0.38567286539382206
0.3856728678937554
0.38567286789375543
0.38567286789375543
0.38567285932424195
0.38567286789375543
0.3856728382852579
0.38567283615930553
0.3856728678937548
0.3856727434936187
0.38567286789375543
0.38567261076324105
0.38567286789375543
0.3856716558512516
0.38567286789375543
0.38567286789375543
0.3856691686677756
0.3856728678935645
0.38561629988474416
0.38567286789348043
0.3856728678901756
0.3856728678900251
0.38451852654168833
0.38425438349925145
0.3825602710295968
0.3791200594408503
4.975995435463066E-6
0.38567286789375543
0.38567286789375543
0.38567286789375543
0.38567286789375543
0.38567286789375543
0.38567286789375543
0.38567286789375543
0.38567286789375543
0.38567286789375543
0.38567286789375543
0.38567286789375543
0.38567286789375543
0.38567286789375543
0.38567286789375543
0.38567286789375543
0.38567286789375543
0.38567286789375543
0.38567286789375543
0.38567286789375543
0.38567286789375543
0.38567286789375543
0.38567286789375543
0.38567286789375543
0.38567286789375543
0.38567286789375543
0.38567286789375543
0.38567286789375543
0.38567286789375543
0.38567286789375543
0.38567286789375543
0.38567286789375543
0.38567286789375543
0.38567286789375543
0.38567286789375543
0.38567286789375543
0.38567286789375543
0.38567286789375543
0.38567286789375543
0.38567286789375543
0.38567286789375543
0.38567286789375543
0.38567286789375543
0.38567286789375543
0.38567286789375543
0.38567286789375543
0.38567286789375543
0.38567286789375543
0.38567286789375543
0.38567286789375543
0.38567286789375543
0.38567286789375543
0.38567286789375543
0.38567286789375543
0.38567286789375543
0.38567286789375543
0.38567286789375543
0.38567286789375543
0.38567286789375543
0.38567286789375543
0.38567286789375543
0.38567286789375543
0.38567286789375543
0.38567286789375543
0.38567286789375543
0.38567286789375543
0.38567286789375543
0.38567286789375543
0.38567286789375543
0.38567286789375543
0.38567286789375543
0.38567286789375543
0.38567286789375543
0.38567286789375543
0.38567286789375543
0.38567286789375543
0.38567286789375543
0.38567286789375543
0.38567286789375543
0.38567286789375543
0.38567286789375543
0.38567286789375543
0.38567286789375543
0.38567286789375543
0.38567286789375543
0.38567286789375543
0.38567286789375543
0.38567286789375543
0.38567286789375543
0.38567286789375543
0.38567286789375543
0.38567286789375543
0.3856728678937552
0.38567286789375543
0.38567286789375543
0.38567286789375543
0.38567286789375516
0.38567286789375543
0.38567286789375543
0.3856728678937538
0.38567286789375543
0.38567286789375543
0.38567286789375543
0.38567286789375543
0.38567286789375543
0.38567286789375543
0.38567286789375543
0.38567286789375543
0.38567286789375543
0.38567286789375543
0.38567286789375543
0.38567286789375443
0.38567286789375543
0.38567286789375543
0.38567286789375543
0.38567286789375543
0.38567286789375543
0.38567286789375516
0.38567286789375543
0.38567286789375543
0.38567286789375543
0.38567286789375543
0.38567286789375543
0.38567286789375543
0.38567286789375543
0.38567286789375543
0.38567286789375543
0.38567286789375543
0.38567286789375543
0.3856728678937369
0.38567286789375543
0.38567286789375543
0.38567286789375543
0.38567286789375543
0.38567286789375543
0.38567286789375543
0.38567286789375543
0.38567286789375543
0.38567286789375543
0.38567286789375543
0.38567286789375543
0.38567286789375543
0.38567286789375543
0.38567286789375543
0.38567286789375543
0.38567286789375543
0.38567286789375543
0.38567286789375543
0.38567286789375543
0.38567286789375543
0.38567286789375543
0.38567286789375543
0.38567286789375543
0.38567286789375543
0.38567286789375543
0.38567286789258987
0.38567286789375543
0.38567286789252475
0.3856728678926607
0.38567286789375543
0.38567286789375543
0.38567286789239896
0.38567286789375543
0.38567286789375543
0.38567286789375543
0.38567286789375543
0.38567286789375543
0.3856728678825616
0.38567286789375543
0.38567286789375543
0.38567286789375543
0.38567286789375543
0.38567286789375543
0.38567286789375543
0.38567286789375543
0.3856728678629614
0.38567286785803817
0.38567286789375543
0.38567286789375543
0.3856728678937554
0.38567286789375543
0.38567286789375543
0.3856728678935638
0.38567286789375543
0.38567286789375543
0.38567286789375543
0.3856728672164139
0.3856728678937551
0.3856728617636115
0.38567286789375543
0.38567286789375543
0.3856728678937554
0.38567286789375543
0.38567286789375194
0.38567286789375543
0.38567286789375543
0.38567286789375543
0.3856728524359015
0.38567286789375543
0.38567286789375543
0.3856728168681117
0.38567286789375543
0.38567286789375543
0.38567286789375543
0.38567286789375543
0.3856727808460853
0.38567277756667534
0.38567286789375543
0.38567286789375543
0.38567286789375543
0.38567286789375543
0.38567286789375543
0.38567286789375543
0.38567286789375543
0.38567286789375543
0.38567286789375543
0.38567286789375543
0.3856728678935498
0.3856728678937554
0.3856728678937554
0.38567286789375543
0.38567286789375543
0.38567286789375543
0.38567286789375543
0.385672867893755
0.38567286789375543
0.38567286789375543
0.38567286789375543
0.3856728678937549
0.385672637054941
0.38566543043081275
0.3856728678937542
0.3856631799751609
0.38567286789374794
0.3856705039937392
0.38567286789374045
0.3856721843839666
0.385672867893754
0.38560853839961845
0.3856606875746401
0.38567286789368194
0.3855982205661609
0.38566145139563884
0.38493051238604703
0.3849175861959963
0.38557436027939
0.38484807825467376
0.22879733694286852
0.009717530686428331
0.0038621005007436235
1.6528189438608064E-4
1.6528189438608064E-4
1.6528189438608064E-4
1.6528189438608064E-4
1.6528189438608064E-4
1.6528189438608064E-4
1.6528189438608064E-4
1.6528189438608064E-4
1.6528189438608064E-4
0.38567286789375543
0.38567286789375543
0.38567286789375543
0.38567286789375543
0.38567286789375543
0.38567286789375543
0.38567286789375543
0.38567286789375543
0.38567286789375543
0.38567286789375543
0.38567286789375543
0.38567286789375543
0.38567286789375543
0.38567286789375543
0.38567286789375543
0.38567286789375543
0.38567286789375543
0.38567286789375543
0.38567286789375543
0.38567286789375543
0.38567286789375543
0.38567286789375543
0.38567286789375543
0.38567286789375543
0.38567286789375543
0.38567286789375543
0.38567286789375543
0.38567286789375543
0.38567286789375543
0.38567286789375543
0.38567286789375543
0.38567286789375543
0.38567286789375543
0.38567286789375543
0.38567286789375543
0.38567286789375543
0.38567286789375543
0.38567286789375543
0.38567286789375543
0.38567286789375543
0.38567286789375543
0.38567286789375543
0.38567286789375543
0.38567286789375543
0.38567286789375543
0.38567286789375543
0.38567286789375543
0.38567286789375543
0.38567286789375543
0.38567286789375543
0.38567286789375543
0.38567286789375543
0.38567286789375543
0.38567286789375543
0.38567286789375543
0.38567286789375543
0.38567286789375543
0.38567286789375543
0.38567286789375543
0.38567286789375543
0.38567286789375543
0.38567286789375543
0.38567286789375543
0.38567286789375543
0.3856728678937028
0.38567286789375543
0.38567286789375543
0.38567286789375543
0.38567286789375543
0.38567286789375543
0.38567286789375543
0.38567286789375543
0.38567286789375543
0.38567286789375543
0.38567286789375543
0.38567286789375543
0.38567286789375543
0.38567286789375543
0.3856728678933739
0.38567286789375543
0.38567286789375543
0.38567286789375543
0.38567286789375543
0.38567286789375543
0.38567286789375543
0.38567286789375543
0.38567286789375543
0.38567286789375543
0.38567286789375543
0.38567286789375543
0.38567286789375543
0.38567286789375543
0.38567286789375543
0.38567286789375543
0.38567286789375543
0.38567286789375543
0.38567286789375543
0.38567286789375543
0.38567286789375543
0.38567286789375543
0.38567286789375543
0.38567286789375543
0.38567286789375543
0.38567286789375543
0.38567286789375543
0.38567286789375543
0.38567286789375543
0.38567286789375543
0.38567286789375543
0.38567286789375543
0.38567286789375543
0.38567286789375543
0.38567286789375543
0.38567286789375543
0.3856728678379038
0.38567286789375543
0.38567286789375543
0.38567286789375543
0.38567286789375543
0.38567286789375543
0.38567286784772953
0.38567286789375543
0.38567286746515456
0.38567286789375543
0.38567286789375543
0.38567286789375543
0.38567286789375543
0.38567286789375543
0.38567286789375543
0.38567286789375543
0.38567286789375543
0.38567286789375543
0.38567286789375543
0.38567286789375543
0.38567286789375543
0.38567266760728874
0.3856728557388421
0.38567286789375543
0.3856728442834237
0.3856728678937554
0.38567019346387954
0.3856728678936478
0.38567286789375543
0.3856728678937554
0.38567286789375543
0.3856728678881833
0.38567286785688487
0.38567286789375543
0.38567286789375543
0.38567286789375543
0.38567286789375543
0.38567286789375543
0.38567286789375543
0.3856728605142753
0.38567286789375543
0.38567286789375543
0.38567286789375543
0.38567286789375543
0.38567286789375543
0.38567286789375543
0.3856651426269843
0.3856678113303518
0.38515872492953357
0.38567286789375543
0.38416632938006945
0.38567286789375543
0.38268630519144936
0.38567286789375543
0.37920961206440007
0.38567286789375543
0.37113792853347877
0.34789158394015285
0.3298458190256913
0.3143627750166939
0.30266388951814227
0.2793085015750822
0.3856728678937549
0.24686568592545666
4.000823621468942E-8
4.000823621468942E-8
4.000823621468942E-8
4.000823621468942E-8
4.000823621468942E-8
4.000823621468942E-8
4.000823621468942E-8
4.000823621468942E-8
4.000823621468942E-8
4.000823621468942E-8
4.000823621468942E-8
4.000823621468942E-8
4.000823621468942E-8
4.000823621468942E-8
4.000823621468942E-8
4.000823621468942E-8
4.000823621468942E-8
4.000823621468942E-8
4.000823621468942E-8
4.000823621468942E-8
4.000823621468942E-8
4.000823621468942E-8
4.000823621468942E-8
4.000823621468942E-8
4.000823621468942E-8
4.000823621468942E-8
4.000823621468942E-8
0.38567286789375543
0.38567286789375543
0.38567286789375543
0.38567286789375543
0.38567286789375543
0.38567286789375543
0.38567286789375543
0.38567286789375543
0.38567286789375543
0.38567286789375543
0.38567286789375543
0.38567286789375543
0.38567286789375543
0.38567286789375543
0.38567286789375543
0.38567286789375543
0.38567286789375543
0.38567286789375543
0.38567286789375543
0.38567286789375543
0.38567286789375543
0.38567286789375543
0.38567286789375543
0.38567286789375543
0.38567286789375543
0.38567286789375543
0.38567286789375543
0.38567286789375543
0.38567286789375543
0.38567286789375543
0.38567286789375543
0.38567286789375543
0.38567286789375543
0.38567286789375543
0.38567286789375543
0.38567286789375543
0.38567286789375543
0.38567286789375543
0.38567286789375543
0.38567286789375543
0.38567286789375543
0.38567286789375543
0.38567286789375543
0.38567286789375543
0.38567286789375543
0.38567286789375543
0.3856728678937553
0.38567286789375543
0.3856728678937554
0.38567286789375543
0.38567286789375543
0.3856728678937554
0.38567286789375543
0.38567286789375543
0.38567286789375543
0.38567286789375543
0.38567286789375543
0.38567286789375543
0.38567286789375543
0.38567286789375543
0.38567286789375543
0.3856728678937553
0.38567286789375543
0.3856728678937554
0.38567286789375543
0.38567286789375543
0.38567286789375543
0.38567286789375466
0.38567286789375543
0.38567286789375543
0.38567286789375405
0.38567286789375543
0.38567286789375477
0.38567286789375543
0.38567286789375543
0.38567286789375543
0.3856728678937523
0.38567286789375393
0.38567286789375543
0.38567286789375543
0.38567286789375543
0.38567286789375543
0.38567286789375543
0.38567286789370503
0.38567286789368616
0.38567286789375543
0.38567286789375543
0.38567286789375543
0.38567286789375543
0.38567286789375543
0.38567286789375543
0.38567286789375543
0.38567286789375543
0.38567286789375543
0.3856728678803646
0.38567286789375543
0.3856728678923489
0.38567286789212496
0.38567286788538246
0.38567286789375543
0.38567286788997235
0.38567286788729793
0.38567286789375543
0.38567286789375543
0.38567286789375543
0.38567286789375543
0.38567286789375543
0.38567286789375543
0.38567286789375543
0.38567286789375543
0.38567286789375543
0.38567286789375543
0.38567286789375543
0.38567286789375543
0.38567286789374755
0.3856728678937554
0.385672867893755
0.38567286789375543
0.3856728678937554
0.38567286789375543
0.38567286789375543
0.38567286789375543
0.38567286789375543
0.38567286789375543
0.3856728678937552
0.38567286789375543
0.38567286789375543
0.38567286789375543
0.3856728678937554
0.38567286789375543
0.38567286789375543
0.3856728678937554
0.38567286789375516
0.3856728678937541
0.38564626151581366
0.38560286073732863
0.38543306107663816
0.38567286789369404
0.38567286789374783
0.38567286789360733
0.3855285552202487
0.3856728678440574
0.38567286789375543
0.3856728678937554
0.3856728678937554
0.38567286785223476
0.38567286780490845
0.3856728678937194
0.3856728678937194
0.3856728678937194
0.38567286785712407
0.38567286787200594
0.3856728678929343
0.38216451787136263
0.3856061827507043
0.385672867892822
0.38377691062580427
0.38567267662064497
0.3816283351471048
4.000823621468942E-8
4.000823621468942E-8
4.000823621468942E-8
4.000823621468942E-8
0.38567286789375543
0.38567286789375543
0.38567286789375543
0.38567286789375543
0.38567286789375543
0.38567286789375543
0.38567286789375543
0.38567286789375543
0.38567286789375543
0.38567286789375543
0.38567286789375543
0.38567286789375543
0.38567286789375543
0.38567286789375543
0.38567286789375543
0.38567286789375543
0.38567286789375543
0.38567286789375543
0.38567286789375543
0.38567286789375543
0.38567286789375543
0.38567286789375543
0.38567286789375543
0.38567286789375543
0.38567286789375543
0.38567286789375543
0.38567286789375543
0.38567286789375543
0.38567286789375543
0.38567286789375543
0.38567286789375543
0.38567286789375543
0.38567286789375543
0.38567286789375543
0.38567286789375543
0.38567286789375543
0.38567286789375543
0.38567286789375543
0.38567286789375543
0.38567286789375543
0.38567286789375543
0.38567286789375543
0.38567286789375543
0.38567286789375543
0.38567286789375543
0.38567286789375543
0.38567286789375543
0.38567286789375543
0.38567286789375543
0.38567286789375543
0.3856728678937489
0.38567286789375543
0.38567286789375543
0.38567286789375543
0.38567286789375543
0.38567286789375543
0.38567286789375543
0.38567286789375543
0.38567286789375543
0.38567286789375543
0.38567286789375543
0.38567286789375543
0.38567286789375543
0.38567286789375543
0.38567286789375543
0.38567286789375543
0.38567286789375543
0.38567286789375543
0.38567286789375543
0.38567286789375543
0.38567286789375543
0.38567286789375543
0.38567286789375543
0.38567286789375543
0.38567286789375543
0.38567286789375543
0.3856728678933913
0.38567286789375543
0.38567286789375543
0.38567286789375543
0.38567286789375543
0.38567286789375543
0.38567286789375543
0.38567286789375543
0.38567286789375543
0.38567286789375543
0.3856728678931137
0.38567286789375543
0.38567286789375543
0.38567286789375543
0.38567286789375543
0.38567286789375543
0.38567286789375543
0.3856728678916285
0.38567286789375543
0.38567286789375543
0.3856728678894347
0.38567286788668714
0.38567286789375543
0.38567286789375543
0.38567286789375543
0.3856728678846662
0.38567286789375543
0.38567286789375543
0.38567286789375543
0.38567286789375543
0.38567286789375543
0.38567286789375543
0.38567286789375543
0.38567286789375543
0.38567286789375543
0.38567286789375543
0.385672867844468
0.38567286789375543
0.38567286789375543
0.38567286776133713
0.38567286789375543
0.38567286789375543
0.38567286768684894
0.38567286486600544
0.38567286503647796
0.38567286102501624
0.38567286789375543
0.38567286789375543
0.38567286789375543
0.38567286789375543
0.38567283517924816
0.38567286789375543
0.38567281298724
0.38567286789375543
0.38567286789375543
0.38567285117094446
0.3856727631620043
0.3856728103707516
0.38567263932518636
0.38567286789375543
0.3856688436894843
0.3856635386422988
0.38567286789373567
0.3856008795911195
0.38526858446007833
0.37569100703346847
4.000823621468942E-8
4.000823621468942E-8
4.000823621468942E-8
4.000823621468942E-8
4.000823621468942E-8
4.000823621468942E-8
4.000823621468942E-8
4.000823621468942E-8
4.000823621468942E-8
4.000823621468942E-8
0.38567286789375543
0.38567286789375543
0.38567286789375543
0.38567286789375543
0.38567286789375543
0.38567286789375543
0.38567286789375543
0.38567286789375543
0.38567286789375543
0.38567286789375543
0.38567286789375543
0.38567286789375543
0.38567286789375543
0.38567286789375543
0.38567286789375543
0.38567286789375543
0.38567286789375543
0.38567286789375543
0.38567286789375543
0.38567286789375543
0.38567286789375543
0.38567286789375543
0.38567286789375543
0.38567286789375543
0.38567286789375543
0.38567286789375543
0.38567286789375543
0.38567286789375543
0.38567286789375543
0.38567286789375543
0.38567286789375543
0.38567286789375543
0.38567286789375543
0.38567286789375543
0.38567286789375543
0.38567286789375543
0.38567286789375543
0.38567286789375543
0.38567286789375543
0.38567286789375543
0.38567286789375543
0.38567286789375543
0.38567286789375543
0.38567286789375543
0.38567286789375543
0.38567286789375543
0.38567286789375543
0.38567286789375543
0.38567286789375543
0.38567286789375543
0.38567286789375543
0.38567286789375543
0.38567286789375543
0.38567286789375543
0.38567286789375543
0.38567286789375543
0.3856728678937553
0.38567286789375543
0.38567286789375543
0.38567286789375543
0.38567286789375543
0.38567286789375543
0.38567286789375543
0.38567286789375543
0.3856728678937551
0.3856728678937548
0.385672867893739
0.3856728678936183
0.38567286789364896
0.3856728678936087
0.38567286789375543
0.38567286789373145
0.3856728678936021
0.38567286789375543
0.3856728678936375
0.3856728678935564
0.38567286789375543
0.38567286789375543
0.38567286789375543
0.38567286789375543
0.385672867893368
0.38567286789375543
0.38567286789375543
0.38567286789375543
0.3856728678908596
0.38567286789375543
0.3856728678920069
0.38567286788716265
0.38567286789280864
0.38567286789375543
0.3856728678853576
0.38567286789375543
0.38567286789375543
0.38567286789375543
0.3856728678652616
0.38567286789375543
0.38567286789375543
0.38567286789375543
0.38567286789375543
0.38567286789375543
0.38567286773199994
0.38567286781678234
0.38567286789375543
0.38567286789375543
0.38567286789375543
0.3856728677216911
0.3856728675141347
0.38567286761603176
0.38567286789375543
0.38567286789375543
0.38567286789375543
0.3856728678937554
0.3856728628058249
0.38567285858319567
0.38567286789375504
0.38567283578741457
0.3856728612709567
0.38567278681997125
0.38567271924747853
0.3856726911462586
0.38567249483273025
0.38567286789375543
0.38567286789375543
0.38567213613760104
0.38567286789375543
0.3856728678930886
0.3856728678937547
0.38567176355411414
0.3856728678937554
0.3856554106210977
0.38567152318136466
0.3855133589455206
0.38561305443416716
0.38558685296945827
0.38567286789293104
0.3848290247241569
0.3846066727613801
0.3775570452175358
0.37281840848466974
0.366666394589704
0.385672863048978
0.23495293416461846
4.000823621468942E-8
4.000823621468942E-8
4.000823621468942E-8
4.000823621468942E-8
4.000823621468942E-8
4.000823621468942E-8
0.38567286789375543
0.38567286789375543
0.38567286789375543
0.38567286789375543
0.38567286789375543
0.38567286789375543
0.38567286789375543
0.38567286789375543
0.38567286789375543
0.38567286789375543
0.38567286789375543
0.38567286789375543
0.38567286789375543
0.38567286789375543
0.38567286789375543
0.38567286789375543
0.38567286789375543
0.38567286789375543
0.38567286789375543
0.38567286789375543
0.38567286789375543
0.38567286789375543
0.38567286789375543
0.38567286789375543
0.38567286789375543
0.38567286789375543
0.38567286789375543
0.38567286789375543
0.38567286789375543
0.38567286789375543
0.38567286789375543
0.38567286789375543
0.38567286789375543
0.38567286789375543
0.38567286789375543
0.38567286789375543
0.38567286789375543
0.38567286789375543
0.38567286789375543
0.38567286789375543
0.38567286789375543
0.38567286789375543
0.38567286789375543
0.38567286789375543
0.38567286789375543
0.38567286789375543
0.38567286789375543
0.38567286789375543
0.38567286789375543
0.38567286789375543
0.38567286789375543
0.38567286789375543
0.38567286789375543
0.3856728678936024
0.38567286789375543
0.38567286789375543
0.38567286789375543
0.38567286789375543
0.38567286789375543
0.38567286789375543
0.38567286789375543
0.38567286789375543
0.38567286789375543
0.38567286789375543
0.38567286789375543
0.38567286789375543
0.38567286789375543
0.38567286789375543
0.38567286789375543
0.38567286789375543
0.38567286789375543
0.38567286789375543
0.38567286789375543
0.38567286789375543
0.38567286789375543
0.38567286789375543
0.38567286789375543
0.38567286789375543
0.38567286789375543
0.38567286789375543
0.38567286789375543
0.38567286789375543
0.38567286789375543
0.38567286789375543
0.3856728678644157
0.38567286789375543
0.38567286789375543
0.385672867893556
0.38567286789375543
0.38567286789375543
0.3856728678684053
0.38567286789375543
0.38567286789375543
0.38567286789375543
0.38567286789375543
0.38567286789375543
0.38567286789375543
0.38567286789375543
0.38567286789375543
0.38567286789375543
0.38567286789375543
0.38567286789375543
0.38567286789375543
0.3856728678427903
0.38567286789375543
0.38567286789375543
0.38567286789375543
0.3856728678904357
0.38567286789375543
0.38567286789375543
0.38567286789375543
0.38567286789375543
0.38567286788655586
0.38567286789375543
0.3856728676217068
0.38567286789375543
0.3856728678082169
0.38567286775605614
0.38567286789375543
0.38567286789375543
0.38567286789375543
0.38567286789375543
0.38567286789375543
0.38567286493791725
0.3856728613690533
0.38567286789375543
0.3856728576068771
0.3856728678937552
0.3856728678937552
0.38567286389505606
0.38567286789375543
0.38567285912660776
0.3856728479894278
0.38567284182000244
0.38567280871605386
0.38567286789375543
0.3856728678937554
0.38567286789375543
0.3856724746517803
0.38567174150375944
0.3856699767312247
0.3856643478629669
0.3856728678925027
0.3856728678936954
0.38567286789150534
0.3856728678937545
0.37974438710440356
0.38567286764756104
0.35372588649362086
0.327735214954312
4.000823621468942E-8
4.000823621468942E-8
4.000823621468942E-8
0.38567286789375543
0.38567286789375543
0.38567286789375543
0.38567286789375543
0.38567286789375543
0.38567286789375543
0.38567286789375543
0.38567286789375543
0.38567286789375543
0.38567286789375543
0.38567286789375543
0.38567286789375543
0.38567286789375543
0.38567286789375543
0.38567286789375543
0.38567286789375543
0.38567286789375543
0.38567286789375543
0.38567286789375543
0.38567286789375543
0.38567286789375543
0.38567286789375543
0.38567286789375543
0.38567286789375543
0.38567286789375543
0.38567286789375543
0.38567286789375543
0.38567286789375543
0.38567286789375543
0.38567286789375543
0.38567286789375543
0.38567286789375543
0.38567286789375543
0.38567286789375543
0.38567286789375543
0.38567286789375543
0.38567286789375543
0.38567286789375543
0.38567286789375543
0.38567286789375543
0.38567286789375543
0.3856728678937554
0.38567286789375543
0.38567286789375543
0.38567286789375543
0.38567286789375543
0.38567286789375543
0.3856728678937552
0.38567286789375543
0.38567286789375543
0.3856728678937499
0.38567286789375543
0.38567286789375543
0.385672867893749
0.38567286789375543
0.38567286789375543
0.38567286789375277
0.38567286789375543
0.38567286789375543
0.38567286789375543
0.3856728678937505
0.38567286789375543
0.38567286789375543
0.38567286789375543
0.38567286789375543
0.38567286789367544
0.38567286789375543
0.3856728678937418
0.385672867893302
0.38567286789375543
0.38567286789375543
0.38567286788795513
0.38567286789375543
0.38567286789375543
0.38567286789375543
0.38567286789375543
0.38567286788453614
0.38567286788929506
0.38567286786007
0.38567286789207644
0.38567286789375543
0.38567286789375543
0.38567286789375543
0.38567286789375543
0.38567286789375543
0.38567286789375543
0.38567286789375543
0.38567286789375543
0.38567286789375543
0.38567286789375543
0.38567286774487514
0.3856728678796968
0.38567286789375543
0.38567286789375543
0.38567286789375543
0.3856728662327737
0.3856728673813022
0.38567286789375543
0.3856728676003632
0.38567286789375543
0.38567286583168847
0.38567286789375543
0.38567286789375543
0.3856728560048608
0.3856728678937551
0.3856728554318123
0.38567286789375543
0.38567283237883315
0.38567286789375543
0.38567278975560715
0.38567286789375543
0.38567277714997833
0.3856728556882077
0.3856724493595915
0.38567286789375543
0.3856726361394183
0.3856728678937536
0.38567286789375543
0.38567207383001056
0.3856724977861164
0.38524846326628753
0.38507037767751207
0.3853493486584645
0.3839166277149238
0.3793508387357235
0.3839675324405411
0.37478699614588756
0.28767076557418153
4.000823621468942E-8
4.000823621468942E-8
4.000823621468942E-8
4.000823621468942E-8
4.000823621468942E-8
4.000823621468942E-8
4.000823621468942E-8
4.000823621468942E-8
0.38567286789375543
0.38567286789375543
0.38567286789375543
0.38567286789375543
0.38567286789375543
0.38567286789375543
0.38567286789375543
0.38567286789375543
0.38567286789372696
0.38567286789375543
0.38567286789375543
0.38567286789375543
0.38567286789375543
0.38567286789375543
0.38567286789375543
0.38567286789375543
0.38567286789375543
0.38567286789375543
0.38567286789375543
0.38567286789375543
0.38567286789375543
0.38567286789375543
0.38567286789375543
0.38567286789375543
0.38567286789375543
0.38567286789375543
0.38567286789375543
0.38567286789256555
0.385672867892483
0.38567286788840144
0.3856728678851215
0.38567286789375543
0.3856728678748891
0.38567286786519056
0.38567286789375543
0.38567286789375543
0.38567286789375543
0.3856728678488032
0.38567286789375543
0.38567286789375543
0.38567286789375543
0.38567286789375543
0.38567286789375543
0.38567286789375543
0.3856728677411536
0.38567286779945137
0.3856728677488962
0.3856728675762595
0.38567286789375543
0.38567286789375543
0.38567286789375543
0.38567286789375543
0.38567286789375543
0.38567286789375543
0.38567286789375543
0.38567286789375543
0.38567286789375543
0.38567286789375543
0.38567286789375543
0.38567286789375543
0.38567286789375543
0.38567286789375543
0.38567286789375543
0.3856728667880324
0.38567286789375543
0.38567286789375543
0.38567286789375543
0.38567286789375543
0.38567286789375543
0.3856728533151242
0.38567286789375543
0.38567284929510004
0.38567286789375543
0.38567286789375543
0.38567286789375543
0.3856728415176867
0.3856727686776784
0.38567281050784835
0.38567286789375543
0.38567286789375543
0.38567286789375543
0.38567286789375543
0.38567263365718496
0.3856725892850645
0.38567286789375543
0.38567223630208686
0.3856718033471965
0.38567286789375543
0.38567286789375543
0.385666903708236
0.3856643460219375
0.38567286789375543
0.3855899857692307
0.3855132142113042
0.38548893312945376
0.38542237990986916
0.38567286789375543
0.3852110549114572
0.3852471433106168
0.38567286789375543
4.000823621468942E-8
4.000823621468942E-8
4.000823621468942E-8
4.000823621468942E-8
4.000823621468942E-8
4.000823621468942E-8
4.000823621468942E-8
4.000823621468942E-8
4.000823621468942E-8
4.000823621468942E-8
4.000823621468942E-8
4.000823621468942E-8
4.000823621468942E-8
4.000823621468942E-8
4.000823621468942E-8
4.000823621468942E-8
4.000823621468942E-8
4.000823621468942E-8
4.000823621468942E-8
4.000823621468942E-8
4.000823621468942E-8
4.000823621468942E-8
4.000823621468942E-8
4.000823621468942E-8
4.000823621468942E-8
4.000823621468942E-8
4.000823621468942E-8
4.000823621468942E-8
4.000823621468942E-8
0.38567286789375543
0.38567286789375543
0.38567286789375543
0.38567286789375543
0.38567286789375543
0.38567286789375543
0.38567286789375543
0.38567286789375543
0.38567286789375543
0.38567286789375543
0.38567286789375543
0.38567286789375543
0.38567286789375543
0.38567286789375543
0.38567286789375543
0.38567286789375543
0.38567286789375543
0.38567286789375543
0.38567286789375543
0.38567286789375543
0.38567286789375543
0.38567286789375543
0.38567286789375543
0.38567286789375543
0.38567286789375543
0.38567286789375543
0.38567286789375543
0.38567286789375543
0.38567286789375543
0.38567286789375543
0.38567286789375543
0.3856728678937554
0.38567286789375543
0.3856728678937554
0.38567286789375543
0.38567286789375543
0.3856728678937551
0.38567286789375504
0.38567286789375543
0.38567286789375543
0.38567286789375166
0.38567286789375543
0.38567286789375543
0.38567286789375543
0.38567286789375543
0.38567286789375543
0.38567286789372845
0.38567286789375543
0.38567286789375543
0.38567286789375543
0.38567286789375543
0.38567286789375543
0.38567286789375543
0.38567286789375543
0.38567286789348293
0.38567286789375543
0.38567286789375543
0.38567286789351574
0.38567286789375543
0.38567286789375543
0.38567286789375543
0.38567286789365646
0.38567286789307037
0.38567286789237454
0.3856728678932519
0.38567286789375543
0.38567286789375543
0.38567286789375543
0.3856728678907773
0.38567286789375543
0.38567286789375543
0.38567286789375543
0.38567286789375543
0.38567286789375543
0.38567286789375543
0.38567286789375543
0.38567286789375543
0.38567286789375543
0.38567286788534877
0.38567286789375543
0.38567286788205657
0.38567286789375543
0.38567286789375543
0.38567286789375543
0.38567286789375543
0.38567286789375543
0.3856728678746132
0.38567286789288463
0.38567286786761884
0.38567286789375543
0.38567286789375543
0.38567286789375543
0.38567286788976574
0.3856728678306994
0.38567286789375543
0.38567286781831817
0.38567286789375543
0.38567286789375543
0.38567286789375543
0.38567286318948196
0.38567286789375543
0.38567286762934044
0.38567286779426097
0.38567286789375543
0.38567286789375543
0.38567286789375543
0.3856728661981596
0.38567286507925597
0.38567286789375543
0.3856728332162942
0.38567286789375543
0.3856728678937554
0.38567286789375543
0.38567284249966827
0.38567284241607436
0.3856728564181307
0.38567286789375543
0.38567286789375543
0.38567125068805885
0.3856725772598073
0.38567286789375377
0.38567286789375543
0.3856718196282215
0.38567286789375455
0.38567286789375543
0.38567286789375543
0.38567286789375543
0.38567286789373556
0.38567286789375543
0.38567286789374805
0.38567286789370225
0.3856728678937498
0.3856728678937554
0.38567286789375543
0.38567286789375543
0.3856728678937554
0.3856728678937552
0.3856434018440572
0.3856728678934244
0.3856462422498188
0.3856728678937548
0.3850910408329688
0.38435338615003556
0.3839948908880451
0.3849554961323373
0.3856728678935933
0.38271667778839796
0.3832025844041283
0.3830025804508406
0.3809261225764838
0.3748152983998078
0.3856728678263754
0.3387994021653932
0.3856728678456554
0.3678018347413108
0.36597787030569756
0.36142650759599354
4.000823621468942E-8
0.38567286789375543
0.38567286789375543
0.38567286789375543
0.38567286789375543
0.38567286789375543
0.38567286789375543
0.38567286789375543
0.38567286789375543
0.38567286789375543
0.38567286789375543
0.38567286789375543
0.38567286789375543
0.38567286789375543
0.38567286789375543
0.38567286789375543
0.38567286789375543
0.38567286789375543
0.3856728678937554
0.38567286789375543
0.38567286789375543
0.3856728678937531
0.3856728678937433
0.38567286789375543
0.38567286789375543
0.38567286789375543
0.38567286789375543
0.38567286789375543
0.38567286789371646
0.38567286789375543
0.38567286789375543
0.38567286789308614
0.38567286789375543
0.38567286789130656
0.38567286786930993
0.38567286788157895
0.38567286789374994
0.38567286787082755
0.38567286789375543
0.38567286789375543
0.38567286789375543
0.38567286789375543
0.38567286789375543
0.3856728672525338
0.38567286789375543
0.38567286789375543
0.38567286789375543
0.38567286789375543
0.38567286785554494
0.38567286789375543
0.38567286785052224
0.38567286789375543
0.38567286789375543
0.38567286789375543
0.38567286789375543
0.38567286789375543
0.38567286789375543
0.38567286789375543
0.38567286789375543
0.38567286789375543
0.3856728675170094
0.38567286789375543
0.3856728674365184
0.3856728672425155
0.38567286789375543
0.38567286789375543
0.38567286706753084
0.3856728667039126
0.38567286789375543
0.38567286789375543
0.38567286789375543
0.38567286789375543
0.3856728664017334
0.3856728660393829
0.38567286789375543
0.38567286789375543
0.38567286789375543
0.38567286716041166
0.38567286789375543
0.3856728644978111
0.38567286491949704
0.38567286245719434
0.385672865437001
0.3856728641826726
0.38567286432135556
0.38567286462714157
0.38567286789375543
0.38567286789375543
0.38567286789375543
0.38567286050415234
0.38567286789375543
0.38567286789375543
0.3856728562685888
0.38567285879342106
0.38567286789375543
0.3856728545995539
0.3856728425320027
0.38567283434640875
0.38567286789375543
0.38567286789375543
0.38567286789375543
0.38567286789375543
0.3856728379643561
0.38567286789375543
0.38567283355525067
0.3856728659075068
0.38567279771308505
0.38567278708890396
0.3856728256235857
0.38567276040402326
0.38567286789375543
0.3856728577334854
0.38567267077034517
0.38567286789375543
0.38567264277788116
0.38567286789375543
0.38567286789375543
0.3856727821212013
0.38567286789375543
0.3856724669040451
0.385672854032788
0.38567286789375543
0.3856712281181189
0.3856722340269937
0.38566769118818295
0.38566502577005224
0.38567064950207125
0.3856726928521072
0.38567270149115485
0.38566850381140033
0.38566768944930807
0.3856630585204048
0.3856536466997457
0.3856412195143241
0.38561625930142607
0.3856533464220341
0.3856143378621
0.38567240012350157
0.3855800392179963
0.3854147163191018
0.3853666413133603
0.38563899384241346
0.38567286789375543
0.3854703583161702
0.3856676390666819
0.38548703295027614
0.38566401156587443
0.3856021417512449
0.38567286789375543
0.3856190163577087
0.38554356246731547
0.38455597825781157
0.38539578681193953
0.38538289027722794
0.37682852495535857
0.37706885254520534
0.3849905705474016
0.38567286789375543
0.3837972719151461
0.3815765940850921
0.38016062051919247
0.3810324765058517
0.3729093717448841
0.38567286789375543
0.3682703716774209
0.3675583919408571
0.19734917611394567
0.385672867893755
4.000823621468942E-8
4.000823621468942E-8
4.000823621468942E-8
4.000823621468942E-8
4.000823621468942E-8
4.000823621468942E-8
4.000823621468942E-8
4.000823621468942E-8
4.000823621468942E-8
4.000823621468942E-8
4.000823621468942E-8
4.000823621468942E-8
4.000823621468942E-8
4.000823621468942E-8
4.000823621468942E-8
4.000823621468942E-8
4.000823621468942E-8
4.000823621468942E-8
4.000823621468942E-8
4.000823621468942E-8
4.000823621468942E-8
4.000823621468942E-8
4.000823621468942E-8
4.000823621468942E-8
4.000823621468942E-8
4.000823621468942E-8
4.000823621468942E-8
4.000823621468942E-8
4.000823621468942E-8
4.000823621468942E-8
4.000823621468942E-8
4.000823621468942E-8
4.000823621468942E-8
4.000823621468942E-8
