1.446686879029396
0.5635706195579002
0.6703726529877081
0.2635632647581461
0.2635632647581461
1.096705877450549
0.2635632647581461
0.5076914144624196
0.8819726066507934
0.7559556148691029
0.7978196171641069
0.5076914144624196
0.2635632647581461
0.43917699017763895
0.19452034916091537
0.39315460488578774
0.43917699017763895
0.0799835395842835
0.2152875674355804
0.5076914144624196
0.19452034916091537
0.06921934262963199
0.39315460488578774
0.38239040793113627
0.47602873085919395
0.06921934262963199
0.43917699017763895
0.43917699017763895
0.06921934262963199
0.47602873085919395
0.47602873085919395
0.43917699017763895
0.38239040793113627
0.38239040793113627
0.0799835395842835
0.38239040793113627
0.06921934262963199
0.06921934262963199
0.38239040793113627
0.7291571358847333
0.0
0.06921934262963199
0.06921934262963199
0.06921934262963199
0.38239040793113627
0.06921934262963199
0.06921934262963199
0.06921934262963199
0.06921934262963199
0.0
0.0038002298602648585
0.06921934262963199
0.36995764754800703
0.0
0.06921934262963199
0.0
0.06921934262963199
0.31317106530150435
0.06921934262963199
0.0
0.06921934262963199
0.38239040793113627
0.0
0.0
0.0
0.0
0.0
0.0
0.0
0.0
0.0
0.0
0.0
0.0
0.0
0.0
0.0
0.0
0.0
0.0
0.0
0.0
0.0
0.0
0.0
0.0
0.0
0.0
0.0
0.0
0.0
0.0
0.0
0.0
0.0
0.0
0.0
0.0
0.0
0.0
0.0
1.1451282207689928
1.446686879029396
0.7596481153695716
0.4958948846542523
0.7596481153695716
0.9682360017409511
0.69056957554571
0.6629977251498083
0.7596481153695716
0.9682360017409511
0.4958948846542523
1.3086507133898475
0.4958948846542523
0.9682360017409511
0.9682360017409511
0.5445013507397616
0.4958948846542523
0.4958948846542523
0.6629977251498083
0.9313842610593962
0.9313842610593962
0.7596481153695716
0.2635632647581461
0.9682360017409511
0.5445013507397616
0.4096314895640945
0.5767343300596504
0.6013297373904773
0.5767343300596504
0.4096314895640945
0.4096314895640945
0.2635632647581461
0.4096314895640945
0.6733847202794138
0.4958948846542523
0.5062818797838577
0.4096314895640945
0.5062818797838577
0.5767343300596504
0.4096314895640945
0.2635632647581461
0.4096314895640945
0.5767343300596504
0.8451208659692383
0.8451208659692383
0.8819726066507934
0.4096314895640945
0.4096314895640945
0.2720741496820831
0.420395686518746
0.5767343300596504
0.4096314895640945
0.4096314895640945
0.4096314895640945
0.5767343300596504
0.5767343300596504
0.5767343300596504
0.5767343300596504
0.5767343300596504
0.4096314895640945
0.5767343300596504
0.4096314895640945
0.4096314895640945
0.8451208659692383
0.2635632647581461
0.4096314895640945
0.4096314895640945
0.5767343300596504
0.4096314895640945
0.4096314895640945
0.5767343300596504
0.2635632647581461
0.8451208659692383
0.4096314895640945
0.4096314895640945
0.5767343300596504
0.4096314895640945
0.2635632647581461
0.4096314895640945
0.39737515621336644
0.4096314895640945
0.5767343300596504
0.5767343300596504
0.4096314895640945
0.4096314895640945
0.2720741496820831
0.4096314895640945
0.2635632647581461
0.5767343300596504
0.5767343300596504
0.2635632647581461
0.2635632647581461
0.4096314895640945
0.5767343300596504
0.3405885739668637
0.06921934262963199
0.43917699017763895
0.3405885739668637
0.3405885739668637
0.34982665984830386
0.34982665984830386
0.06921934262963199
0.3405885739668637
0.3405885739668637
0.2720741496820831
0.3405885739668637
0.06921934262963199
0.06921934262963199
0.2720741496820831
0.39737515621336644
0.5076914144624196
0.2152875674355804
0.06921934262963199
0.06921934262963199
0.2720741496820831
0.06921934262963199
0.22605176439023197
0.2152875674355804
0.06921934262963199
0.2152875674355804
0.38239040793113627
0.38239040793113627
0.06921934262963199
0.38239040793113627
0.43917699017763895
0.38239040793113627
0.2152875674355804
0.38239040793113627
0.38239040793113627
0.38239040793113627
0.06921934262963199
0.2152875674355804
0.2152875674355804
0.38239040793113627
0.2152875674355804
0.2152875674355804
0.38239040793113627
0.2152875674355804
0.38239040793113627
0.2152875674355804
0.2152875674355804
0.38239040793113627
0.2152875674355804
0.2152875674355804
0.38239040793113627
0.38239040793113627
0.2152875674355804
0.38239040793113627
0.38239040793113627
0.2152875674355804
0.2152875674355804
0.2152875674355804
0.06921934262963199
0.2720741496820831
0.2152875674355804
0.06921934262963199
0.2152875674355804
0.38239040793113627
0.2152875674355804
0.06921934262963199
0.2152875674355804
0.2152875674355804
0.38239040793113627
0.38239040793113627
0.38239040793113627
0.38239040793113627
0.2152875674355804
0.38239040793113627
0.2152875674355804
0.2152875674355804
0.38239040793113627
0.38239040793113627
0.38239040793113627
0.06921934262963199
0.2152875674355804
0.2152875674355804
0.2152875674355804
0.38239040793113627
0.2152875674355804
0.14606822480594842
0.2152875674355804
0.0038002298602648585
0.38239040793113627
0.38239040793113627
0.06921934262963199
0.14606822480594842
0.2152875674355804
0.2152875674355804
0.14606822480594842
0.2152875674355804
0.14606822480594842
0.06921934262963199
0.06921934262963199
0.31317106530150435
0.31317106530150435
0.2152875674355804
0.2152875674355804
0.2152875674355804
0.0
0.14606822480594842
0.14606822480594842
0.14606822480594842
0.14606822480594842
0.0
0.0
0.06921934262963199
0.06921934262963199
0.06921934262963199
0.06921934262963199
0.0
0.06921934262963199
0.06921934262963199
0.06921934262963199
0.14606822480594842
0.06921934262963199
0.06921934262963199
0.06921934262963199
0.0
0.14606822480594842
0.14606822480594842
0.06921934262963199
0.14606822480594842
0.14606822480594842
0.06921934262963199
0.31317106530150435
0.06921934262963199
0.14606822480594842
0.14606822480594842
0.06921934262963199
0.06921934262963199
0.14606822480594842
0.06921934262963199
0.0
0.06921934262963199
0.14606822480594842
0.0
0.0
0.0
0.14606822480594842
0.14606822480594842
0.0
0.0
0.0
0.0
0.0
0.0
0.0
0.0
0.0
0.0
0.0
0.0
0.0
0.0
0.0
0.0
0.0
0.0
0.0
0.0
0.0
0.0
0.0
0.0
0.0
0.0
0.0
0.0
0.0
0.0
0.0
0.0
0.0
0.0
0.0
0.0
0.0
0.0
0.0
0.0
0.0
0.0
0.0
0.0
0.0
0.0
0.0
0.0
0.0
0.0
0.0
0.0
0.0
0.0
0.0
1.3086507133898475
0.9144589982877684
1.446686879029396
1.457451075984048
0.7761407468322983
0.562396787122702
0.633520912306153
0.5644779967089223
0.3952939466271462
0.19452034916091537
0.43917699017763895
0.3090305515369884
0.5767343300596504
0.5076914144624196
0.3090305515369884
0.43917699017763895
0.19452034916091537
0.11468662940847432
0.40709047643531354
0.2152875674355804
0.2399876359397577
0.2152875674355804
0.11468662940847432
0.38239040793113627
0.6725186106328233
0.06921934262963199
0.06921934262963199
0.43917699017763895
0.2635632647581461
0.06921934262963199
0.11468662940847432
0.5644779967089223
0.43917699017763895
0.2152875674355804
0.06921934262963199
0.2635632647581461
0.2720741496820831
0.43917699017763895
0.2152875674355804
0.2152875674355804
0.43917699017763895
0.06921934262963199
0.2152875674355804
0.45585306554067306
0.43917699017763895
0.06921934262963199
0.38239040793113627
0.3090305515369884
0.2152875674355804
0.06921934262963199
0.38239040793113627
0.06921934262963199
0.43917699017763895
0.2152875674355804
0.38239040793113627
0.11468662940847432
0.2817894699040302
0.2152875674355804
0.06921934262963199
0.29255366685868167
0.22605176439023197
0.38239040793113627
0.04546728677884233
0.06921934262963199
0.06921934262963199
0.11468662940847432
0.2817894699040302
0.38239040793113627
0.2152875674355804
0.06921934262963199
0.2817894699040302
0.2152875674355804
0.38239040793113627
0.14606822480594842
0.11468662940847432
0.06921934262963199
0.14606822480594842
0.06921934262963199
0.11468662940847432
0.06921934262963199
0.041667056918577465
0.06921934262963199
0.04546728677884233
0.06921934262963199
0.36995764754800703
0.2720741496820831
0.43917699017763895
0.06921934262963199
0.0
0.06921934262963199
0.06921934262963199
0.06921934262963199
0.0
0.2152875674355804
0.2817894699040302
0.2152875674355804
0.38239040793113627
0.06921934262963199
0.11468662940847432
0.04546728677884233
0.11468662940847432
0.31317106530150435
0.38239040793113627
0.11468662940847432
0.43917699017763895
0.0
0.11468662940847432
0.06921934262963199
0.2152875674355804
0.2152875674355804
0.06921934262963199
0.04546728677884233
0.21257012727439825
0.06921934262963199
0.11468662940847432
0.2152875674355804
0.0
0.21257012727439825
0.04546728677884233
0.06921934262963199
0.07301957248989685
0.06921934262963199
0.06921934262963199
0.0
0.06921934262963199
0.06921934262963199
0.06921934262963199
0.06921934262963199
0.2152875674355804
0.06921934262963199
0.21257012727439825
0.06921934262963199
0.06921934262963199
0.06921934262963199
0.0
0.9811442047421137
0.9144589982877684
1.2919746380268136
0.951559926377917
0.69056957554571
0.951559926377917
0.5758691995109816
0.7305485043509623
0.7429720400065374
0.5758691995109816
0.5526814669007549
0.633520912306153
0.4096314895640945
0.633520912306153
0.7429720400065374
0.4096314895640945
0.7596481153695716
0.4664180718105972
0.633520912306153
0.633520912306153
0.3952939466271462
0.4664180718105972
0.4664180718105972
0.633520912306153
0.4664180718105972
0.4664180718105972
0.4096314895640945
0.4096314895640945
0.5767343300596504
0.4096314895640945
0.4830941471736313
0.4096314895640945
0.4664180718105972
0.4096314895640945
0.4664180718105972
0.4096314895640945
0.6567086449163796
0.4096314895640945
0.4096314895640945
0.6567086449163796
0.2635632647581461
0.48960580442082374
0.3090305515369884
0.2635632647581461
0.4096314895640945
0.2635632647581461
0.3090305515369884
0.633520912306153
0.48960580442082374
0.4096314895640945
0.633520912306153
0.4096314895640945
0.4096314895640945
0.2635632647581461
0.5082199057748696
0.4664180718105972
0.18372954500570504
0.4096314895640945
0.4664180718105972
0.48960580442082374
0.633520912306153
0.3411170652793138
0.5082199057748696
0.5082199057748696
0.26736349461841097
0.633520912306153
0.4096314895640945
0.4096314895640945
0.14206248808712757
0.2720741496820831
0.28433048303281117
0.06921934262963199
0.4664180718105972
0.06921934262963199
0.11468662940847432
0.2152875674355804
0.2720741496820831
0.06921934262963199
0.2152875674355804
0.2152875674355804
0.2152875674355804
0.2151111404031792
0.11468662940847432
0.2151111404031792
0.06921934262963199
0.06904291559723076
0.06921934262963199
0.06921934262963199
0.43917699017763895
0.43917699017763895
0.04546728677884233
0.14606822480594842
0.43917699017763895
0.14606822480594842
0.2152875674355804
0.06921934262963199
0.14606822480594842
0.43917699017763895
0.2152875674355804
0.2152875674355804
0.2152875674355804
0.07301957248989685
0.43917699017763895
0.06921934262963199
0.14606822480594842
0.20285480705245112
0.14606822480594842
0.2720741496820831
0.2152875674355804
0.11468662940847432
0.36995764754800703
0.2151111404031792
0.20285480705245112
0.04546728677884233
0.14606822480594842
0.2152875674355804
0.2152875674355804
0.14606822480594842
0.0038002298602648585
0.0
0.14606822480594842
0.14606822480594842
0.14606822480594842
0.2152875674355804
0.20285480705245112
0.0038002298602648585
0.14606822480594842
0.0038002298602648585
0.14606822480594842
0.43917699017763895
0.43917699017763895
0.2152875674355804
0.2152875674355804
0.14606822480594842
0.0
0.14606822480594842
0.0
0.0038002298602648585
0.0
0.04546728677884233
0.43917699017763895
0.20285480705245112
0.14606822480594842
0.06921934262963199
0.14606822480594842
0.0
0.14606822480594842
0.0
0.14606822480594842
0.14606822480594842
0.14606822480594842
0.04546728677884233
0.2152875674355804
0.14606822480594842
0.14606822480594842
0.14606822480594842
0.11468662940847432
0.2152875674355804
0.11468662940847432
0.2152875674355804
0.04546728677884233
0.0038002298602648585
0.14606822480594842
0.2152875674355804
0.14606822480594842
0.11468662940847432
0.0
0.06921934262963199
0.14606822480594842
0.14606822480594842
0.0
0.04546728677884233
0.14606822480594842
0.0
0.0038002298602648585
0.0038002298602648585
0.0
0.0
0.0038002298602648585
0.0038002298602648585
0.0038002298602648585
0.04546728677884233
0.0
0.14606822480594842
0.04546728677884233
0.0
0.0
0.0
0.0
0.0
0.0
0.0
0.0
0.0
0.0
0.0
0.0
0.0
1.0667271666235087
0.9679868143323578
1.0368937008507186
1.1629106926324098
0.9513107389693236
1.3086507133898475
0.9679868143323578
0.7733121234409002
1.2520121881379376
0.736460382759345
0.7733121234409002
0.7733121234409002
0.4958948846542523
0.7733121234409002
0.7061179971688809
0.5526814669007549
0.7733121234409002
0.736460382759345
1.0387088897328898
0.7197843073963108
0.5801217392184406
0.6870487283507423
0.6692662564873259
0.9524454946427324
0.7559556148691029
0.7197843073963108
0.8422190099592608
0.9988450817596296
0.6870487283507423
0.6501969876691872
0.633520912306153
0.6870487283507423
0.2635632647581461
0.4096314895640945
0.6703726529877081
0.6870487283507423
0.4096314895640945
0.2635632647581461
0.633520912306153
0.633520912306153
0.6870487283507423
0.4096314895640945
0.633520912306153
0.633520912306153
0.2635632647581461
0.633520912306153
0.5767343300596504
0.6870487283507423
0.4664180718105972
0.2635632647581461
0.4664180718105972
0.633520912306153
0.5644779967089223
0.633520912306153
0.2635632647581461
0.2152875674355804
0.2635632647581461
0.2635632647581461
0.43917699017763895
0.43917699017763895
0.06921934262963199
0.06921934262963199
0.2152875674355804
0.43917699017763895
0.2152875674355804
0.43917699017763895
0.11468662940847432
0.38239040793113627
0.49270480622222806
0.43917699017763895
0.2152875674355804
0.2720741496820831
0.43917699017763895
0.43917699017763895
0.2152875674355804
0.43917699017763895
0.2152875674355804
0.2152875674355804
0.47602873085919395
0.2152875674355804
0.43917699017763895
0.43917699017763895
0.43917699017763895
0.2720741496820831
0.2152875674355804
0.43917699017763895
0.43917699017763895
0.43917699017763895
0.2720741496820831
0.43917699017763895
0.2152875674355804
0.43917699017763895
0.2152875674355804
0.38239040793113627
0.06921934262963199
0.06921934262963199
0.06921934262963199
0.06921934262963199
0.06921934262963199
0.06921934262963199
0.2817894699040302
0.38239040793113627
0.38239040793113627
0.06921934262963199
0.2152875674355804
0.11468662940847432
0.2152875674355804
0.06921934262963199
0.2152875674355804
0.2152875674355804
0.11468662940847432
0.06921934262963199
0.11468662940847432
0.0038002298602648585
0.11468662940847432
0.06921934262963199
0.38239040793113627
0.06921934262963199
0.06921934262963199
0.2152875674355804
0.2152875674355804
0.04546728677884233
0.0
0.04546728677884233
0.0
0.0
0.2152875674355804
0.06921934262963199
0.0
0.14606822480594842
0.04546728677884233
0.0
0.2817894699040302
0.2817894699040302
0.11468662940847432
0.11468662940847432
0.0
0.0038002298602648585
0.04546728677884233
0.0
0.0
0.0
0.0038002298602648585
0.0
0.0
0.0
0.0
1.1432492762922144
0.7640322331552467
0.5693575422637891
0.555265547694413
0.5693575422637891
0.5693575422637891
0.5693575422637891
0.34982665984830386
1.2520121881379376
0.5693575422637891
1.2223873182996896
0.5693575422637891
0.8053672692777056
0.5693575422637891
0.84324192149246
0.84324192149246
0.5693575422637891
0.7191038741875478
0.7191038741875478
0.7191038741875478
0.7191038741875478
0.7191038741875478
0.7191038741875478
0.4830941471736313
0.4830941471736313
0.5520010336919919
0.5520010336919919
0.5520010336919919
0.5520010336919919
0.5520010336919919
0.5520010336919919
0.5520010336919919
0.5520010336919919
0.5520010336919919
0.5520010336919919
0.4830941471736313
0.4830941471736313
0.4830941471736313
0.4830941471736313
0.5938028676562646
0.41405123157640056
0.41405123157640056
0.41405123157640056
0.41405123157640056
0.41405123157640056
0.41405123157640056
0.41405123157640056
0.7191038741875478
1.0404477865164967
0.5520010336919919
0.4830941471736313
0.41405123157640056
0.41405123157640056
0.3577931406423479
0.41405123157640056
0.41405123157640056
0.41405123157640056
0.41405123157640056
0.3577931406423479
0.42670002716070854
0.3577931406423479
0.41405123157640056
0.3577931406423479
0.3577931406423479
0.3577931406423479
0.41405123157640056
0.5938028676562646
0.3577931406423479
0.41405123157640056
0.3577931406423479
0.3010065583958453
0.3577931406423479
0.3577931406423479
0.3010065583958453
0.13826225822686272
0.3577931406423479
0.3577931406423479
0.3577931406423479
0.3577931406423479
0.5247599520590337
0.2887502250451172
0.5247599520590337
0.2887502250451172
0.3576571115634778
0.06921934262963199
0.2887502250451172
0.2887502250451172
0.2887502250451172
0.2887502250451172
0.3576571115634778
0.2887502250451172
0.2887502250451172
0.3576571115634778
0.2887502250451172
0.2887502250451172
0.2887502250451172
0.2887502250451172
0.2887502250451172
0.5247599520590337
0.2887502250451172
0.2887502250451172
0.2887502250451172
0.06921934262963199
0.06921934262963199
0.3576571115634778
0.06921934262963199
0.2887502250451172
0.06921934262963199
0.2887502250451172
0.2887502250451172
0.0
0.0
0.0
0.0
0.0
0.0
0.0
0.0
0.0
0.0
0.0
0.0
0.0
0.0
0.0
0.0
0.0
0.0
0.0
0.0
0.0
1.4490800724845003
1.4300108036663621
0.951559926377917
1.2353361127749036
0.951559926377917
0.951559926377917
0.951559926377917
0.914708185696362
0.868989031788228
0.756636048077866
0.5526814669007549
0.633520912306153
0.4096314895640945
0.8819726066507934
0.4096314895640945
0.6703726529877081
0.6442851092608045
0.633520912306153
0.4096314895640945
0.633520912306153
0.6703726529877081
0.9235010580132477
0.6703726529877081
0.633520912306153
0.6703726529877081
0.633520912306153
0.5644779967089223
0.633520912306153
0.633520912306153
0.6567086449163796
0.5811540720719565
0.2635632647581461
0.6013297373904773
0.5644779967089223
0.5644779967089223
0.5644779967089223
0.39737515621336644
0.5644779967089223
0.5644779967089223
0.5644779967089223
0.39737515621336644
0.5644779967089223
0.2635632647581461
0.5644779967089223
0.5644779967089223
0.5644779967089223
0.23618740607949285
0.5644779967089223
0.43917699017763895
0.39737515621336644
0.2635632647581461
0.5644779967089223
0.2720741496820831
0.06921934262963199
0.47602873085919395
0.06921934262963199
0.06921934262963199
0.06921934262963199
0.06921934262963199
0.2152875674355804
0.2152875674355804
0.06921934262963199
0.06921934262963199
0.2152875674355804
0.2152875674355804
0.0
0.0
0.0
0.0
0.0
0.0
0.0
0.0
0.9620749359239751
0.9144589982877684
0.756636048077866
1.0555223083643086
0.8819726066507934
0.7596481153695716
0.7197843073963108
0.2635632647581461
0.6703726529877081
0.8819726066507934
0.6525901811242917
0.2635632647581461
0.633520912306153
0.8819726066507934
0.633520912306153
0.633520912306153
0.7559556148691029
0.6703726529877081
0.633520912306153
0.6703726529877081
0.5644779967089223
0.633520912306153
0.4664180718105972
0.6703726529877081
0.633520912306153
0.3090305515369884
0.633520912306153
0.6013297373904773
0.6703726529877081
0.9235010580132477
0.633520912306153
0.6703726529877081
0.6703726529877081
0.633520912306153
0.633520912306153
0.5644779967089223
0.5644779967089223
0.633520912306153
0.3090305515369884
0.2635632647581461
0.3405885739668637
0.2635632647581461
0.5644779967089223
0.2720741496820831
0.2152875674355804
0.06921934262963199
0.2399876359397577
0.2399876359397577
0.2635632647581461
0.6013297373904773
0.5644779967089223
0.11468662940847432
0.2399876359397577
0.11468662940847432
0.19452034916091537
0.11468662940847432
0.2152875674355804
0.06921934262963199
0.11468662940847432
0.5076914144624196
0.06921934262963199
0.11468662940847432
0.43917699017763895
0.2152875674355804
0.11468662940847432
0.06921934262963199
0.11468662940847432
0.06921934262963199
0.0
0.06921934262963199
0.2152875674355804
0.2152875674355804
0.11468662940847432
0.11468662940847432
0.2152875674355804
0.11468662940847432
0.2720741496820831
0.06921934262963199
0.2152875674355804
0.2152875674355804
0.06921934262963199
0.2152875674355804
0.2152875674355804
0.11468662940847432
0.0
0.06921934262963199
0.0
0.2152875674355804
0.2152875674355804
0.0
0.04546728677884233
0.04546728677884233
0.06921934262963199
0.11468662940847432
0.14606822480594842
0.11468662940847432
0.0
0.0
0.43917699017763895
0.43917699017763895
0.04546728677884233
0.0
0.0
0.04546728677884233
0.0
0.0
0.11468662940847432
0.06921934262963199
0.0
0.0
0.0
0.0
0.0
0.0
0.0
0.14606822480594842
0.0
0.0
0.0
0.0
0.0
0.0
0.0
0.14606822480594842
0.0
0.0
0.0
0.0
0.0
0.0
0.0
0.0
0.0
0.0
0.04546728677884233
0.0
0.0
0.0
0.0
0.04546728677884233
0.0
0.0
0.0
0.0
0.0
0.0
0.0
0.0
0.6202091448098103
1.2461003097295555
0.7886911939146715
0.34982665984830386
0.5526814669007549
0.951559926377917
0.6567086449163796
0.7886911939146715
1.0555223083643086
0.7197843073963108
0.5353249583289578
0.5526814669007549
0.7024277988245137
0.4096314895640945
0.2635632647581461
0.8652965312877592
0.4664180718105972
0.633520912306153
0.7197843073963108
0.7886911939146715
0.7886911939146715
0.4096314895640945
0.4958948846542523
0.34982665984830386
0.4664180718105972
0.6215883534191157
0.6215883534191157
0.6567086449163796
0.633520912306153
0.4096314895640945
0.4096314895640945
0.5353249583289578
0.2635632647581461
0.4096314895640945
0.2635632647581461
0.4096314895640945
0.2635632647581461
0.6567086449163796
0.4096314895640945
0.4664180718105972
0.2635632647581461
0.4664180718105972
0.4096314895640945
0.2635632647581461
0.4263075649271286
0.4664180718105972
0.2635632647581461
0.4096314895640945
0.4096314895640945
0.2635632647581461
0.2635632647581461
0.2152875674355804
0.633520912306153
0.4096314895640945
0.3405885739668637
0.4096314895640945
0.45585306554067306
0.4662820427317271
0.3405885739668637
0.2152875674355804
0.06921934262963199
0.3405885739668637
0.19452034916091537
0.2152875674355804
0.2635632647581461
0.2152875674355804
0.2152875674355804
0.06921934262963199
0.06921934262963199
0.06921934262963199
0.06921934262963199
0.19452034916091537
0.2635632647581461
0.2152875674355804
0.06921934262963199
0.06921934262963199
0.2152875674355804
0.2152875674355804
0.38239040793113627
0.2152875674355804
0.2152875674355804
0.2152875674355804
0.06921934262963199
0.14606822480594842
0.14606822480594842
0.0
0.0
0.14606822480594842
0.0
0.0
0.14606822480594842
0.14606822480594842
0.0
0.20285480705245112
0.0
0.0
0.0
0.0
0.04546728677884233
0.04546728677884233
0.0
0.04546728677884233
0.0
0.0
0.0
0.0
0.0
0.0
0.0
0.0
0.0038002298602648585
0.0
0.04546728677884233
0.0
0.0
0.0
0.0
0.0
0.0
0.0
0.0
0.0
0.0
0.0
0.0
0.0
0.0
0.0
0.0
0.9513107389693236
1.0388462330012747
0.7388535762144495
0.756636048077866
0.756636048077866
0.756636048077866
1.1258849850745192
0.756636048077866
0.6703726529877081
0.6811368499423596
0.756636048077866
0.6703726529877081
0.6703726529877081
0.6703726529877081
0.6703726529877081
0.6703726529877081
0.7436872536026523
0.8668625327613376
0.8668625327613376
0.6703726529877081
0.6703726529877081
0.6703726529877081
0.633520912306153
0.4664180718105972
0.6703726529877081
0.4096314895640945
0.2635632647581461
0.633520912306153
0.6703726529877081
0.8668625327613376
0.2635632647581461
1.1258849850745192
0.7270111782396181
0.6703726529877081
0.6703726529877081
0.633520912306153
0.4664180718105972
0.8668625327613376
0.2635632647581461
0.6703726529877081
0.6703726529877081
0.633520912306153
0.6703726529877081
0.6703726529877081
0.633520912306153
0.633520912306153
0.6703726529877081
0.6703726529877081
0.633520912306153
0.633520912306153
0.5767343300596504
0.633520912306153
0.2635632647581461
0.633520912306153
0.6703726529877081
0.633520912306153
0.34982665984830386
0.6703726529877081
0.4664180718105972
0.8668625327613376
0.633520912306153
0.6703726529877081
0.6703726529877081
0.633520912306153
0.6703726529877081
0.633520912306153
0.633520912306153
0.2635632647581461
0.633520912306153
0.3952939466271462
0.19452034916091537
0.6703726529877081
0.633520912306153
0.633520912306153
0.633520912306153
0.2635632647581461
0.633520912306153
0.6703726529877081
0.34982665984830386
0.633520912306153
0.3090305515369884
0.26736349461841097
0.633520912306153
0.6703726529877081
0.6703726529877081
0.633520912306153
0.633520912306153
0.26736349461841097
0.5644779967089223
0.6870487283507423
0.6703726529877081
0.633520912306153
0.39737515621336644
0.633520912306153
0.2635632647581461
0.3090305515369884
0.6703726529877081
0.26736349461841097
0.633520912306153
0.6703726529877081
0.2635632647581461
0.5767343300596504
0.4664180718105972
0.633520912306153
0.3405885739668637
0.19452034916091537
0.2635632647581461
0.2720741496820831
0.7978196171641069
0.2635632647581461
0.26736349461841097
0.5644779967089223
0.6013297373904773
0.5644779967089223
0.39737515621336644
0.2399876359397577
0.2399876359397577
0.2635632647581461
0.2399876359397577
0.19452034916091537
0.3405885739668637
0.19452034916091537
0.4761333920325443
0.2399876359397577
0.43917699017763895
0.19452034916091537
0.2635632647581461
0.19452034916091537
0.40709047643531354
0.2399876359397577
0.3405885739668637
0.2399876359397577
0.19452034916091537
0.06921934262963199
0.3405885739668637
0.07301957248989685
0.38239040793113627
0.19452034916091537
0.2817894699040302
0.2399876359397577
0.47602873085919395
0.3405885739668637
0.11468662940847432
0.06921934262963199
0.43917699017763895
0.06921934262963199
0.47602873085919395
0.11468662940847432
0.26736349461841097
0.06921934262963199
0.06921934262963199
0.06921934262963199
0.06921934262963199
0.06921934262963199
0.43917699017763895
0.43917699017763895
0.06921934262963199
0.06921934262963199
0.11468662940847432
0.06921934262963199
0.11468662940847432
0.06921934262963199
0.43917699017763895
0.47602873085919395
0.06921934262963199
0.06921934262963199
0.0
0.04546728677884233
0.06921934262963199
0.0
0.0
0.0
0.0
0.0
0.9144589982877684
0.9144589982877684
0.7197843073963108
0.756636048077866
0.6703726529877081
0.34982665984830386
0.633520912306153
0.633520912306153
0.633520912306153
1.0388462330012747
1.1258849850745192
0.4664180718105972
0.8284447906062041
0.2635632647581461
0.9125816866694717
0.2635632647581461
0.6703726529877081
0.6567086449163796
0.6703726529877081
0.4096314895640945
0.4096314895640945
0.7168821941235324
0.3090305515369884
0.6703726529877081
0.633520912306153
0.2635632647581461
0.633520912306153
0.2635632647581461
0.4096314895640945
0.5644779967089223
1.1258849850745192
0.6013297373904773
0.2399876359397577
1.182523510326429
0.39737515621336644
0.6567086449163796
0.6703726529877081
0.39737515621336644
0.4096314895640945
0.6013297373904773
0.6013297373904773
0.6703726529877081
0.19452034916091537
0.633520912306153
0.3405885739668637
0.2635632647581461
0.5644779967089223
0.43917699017763895
0.06921934262963199
0.2720741496820831
0.5644779967089223
0.47602873085919395
0.43917699017763895
0.2399876359397577
0.11468662940847432
0.5644779967089223
0.633520912306153
0.633520912306153
0.5644779967089223
0.633520912306153
0.11468662940847432
0.39737515621336644
0.43917699017763895
0.11468662940847432
0.19452034916091537
0.2720741496820831
0.4096314895640945
0.2720741496820831
0.11468662940847432
0.06921934262963199
0.2635632647581461
0.19452034916091537
0.43917699017763895
0.11468662940847432
0.2635632647581461
0.11468662940847432
0.2720741496820831
0.2720741496820831
0.2152875674355804
0.43917699017763895
0.06921934262963199
0.2152875674355804
0.11088639954820946
0.2720741496820831
0.06921934262963199
0.06921934262963199
0.11468662940847432
0.2720741496820831
0.2152875674355804
0.43917699017763895
0.11468662940847432
0.06921934262963199
0.11468662940847432
0.43917699017763895
0.43917699017763895
0.06921934262963199
0.06921934262963199
0.2152875674355804
0.06921934262963199
0.43917699017763895
0.43917699017763895
0.2152875674355804
0.43917699017763895
0.11468662940847432
0.06921934262963199
0.43917699017763895
0.11468662940847432
0.43917699017763895
0.47602873085919395
0.06921934262963199
0.06921934262963199
0.11468662940847432
0.06921934262963199
0.2720741496820831
0.43917699017763895
0.2152875674355804
0.11468662940847432
0.2152875674355804
0.06921934262963199
0.11468662940847432
0.2152875674355804
0.06921934262963199
0.06921934262963199
0.2152875674355804
0.2152875674355804
0.20285480705245112
0.06921934262963199
0.43917699017763895
0.06921934262963199
0.06921934262963199
0.2152875674355804
0.0
0.14606822480594842
0.0
0.2152875674355804
0.0
0.43917699017763895
0.14606822480594842
0.06921934262963199
0.2152875674355804
0.06921934262963199
0.2152875674355804
0.14606822480594842
0.04546728677884233
0.0
0.0
0.0
0.0
0.0
0.5445013507397616
0.69056957554571
0.8576724160412659
1.0555223083643086
0.7197843073963108
0.756636048077866
0.69056957554571
0.7197843073963108
0.5149641534723909
0.7197843073963108
0.4958948846542523
0.4958948846542523
0.790587977642744
0.7197843073963108
1.0388462330012747
1.2919746380268136
0.7197843073963108
0.4958948846542523
0.5526814669007549
0.8652965312877592
0.7197843073963108
0.6629977251498083
0.6629977251498083
0.7197843073963108
0.4958948846542523
0.7197843073963108
0.4958948846542523
1.2353361127749036
0.4958948846542523
0.7197843073963108
0.7197843073963108
0.633520912306153
0.4958948846542523
0.633520912306153
0.7197843073963108
0.633520912306153
0.633520912306153
0.4096314895640945
0.34982665984830386
0.2635632647581461
0.4958948846542523
0.756636048077866
0.633520912306153
0.633520912306153
0.633520912306153
0.633520912306153
0.7305485043509623
0.4664180718105972
0.633520912306153
0.4664180718105972
0.633520912306153
0.633520912306153
0.4096314895640945
0.2635632647581461
0.4096314895640945
0.633520912306153
0.8652965312877592
0.4096314895640945
0.4096314895640945
0.4664180718105972
1.1490727176847457
0.4096314895640945
0.633520912306153
0.7197843073963108
0.6567086449163796
0.4096314895640945
0.4096314895640945
0.633520912306153
0.4096314895640945
0.633520912306153
0.633520912306153
0.4664180718105972
0.9525828379111163
0.633520912306153
0.4096314895640945
0.26736349461841097
0.4096314895640945
0.4096314895640945
0.5767343300596504
0.633520912306153
0.4096314895640945
0.3090305515369884
0.4096314895640945
0.5767343300596504
0.633520912306153
0.5767343300596504
0.4096314895640945
0.5644779967089223
0.4096314895640945
0.3536268897085687
0.633520912306153
0.2635632647581461
0.5644779967089223
0.4096314895640945
0.4664180718105972
0.2635632647581461
0.39737515621336644
0.633520912306153
0.2635632647581461
0.633520912306153
0.4096314895640945
0.633520912306153
0.3405885739668637
0.3405885739668637
0.4096314895640945
0.4664180718105972
0.3405885739668637
0.3405885739668637
0.5767343300596504
0.5644779967089223
0.2635632647581461
0.633520912306153
0.4664180718105972
0.6013297373904773
0.5767343300596504
0.3405885739668637
0.2635632647581461
0.633520912306153
0.4096314895640945
0.3405885739668637
0.4096314895640945
0.4096314895640945
0.5644779967089223
0.5644779967089223
0.2152875674355804
0.4096314895640945
0.4096314895640945
0.2152875674355804
0.2635632647581461
0.3405885739668637
0.633520912306153
0.43917699017763895
0.5644779967089223
0.8421087986775326
0.633520912306153
0.4664180718105972
0.633520912306153
0.2152875674355804
0.4096314895640945
0.5644779967089223
0.4096314895640945
0.4664180718105972
0.2152875674355804
0.633520912306153
0.6703726529877081
0.633520912306153
0.633520912306153
0.2152875674355804
0.2152875674355804
0.3405885739668637
0.633520912306153
0.2720741496820831
0.2152875674355804
0.19832057902118022
0.06921934262963199
0.4096314895640945
0.06921934262963199
0.06921934262963199
0.19832057902118022
0.2152875674355804
0.06921934262963199
0.2152875674355804
0.2152875674355804
0.2720741496820831
0.38239040793113627
0.2152875674355804
0.06921934262963199
0.2720741496820831
0.2152875674355804
0.2817894699040302
0.2152875674355804
0.07301957248989685
0.2720741496820831
0.2152875674355804
0.06921934262963199
0.06921934262963199
0.2152875674355804
0.2152875674355804
0.07301957248989685
0.12910123639154825
0.2720741496820831
0.06921934262963199
0.2152875674355804
0.14606822480594842
0.43917699017763895
0.0
0.07301957248989685
0.0
0.20285480705245112
0.2152875674355804
0.14606822480594842
0.38239040793113627
0.0
0.38239040793113627
0.2152875674355804
0.2152875674355804
0.0
0.38239040793113627
0.2152875674355804
0.0
0.14606822480594842
0.2152875674355804
0.2152875674355804
0.38239040793113627
0.06921934262963199
0.06921934262963199
0.2152875674355804
0.2152875674355804
0.2152875674355804
0.2152875674355804
0.2152875674355804
0.2152875674355804
0.2152875674355804
0.2152875674355804
0.2152875674355804
0.2152875674355804
0.07301957248989685
0.2152875674355804
0.2152875674355804
0.2152875674355804
0.2152875674355804
0.2152875674355804
0.36995764754800703
0.2152875674355804
0.2152875674355804
0.2152875674355804
0.2152875674355804
0.2152875674355804
0.0
0.0
0.14606822480594842
0.0
0.14606822480594842
0.0
0.14606822480594842
0.0
0.0038002298602648585
0.0
0.0
0.14606822480594842
0.0
0.0
0.0
0.0
0.0
0.0
0.0
0.0
0.0
0.0
0.0
0.0
0.0
0.0
0.0
0.0
0.0
0.0
1.425892339874274
1.2501969992557673
0.9589561114552979
0.9620749359239751
0.9474414625858291
1.2312176489828153
0.69056957554571
0.7197843073963108
0.9391363907223419
0.7197843073963108
0.7197843073963108
0.8023552019860001
0.4096314895640945
0.8023552019860001
0.4096314895640945
0.2635632647581461
0.5526814669007549
0.4096314895640945
0.8023552019860001
0.8987473239294427
0.4664180718105972
0.7160918068958422
0.7160918068958422
0.4664180718105972
0.6703726529877081
0.4664180718105972
0.8284447906062041
0.4664180718105972
0.4096314895640945
0.4664180718105972
0.4096314895640945
0.4096314895640945
0.2635632647581461
0.4096314895640945
0.633520912306153
0.633520912306153
0.4664180718105972
0.4664180718105972
0.4664180718105972
0.4096314895640945
0.4096314895640945
0.633520912306153
0.4664180718105972
0.4664180718105972
0.4664180718105972
0.8421087986775326
0.4096314895640945
0.4096314895640945
0.4664180718105972
0.3405885739668637
0.633520912306153
0.39737515621336644
0.4096314895640945
0.5644779967089223
0.4664180718105972
0.4096314895640945
0.39737515621336644
0.633520912306153
0.3405885739668637
0.39737515621336644
0.3405885739668637
0.6013297373904773
0.4096314895640945
0.2152875674355804
0.19452034916091537
0.3405885739668637
0.3405885739668637
0.7978196171641069
0.6013297373904773
0.6013297373904773
0.3405885739668637
0.5644779967089223
0.43917699017763895
0.39737515621336644
0.2152875674355804
0.2720741496820831
0.47602873085919395
0.3405885739668637
0.19452034916091537
0.2720741496820831
0.6725186106328233
0.47602873085919395
0.2720741496820831
0.2152875674355804
0.2720741496820831
0.43917699017763895
0.2152875674355804
0.2720741496820831
0.2152875674355804
0.2720741496820831
0.2720741496820831
0.2152875674355804
0.2720741496820831
0.2720741496820831
0.2720741496820831
0.43917699017763895
0.2720741496820831
0.43917699017763895
0.2152875674355804
0.2720741496820831
0.2720741496820831
0.2152875674355804
0.2720741496820831
0.2152875674355804
0.2720741496820831
0.2152875674355804
0.2152875674355804
0.43917699017763895
0.2152875674355804
0.2152875674355804
0.2152875674355804
0.2152875674355804
0.2152875674355804
0.2152875674355804
0.06921934262963199
0.43917699017763895
0.6013297373904773
0.2720741496820831
0.43917699017763895
0.20285480705245112
0.06921934262963199
0.2720741496820831
0.06921934262963199
0.2152875674355804
0.2152875674355804
0.2720741496820831
0.2152875674355804
0.2720741496820831
0.2152875674355804
0.2152875674355804
0.43917699017763895
0.20285480705245112
0.2152875674355804
0.2720741496820831
0.20285480705245112
0.0
0.0
0.2152875674355804
0.0
0.2152875674355804
0.0
0.04546728677884233
0.2152875674355804
0.2152875674355804
0.20285480705245112
0.14606822480594842
0.14606822480594842
0.5635706195579002
0.17590169057873864
0.7056956485160044
0.4525285421376961
0.36995764754800703
0.36995764754800703
0.0
0.7748762897928675
0.31317106530150435
0.36995764754800703
0.4525285421376961
0.40680938822956203
0.14606822480594842
0.0
0.0
0.0
0.36995764754800703
0.0
0.14606822480594842
0.0
0.14606822480594842
0.0
0.14606822480594842
0.0
0.0
0.0
0.0
0.0
0.0
0.14606822480594842
0.0
0.0
0.0
0.0
0.0
0.0
0.0
0.0
0.0
0.0
0.0
0.0
0.0
0.0
0.0
0.0
0.0
0.0
0.0
0.0
0.0
0.0
0.0
0.0
0.0
0.0
0.0
0.0
0.758120354746864
0.7757053168960046
0.7197843073963108
0.951559926377917
1.1490727176847457
1.2544053815930418
0.7061179971688809
1.2353361127749036
0.562396787122702
0.34982665984830386
0.7197843073963108
0.9162741871699404
0.5767343300596504
0.30523032167672354
0.7570714780141596
0.6629977251498083
0.8652965312877592
0.633520912306153
0.4664180718105972
0.6703726529877081
0.4664180718105972
0.7505344617823944
0.6703726529877081
0.2635632647581461
0.633520912306153
0.4761333920325443
0.633520912306153
0.6013297373904773
0.8652965312877592
0.6703726529877081
0.633520912306153
0.2635632647581461
0.4761333920325443
0.8284447906062041
0.6013297373904773
0.3090305515369884
0.562396787122702
0.5767343300596504
0.633520912306153
0.5767343300596504
0.4761333920325443
0.4664180718105972
0.5767343300596504
0.5644779967089223
0.3090305515369884
0.4096314895640945
0.19452034916091537
0.30523032167672354
0.2635632647581461
0.7270111782396181
0.7270111782396181
0.2635632647581461
0.7978196171641069
0.6703726529877081
0.6703726529877081
0.6703726529877081
0.6703726529877081
0.6703726529877081
0.6703726529877081
0.6703726529877081
0.6703726529877081
0.2635632647581461
0.3090305515369884
0.2635632647581461
0.3090305515369884
0.5767343300596504
0.633520912306153
0.2635632647581461
0.4761333920325443
0.30523032167672354
0.19452034916091537
0.2720741496820831
0.19452034916091537
0.43917699017763895
0.3405885739668637
0.23618740607949285
0.06921934262963199
0.2635632647581461
0.43917699017763895
0.2399876359397577
0.6356668699512683
0.5076914144624196
0.6832828075874747
0.19452034916091537
0.06921934262963199
0.11468662940847432
0.43917699017763895
0.38239040793113627
0.38239040793113627
0.43917699017763895
0.06921934262963199
0.38239040793113627
0.11088639954820946
0.43917699017763895
0.06921934262963199
0.2152875674355804
0.06921934262963199
0.06921934262963199
0.06921934262963199
0.14606822480594842
0.06921934262963199
0.06921934262963199
0.43917699017763895
0.6725186106328233
0.43917699017763895
0.21257012727439825
0.11468662940847432
0.43917699017763895
0.43917699017763895
0.2152875674355804
0.14606822480594842
0.21257012727439825
0.31317106530150435
0.21257012727439825
0.0
0.04546728677884233
0.04546728677884233
0.36995764754800703
0.04546728677884233
0.04546728677884233
0.36995764754800703
0.04546728677884233
0.38239040793113627
0.38239040793113627
0.0
0.21257012727439825
0.36995764754800703
0.04546728677884233
0.04546728677884233
0.21257012727439825
0.6032992680031914
0.21257012727439825
0.04546728677884233
0.041667056918577465
0.0
0.0
0.0
0.04546728677884233
0.04546728677884233
0.04546728677884233
0.0
0.0
0.2817894699040302
0.2817894699040302
0.2817894699040302
0.04546728677884233
0.0
0.04546728677884233
0.04546728677884233
0.04546728677884233
0.0
0.04546728677884233
0.21257012727439825
0.0
0.0
0.04546728677884233
0.0
0.0
0.0
0.0
0.0
0.0
0.0
1.4657561478475343
1.1121608336162185
0.756636048077866
0.4958948846542523
0.6501969876691872
0.6703726529877081
0.6703726529877081
0.6703726529877081
0.633520912306153
0.633520912306153
0.633520912306153
0.29114341850022174
0.5644779967089223
0.6311632031632675
0.633520912306153
0.6013297373904773
0.43917699017763895
0.2152875674355804
0.6013297373904773
0.6013297373904773
0.43917699017763895
0.43917699017763895
0.6013297373904773
0.5644779967089223
0.47602873085919395
0.47602873085919395
0.2152875674355804
0.43917699017763895
0.22605176439023197
0.47602873085919395
0.47602873085919395
0.47602873085919395
0.43917699017763895
0.43917699017763895
0.47602873085919395
0.2720741496820831
0.22605176439023197
0.47602873085919395
0.47602873085919395
0.6725186106328233
0.47602873085919395
0.43917699017763895
0.43917699017763895
0.43917699017763895
0.2152875674355804
0.43917699017763895
0.47602873085919395
0.43917699017763895
0.47602873085919395
0.47602873085919395
0.06921934262963199
0.38239040793113627
0.2152875674355804
0.38239040793113627
0.2152875674355804
0.47602873085919395
0.2152875674355804
0.2152875674355804
0.43917699017763895
0.2152875674355804
0.2152875674355804
0.2152875674355804
0.2152875674355804
0.38239040793113627
0.2152875674355804
0.43917699017763895
0.2152875674355804
0.43917699017763895
0.2152875674355804
0.2152875674355804
0.2152875674355804
0.43917699017763895
0.2152875674355804
0.2720741496820831
0.47602873085919395
0.22605176439023197
0.06921934262963199
0.47602873085919395
0.2152875674355804
0.2152875674355804
0.2152875674355804
0.2152875674355804
0.43917699017763895
0.2152875674355804
0.43917699017763895
0.47602873085919395
0.06921934262963199
0.47602873085919395
0.2152875674355804
0.2152875674355804
0.2152875674355804
0.2152875674355804
0.2152875674355804
0.06921934262963199
0.43917699017763895
0.43917699017763895
0.06921934262963199
0.06921934262963199
0.47602873085919395
0.43917699017763895
0.43917699017763895
0.06921934262963199
0.2152875674355804
0.2152875674355804
0.2152875674355804
0.2152875674355804
0.2152875674355804
0.2152875674355804
0.2152875674355804
0.2152875674355804
0.2152875674355804
0.43917699017763895
0.06921934262963199
0.2152875674355804
0.43917699017763895
0.06921934262963199
0.2152875674355804
0.2152875674355804
0.06921934262963199
0.06921934262963199
0.06921934262963199
0.06921934262963199
0.38239040793113627
0.2152875674355804
0.2152875674355804
0.2152875674355804
0.06921934262963199
0.2152875674355804
0.06921934262963199
0.2152875674355804
0.38239040793113627
0.06921934262963199
0.06921934262963199
0.06921934262963199
0.06921934262963199
0.20285480705245112
0.06921934262963199
0.06921934262963199
0.2152875674355804
0.06921934262963199
0.06921934262963199
0.0
0.0
0.0
0.0
0.0
0.0
0.0
0.0
0.0
0.0
0.0
1.1462346172693758
0.69056957554571
0.9706291951960556
0.7388535762144495
0.2635632647581461
0.7197843073963108
1.2353361127749036
0.633520912306153
0.633520912306153
0.633520912306153
0.5767343300596504
0.633520912306153
0.2635632647581461
0.633520912306153
0.633520912306153
0.2635632647581461
0.4096314895640945
0.4096314895640945
0.2635632647581461
0.5752421936635738
0.4096314895640945
0.5767343300596504
0.2635632647581461
0.4096314895640945
0.2635632647581461
0.8451208659692383
1.080029802087515
0.4096314895640945
0.633520912306153
0.633520912306153
0.3405885739668637
0.633520912306153
0.633520912306153
0.633520912306153
0.6703726529877081
0.7594018750089734
0.5076914144624196
0.5644779967089223
0.2635632647581461
0.3405885739668637
0.5644779967089223
0.19452034916091537
0.5644779967089223
0.3405885739668637
0.5644779967089223
0.6013297373904773
0.2399876359397577
0.5267606832805583
0.43917699017763895
0.6013297373904773
0.11468662940847432
0.06921934262963199
0.5644779967089223
0.43917699017763895
0.2152875674355804
0.8674424889328746
0.06921934262963199
0.43917699017763895
0.43917699017763895
0.43917699017763895
0.2152875674355804
0.38239040793113627
0.43917699017763895
0.43917699017763895
0.06921934262963199
0.06921934262963199
0.06921934262963199
0.06921934262963199
0.06921934262963199
0.06921934262963199
0.2152875674355804
0.06921934262963199
0.06921934262963199
0.2152875674355804
0.06921934262963199
0.06921934262963199
0.2152875674355804
0.2152875674355804
0.47602873085919395
0.2152875674355804
0.06921934262963199
0.38239040793113627
0.43917699017763895
0.38239040793113627
0.06921934262963199
0.11468662940847432
0.06921934262963199
0.06921934262963199
0.06921934262963199
0.43917699017763895
0.06921934262963199
0.43917699017763895
0.43917699017763895
0.2152875674355804
0.06921934262963199
0.47602873085919395
0.43917699017763895
0.38239040793113627
0.43917699017763895
0.43917699017763895
0.06921934262963199
0.06921934262963199
0.47602873085919395
0.2152875674355804
0.38239040793113627
0.06921934262963199
0.06921934262963199
0.06921934262963199
0.2152875674355804
0.38239040793113627
0.38239040793113627
0.11468662940847432
0.06921934262963199
0.06921934262963199
0.11468662940847432
0.06921934262963199
0.06921934262963199
0.06921934262963199
0.06921934262963199
0.06921934262963199
0.06921934262963199
0.38239040793113627
0.4390289331830466
0.06921934262963199
0.2152875674355804
0.0038002298602648585
0.14606822480594842
0.06921934262963199
0.2152875674355804
0.06921934262963199
0.06921934262963199
0.0
0.0
0.0
0.14606822480594842
0.0
0.0
0.0
0.0
0.0
0.04546728677884233
0.0
0.0
0.0
0.0
0.0
0.0
0.0
1.0555223083643086
1.147800618742953
0.5693575422637891
0.34982665984830386
0.3090305515369884
0.42870075838223315
0.34982665984830386
0.3090305515369884
0.4096314895640945
0.3405885739668637
0.4096314895640945
0.2635632647581461
0.31979474849163986
0.19452034916091537
0.2635632647581461
0.4096314895640945
0.19452034916091537
0.3405885739668637
0.2635632647581461
0.2635632647581461
0.6013297373904773
0.7978196171641069
0.6013297373904773
0.47602873085919395
0.3405885739668637
0.3405885739668637
0.7270111782396181
0.3405885739668637
0.3405885739668637
0.2635632647581461
0.7978196171641069
0.2152875674355804
0.3405885739668637
0.4096314895640945
0.3405885739668637
0.3090305515369884
0.3405885739668637
0.2152875674355804
0.2152875674355804
0.2152875674355804
0.2152875674355804
0.2152875674355804
0.43917699017763895
0.2152875674355804
0.2152875674355804
0.19452034916091537
0.2152875674355804
0.2152875674355804
0.2152875674355804
0.2152875674355804
0.2152875674355804
0.47602873085919395
0.2399876359397577
0.06921934262963199
0.2152875674355804
0.2152875674355804
0.2399876359397577
0.2152875674355804
0.2720741496820831
0.2152875674355804
0.2152875674355804
0.2152875674355804
0.43917699017763895
0.2152875674355804
0.47602873085919395
0.2152875674355804
0.2152875674355804
0.2152875674355804
0.2152875674355804
0.43917699017763895
0.6725186106328233
0.2152875674355804
0.43917699017763895
0.2152875674355804
0.2152875674355804
0.43917699017763895
0.5082199057748696
0.5082199057748696
0.5082199057748696
0.5082199057748696
0.2152875674355804
0.2152875674355804
0.2152875674355804
0.43917699017763895
0.06921934262963199
0.43917699017763895
0.2152875674355804
0.06921934262963199
0.2152875674355804
0.2152875674355804
0.06921934262963199
0.47602873085919395
0.2152875674355804
0.2152875674355804
0.2152875674355804
0.47602873085919395
0.47602873085919395
0.2152875674355804
0.2152875674355804
0.2152875674355804
0.2152875674355804
0.2152875674355804
0.11468662940847432
0.06921934262963199
0.11468662940847432
0.2152875674355804
0.2152875674355804
0.06921934262963199
0.2152875674355804
0.2152875674355804
0.2720741496820831
0.2152875674355804
0.06921934262963199
0.2152875674355804
0.06921934262963199
0.2152875674355804
0.06921934262963199
0.06921934262963199
0.11468662940847432
0.2152875674355804
0.2152875674355804
0.2152875674355804
0.04546728677884233
0.06921934262963199
0.06921934262963199
0.0038002298602648585
0.06921934262963199
0.11468662940847432
0.07301957248989685
0.06921934262963199
0.2152875674355804
0.06921934262963199
0.06921934262963199
0.06921934262963199
0.0
0.2152875674355804
0.2152875674355804
0.2152875674355804
0.06921934262963199
0.06921934262963199
0.06921934262963199
0.0
0.04546728677884233
0.04546728677884233
0.04546728677884233
0.11468662940847432
0.0
0.0038002298602648585
0.0
0.0
0.0
0.0
0.0
0.5717507357188936
0.4958948846542523
0.756636048077866
0.5526814669007549
0.5445013507397616
0.8819726066507934
0.633520912306153
0.4096314895640945
0.633520912306153
0.5526814669007549
0.9692589132741505
0.2635632647581461
0.633520912306153
0.5919182690266079
0.4664180718105972
0.6525901811242917
0.2635632647581461
0.4096314895640945
0.633520912306153
0.42870075838223315
0.3090305515369884
0.4096314895640945
0.39737515621336644
0.5644779967089223
0.2635632647581461
0.2635632647581461
0.19452034916091537
0.4664180718105972
0.2399876359397577
0.4096314895640945
0.39737515621336644
0.3405885739668637
0.8626080398903796
0.06921934262963199
0.2635632647581461
0.3405885739668637
0.2152875674355804
0.3090305515369884
0.5644779967089223
0.2887502250451172
0.2720741496820831
0.2635632647581461
0.39737515621336644
0.2152875674355804
0.2720741496820831
0.5644779967089223
0.2152875674355804
0.2635632647581461
0.3090305515369884
0.45585306554067306
0.19452034916091537
0.6901594375580631
0.6901594375580631
0.2635632647581461
0.2152875674355804
0.3405885739668637
0.19452034916091537
0.5076914144624196
0.2720741496820831
0.43917699017763895
0.06921934262963199
0.11468662940847432
0.39737515621336644
0.2720741496820831
0.2720741496820831
0.06921934262963199
0.2720741496820831
0.19452034916091537
0.06921934262963199
0.43917699017763895
0.2720741496820831
0.06921934262963199
0.11468662940847432
0.38239040793113627
0.2720741496820831
0.11468662940847432
0.06921934262963199
0.06921934262963199
0.06921934262963199
0.06921934262963199
0.2152875674355804
0.2152875674355804
0.11468662940847432
0.07301957248989685
0.11468662940847432
0.38239040793113627
0.49581551542954927
0.2720741496820831
0.2152875674355804
0.2720741496820831
0.06921934262963199
0.06921934262963199
0.2152875674355804
0.11468662940847432
0.2152875674355804
0.06921934262963199
0.06921934262963199
0.2152875674355804
0.06921934262963199
0.11468662940847432
0.06921934262963199
0.38239040793113627
0.2152875674355804
0.06921934262963199
0.11468662940847432
0.0
0.38239040793113627
0.06921934262963199
0.47602873085919395
0.06921934262963199
0.2152875674355804
0.06921934262963199
0.06921934262963199
0.06921934262963199
0.2152875674355804
0.06921934262963199
0.04546728677884233
0.2152875674355804
0.06921934262963199
0.06921934262963199
0.0
0.06921934262963199
0.0
0.0
0.0
0.0
0.0
0.0
0.0
0.0
0.0
0.0
0.0
0.0
0.0
0.0
0.5445013507397616
0.9547287955562317
0.5408171535854667
0.4582462589957776
0.4956603410404245
0.48489614408577303
0.7582389157826022
0.521747884767328
0.06921934262963199
0.521747884767328
0.521747884767328
0.43917699017763895
0.5247599520590337
0.5247599520590337
0.43917699017763895
0.521747884767328
0.48489614408577303
0.2720741496820831
0.521747884767328
0.9547287955562317
0.4790407981508996
0.48489614408577303
0.43917699017763895
0.521747884767328
0.521747884767328
0.7582389157826022
0.43917699017763895
0.06921934262963199
0.06921934262963199
0.06921934262963199
0.06921934262963199
0.8148774410345122
0.06921934262963199
0.06921934262963199
0.48489614408577303
0.48489614408577303
0.48489614408577303
0.06921934262963199
0.48489614408577303
0.2152875674355804
0.43917699017763895
0.48489614408577303
0.43917699017763895
0.7582389157826022
0.06921934262963199
0.06921934262963199
0.06921934262963199
0.06921934262963199
0.48489614408577303
0.2152875674355804
0.2720741496820831
0.2720741496820831
0.43917699017763895
0.521747884767328
0.2720741496820831
0.43917699017763895
0.521747884767328
0.43917699017763895
0.43917699017763895
0.48489614408577303
0.521747884767328
0.48489614408577303
0.43917699017763895
0.06921934262963199
0.43917699017763895
0.2720741496820831
0.43917699017763895
0.2720741496820831
0.43917699017763895
0.06921934262963199
0.521747884767328
0.06921934262963199
0.48489614408577303
0.2720741496820831
0.521747884767328
0.06921934262963199
0.06921934262963199
0.06921934262963199
0.521747884767328
0.43917699017763895
0.43917699017763895
0.2720741496820831
0.06921934262963199
0.06921934262963199
0.2720741496820831
0.06921934262963199
0.06921934262963199
0.43917699017763895
0.43917699017763895
0.06921934262963199
0.06921934262963199
0.2152875674355804
0.0
0.0
0.0
0.0
0.36995764754800703
0.0
0.0
0.4156768014561411
0.0
0.0
0.0
0.0
0.0
0.0
0.0
0.0
0.0
0.0
0.0
0.0
0.0
0.0
0.0
0.0
0.0
0.0
0.0
0.0
0.0
0.0
0.0
0.0
0.0
0.0
0.0
0.0
0.0
0.7896131592205778
0.5925452748740158
0.36059085680295533
0.5758691995109816
0.34982665984830386
0.48548734062873583
0.6721061470652997
0.2635632647581461
0.6525901811242917
1.2057112429366557
0.4664180718105972
0.48548734062873583
0.8652965312877592
0.6613419501106482
0.2635632647581461
0.48548734062873583
0.5062818797838577
0.48960580442082374
0.5758691995109816
0.4096314895640945
0.2635632647581461
0.4096314895640945
0.5922990345134175
0.5644779967089223
0.9525828379111163
0.39737515621336644
0.3405885739668637
0.6613419501106482
0.3405885739668637
0.4096314895640945
0.48960580442082374
0.2635632647581461
0.48960580442082374
0.2635632647581461
0.3405885739668637
0.420562888823593
0.2635632647581461
0.2635632647581461
0.19832057902118022
0.420562888823593
0.19452034916091537
0.2152875674355804
0.420562888823593
0.3405885739668637
0.4096314895640945
0.4096314895640945
0.19452034916091537
0.2152875674355804
0.3405885739668637
0.4664180718105972
0.2720741496820831
0.2720741496820831
0.6725186106328233
0.39737515621336644
0.06921934262963199
0.39737515621336644
0.2720741496820831
0.06921934262963199
0.2720741496820831
0.6013297373904773
0.6013297373904773
0.06921934262963199
0.06921934262963199
0.06921934262963199
0.06921934262963199
0.2152875674355804
0.3405885739668637
0.2152875674355804
0.06921934262963199
0.2152875674355804
0.2152875674355804
0.2152875674355804
0.2152875674355804
0.2152875674355804
0.2152875674355804
0.2720741496820831
0.2152875674355804
0.2152875674355804
0.06921934262963199
0.2152875674355804
0.06921934262963199
0.43917699017763895
0.2152875674355804
0.2152875674355804
0.2152875674355804
0.2720741496820831
0.06921934262963199
0.06921934262963199
0.06921934262963199
0.2152875674355804
0.2152875674355804
0.2152875674355804
0.06921934262963199
0.06921934262963199
0.2152875674355804
0.06921934262963199
0.2152875674355804
0.2152875674355804
0.2152875674355804
0.06921934262963199
0.14606822480594842
0.0
0.06921934262963199
0.2720741496820831
0.2720741496820831
0.2152875674355804
0.06921934262963199
0.06921934262963199
0.14606822480594842
0.06921934262963199
0.14606822480594842
0.14606822480594842
0.14606822480594842
0.0
0.0
0.06921934262963199
0.14606822480594842
0.14606822480594842
0.06921934262963199
0.0
0.04546728677884233
0.14606822480594842
0.06921934262963199
0.2152875674355804
0.14606822480594842
0.2152875674355804
0.14606822480594842
0.2152875674355804
0.2152875674355804
0.04546728677884233
0.11468662940847432
0.14606822480594842
0.14606822480594842
0.14606822480594842
0.14606822480594842
0.14606822480594842
0.14606822480594842
0.06921934262963199
0.14606822480594842
0.06921934262963199
0.14606822480594842
0.0
0.0
0.0
0.0
0.14606822480594842
0.0
0.0
0.0
0.0
0.0
0.14606822480594842
0.0
0.14606822480594842
0.0
0.0
0.0
0.0
1.2692662680739055
0.5526814669007549
0.34982665984830386
0.2635632647581461
0.4664180718105972
0.36059085680295533
0.34982665984830386
0.2635632647581461
0.34982665984830386
0.4664180718105972
0.34982665984830386
0.7197843073963108
0.6780180254736824
0.34982665984830386
0.2635632647581461
0.4096314895640945
0.9235397593660164
0.2635632647581461
0.4096314895640945
0.4096314895640945
0.19452034916091537
0.19452034916091537
0.3405885739668637
0.2152875674355804
0.7291958372375023
0.2152875674355804
0.2152875674355804
0.06921934262963199
0.43917699017763895
0.43917699017763895
0.06921934262963199
0.2152875674355804
0.06921934262963199
0.06921934262963199
0.06921934262963199
0.06921934262963199
0.06921934262963199
0.49270480622222806
0.6725186106328233
0.2152875674355804
0.14606822480594842
0.2152875674355804
0.0
0.2152875674355804
0.2152875674355804
0.2152875674355804
0.2887502250451172
0.06921934262963199
0.2152875674355804
0.06921934262963199
0.2152875674355804
0.43917699017763895
0.45585306554067306
0.2152875674355804
0.2319636427986145
0.2319636427986145
0.2152875674355804
0.2152875674355804
0.2152875674355804
0.06921934262963199
0.2152875674355804
0.06921934262963199
0.06921934262963199
0.45585306554067306
0.36995764754800703
0.06921934262963199
0.06921934262963199
0.2152875674355804
0.2152875674355804
0.2152875674355804
0.2152875674355804
0.06921934262963199
0.06921934262963199
0.2152875674355804
0.2319636427986145
0.2152875674355804
0.06921934262963199
0.2152875674355804
0.06921934262963199
0.06921934262963199
0.06921934262963199
0.06921934262963199
0.0
0.06921934262963199
0.06921934262963199
0.2152875674355804
0.43917699017763895
0.532667256111104
0.06921934262963199
0.2152875674355804
0.2152875674355804
0.06921934262963199
0.06921934262963199
0.2152875674355804
0.06921934262963199
0.06921934262963199
0.0
0.47602873085919395
0.2152875674355804
0.2152875674355804
0.14606822480594842
0.06921934262963199
0.14606822480594842
0.06921934262963199
0.0
0.0
0.0
0.06921934262963199
0.0
0.14606822480594842
0.0
0.0
0.14606822480594842
0.0
0.14606822480594842
0.14606822480594842
0.0
0.14606822480594842
0.0
0.06921934262963199
0.14606822480594842
0.0
0.0
0.0
0.0
0.0
0.0
0.06921934262963199
0.0
0.0
0.0
0.0
0.0
0.0
0.0
0.0
0.0
0.0
0.0
0.0
0.0
0.14606822480594842
0.0
0.0
0.0
0.0
0.0
0.14606822480594842
0.0
0.0
0.0
0.0
0.0
0.0
0.0
0.0
0.14606822480594842
0.0
0.0
0.0
0.0
0.0
0.14606822480594842
0.0
0.0
0.0
0.14606822480594842
0.0
0.0
0.0
0.0
0.0
0.0
0.0
0.0
0.0
0.0
0.0
0.0
0.0
0.0
0.0
0.0
0.0
0.0
0.0
0.0
0.0
0.0
0.0
0.0
0.0
0.0
0.0
0.0
0.0
0.0
0.0
0.0
0.0
0.0
