15.180725466290053
4.5656135245818685
13.097865026079885
3.8033718121637246
3.797882510237774
17.447894502452584
3.405227134658133
8.068736721039054
12.8081045103659
12.753830615534987
12.253846113349063
7.616719930902656
3.0398077824428578
7.586797082654965
2.903769398537161
7.5040990850814415
12.051159610537566
2.6739262041624037
7.338130071558743
7.1967366385904565
2.66488443134781
2.645323553852324
7.274061787981468
7.122421829356241
7.436749819314329
2.4845941097861695
7.286710361312658
11.681772514791003
2.4146781450968784
7.261697580400669
7.301020134682966
7.063989533966675
6.743899186357671
6.711311477346737
2.1309032905143157
6.6427050875809055
2.0753320807164357
2.0542947473501587
6.470292517184836
10.974732137600217
1.8395900854364609
1.8203181311155188
1.7509873892902312
1.7071417211455036
6.278718234915786
1.630911320634746
1.6963939221975988
1.606133216717112
1.5631642134041996
1.4817448407220453
5.938361748334468
1.4111377350204235
10.426683687912133
1.3837819630825223
1.3937451763243445
1.338273199587008
1.2045425252160817
5.650164676963625
1.0951896609411818
1.062701260483314
0.9609487674319637
5.565212557732663
0.8731766885431606
0.8955132705953206
0.7234531187401114
0.6615961032775958
0.6220380097764378
0.5691478351565062
0.5523738291539895
0.5226655882697456
0.0
0.0
0.0
0.0
0.0
0.0
0.0
0.0
0.0
0.0
0.0
0.0
0.0
0.0
0.0
0.0
0.0
0.0
0.0
0.0
0.0
0.0
0.0
0.0
0.0
0.0
0.0
0.0
0.0
0.0
0.0
19.609150771285915
19.426959571433077
19.147593669093485
12.012717395608231
19.097928661686428
19.06708913305343
11.918318750831414
18.707254133538438
18.964874139898168
18.904577458515558
11.811809000227047
18.899662305045705
11.77488992196037
18.85759137750336
18.85759137750336
4.958395352988459
11.684630465211699
11.686594031365829
11.664885933008348
18.735642480746264
18.735642480746264
18.731986338706623
4.664302994677457
18.58504786293668
4.707180728587865
11.449799850686688
11.404671648224534
11.674466677281037
11.338016011846102
11.328854128911308
11.306840436421153
4.468444984984744
11.254852906461915
18.35720259782047
11.276701208683704
18.336767175177133
11.227778436709052
18.303828722955878
18.033541281204613
11.173849782349867
4.299443987567772
11.136993620446347
11.113619664942117
18.191258079209668
18.174044515186797
18.1507863578984
11.061332625587314
11.027879152459565
11.365149198121573
11.022231185216572
17.87092731584314
11.002475806062519
10.986394844309777
10.966698584285249
10.950578367159473
10.878248079430197
10.891539729624954
10.894763840820866
10.854616043893598
10.850298257846097
10.859277181894603
10.830515508203849
10.81899493747814
17.892683416635922
3.933832566967405
10.740581512140109
10.730204185838355
10.708040624811371
10.679330808866059
10.628817525871066
10.627127348963842
3.7901498625344754
17.68454820976004
10.573499718382797
10.59281703769444
10.579288756258071
10.540247543562463
3.6835070289104865
10.516199046661344
10.857028727170624
10.471900247634805
10.457629824346622
17.237851631857325
10.393784995423582
10.346679165675122
10.677053071875608
10.330044705646499
3.4975281924680472
10.27350487047031
10.233222223444251
3.360222582082525
3.3082650288318693
10.127739167464044
10.086195454555455
10.039409759607437
3.1343152896643405
10.368911087051906
10.003621621264289
9.997645865869762
3.238391854260922
3.238391854260922
3.126483858502893
9.947119397971997
9.929581316814328
10.243970429808641
9.835677123606448
2.930039144547263
2.8371763121595897
9.882050034236094
9.92488610372747
9.661997781291108
9.767920236223407
2.708634516847996
2.6528373193380985
9.828936764169228
2.5570232227699017
9.32411875248317
16.151146954829585
2.5318014344463173
9.267459784996522
9.304681876048566
9.301186582948096
2.4485598892804403
9.270058590164032
16.074205042380765
9.273976134291207
9.230489315145679
16.118374240609498
16.042069665736285
15.992005373097184
2.351301670830036
9.202390458359199
9.13316423534548
9.164004222516253
9.138515945659906
9.176218143811663
9.137458710882894
9.137458710882894
15.96768532191457
9.110482399867166
9.116676758607401
15.974913901151343
9.060431139664342
9.117373744035921
9.109212158821775
9.053003718272972
9.06663255327964
15.845533312383564
9.069258274402449
9.086208722063159
9.038289896231834
8.995327789786865
2.158743047758468
9.268064925484884
9.041006034329918
2.2278636658264332
9.008148463476973
8.993380915546334
8.931379797917334
2.098236406225911
8.936635671108634
8.94139399559264
8.998048669932164
8.910740845046597
8.894767164273139
8.955701032367577
8.885452793089446
8.95850496855409
8.894028106224537
8.925329550784644
8.85292513735633
8.939253514039601
8.939253514039601
2.0599581413296786
8.920330985459612
8.920330985459612
8.920330985459612
8.862203303177978
8.862203303177978
8.828673901013183
8.855720441146957
8.802836239903002
8.85759606944971
8.85759606944971
2.059006560541587
8.800418823606964
8.865460921033277
8.865460921033277
8.791029313038484
8.82072923026768
8.792985571648419
1.9664303269764056
2.0139817320874
15.573551924102535
8.716443875058857
8.767748091941646
8.767748091941646
8.796442566373251
1.8454870393311409
8.671372349703937
8.694319973764806
8.631478683565868
8.656318827266686
1.794551293226881
1.8366424777670707
1.8122490662660724
1.848780226075234
1.8013121397985925
1.8514331529288288
1.751745110549128
1.727351935111037
1.71879627726323
1.71879627726323
8.388544805552314
1.643984087830896
1.611680464819798
1.597451618088738
1.4902571849412545
8.347855472323095
8.342359875937932
1.5397198188176233
8.320706787927191
8.299597580890952
1.5170388821422394
8.268899095861624
1.4716337215923578
8.210755301055208
8.178697552182491
1.3928702421905992
1.3677620646327724
8.122438677642876
1.3434590762306926
1.2855877569792857
1.319926833403313
8.05087821305806
1.1977581366608416
1.1785462967884914
1.1507152673030838
7.918585751074012
7.847895746763378
0.8946760968423112
0.874145600495539
0.0
0.0
0.0
0.0
0.0
0.0
0.0
0.0
0.0
0.0
0.0
0.0
0.0
0.0
0.0
0.0
0.0
0.0
0.0
0.0
0.0
0.0
0.0
0.0
0.0
0.0
0.0
0.0
0.0
0.0
0.0
0.0
0.0
0.0
0.0
0.0
0.0
0.0
0.0
0.0
0.0
0.0
0.0
0.0
0.0
0.0
0.0
0.0
0.0
0.0
0.0
0.0
0.0
17.46113531988406
12.663445449431354
17.320348432472812
14.844478895509457
7.582388445409729
6.394703492410268
8.886546236077544
11.12142206081445
8.501663914120346
3.623515139180847
10.167066699391768
5.526344090095121
7.810821845481811
5.432188130639661
5.369450269440071
9.893243211595736
2.981336875386867
5.281913006252207
5.2622905836649085
7.512771374337087
7.461726472159931
7.4561309448917825
5.107325742902289
9.693844210294598
9.668986554954868
2.7184370221915186
2.680329837004766
9.614614545752536
2.688887817988999
2.601960350062469
4.939508895311836
9.538296062856737
7.407759003602377
7.247778731204505
2.5479558792602064
2.566749720930208
7.291593963576122
13.992857219644872
7.0501195359409055
7.096410689988435
9.34121009439576
2.392841834456299
7.032817605213813
16.22943714635909
9.356630515423607
2.3490428791705864
6.959784483163287
4.65516099320756
6.866446248373311
2.2067571850584002
6.820718830869807
2.188422920099571
6.890333270772758
4.683311704889538
9.101308425764671
4.419448335614673
4.477216944690338
9.028974087520249
1.9709263522307667
4.254005921681818
8.933626476355489
6.567410588291227
4.198725105274595
1.850438473561609
1.8831946333838374
4.164710138872656
4.157376392313306
8.69598637077796
8.715879997886635
1.7975139007443695
6.410103023095619
4.292851122624395
6.398398831184676
6.351185871677017
4.045245817746094
1.7344734033932947
6.329621548336929
1.7410403809318837
4.022825630194837
1.7006784966102593
6.181575846746774
1.615842310731971
3.9441856672386333
1.583904197517464
13.11587339456577
6.368648448722162
8.47525806162688
3.8468052724587762
3.755299062789925
1.4823974988437365
1.4890950036788497
1.436898661854637
1.402005737780343
3.9165277118608404
3.6914655014385245
3.749867362262564
8.255937142998981
1.3236304219420942
3.5526816383374022
3.5434650059118513
5.878297682914452
5.769198152113694
5.865357777934447
3.5473184303685246
8.322211381999589
1.1066557737126264
3.3794407262026187
1.1496888062181725
5.862337900385047
3.5314472779718216
1.0487129606109167
3.3523025606039285
5.659719522618314
0.9937380951192095
3.2853762322667
5.561946911139871
0.8783922711325455
3.1747686040323297
3.1119777684561063
0.7839872137817214
2.9947108691981703
0.6863607863360457
0.6779782382060017
0.6867290229528175
2.9194543885186413
2.874541552506043
0.5809621495627739
0.5298761863955115
2.966507239896225
0.4473635933041422
2.775526392980833
0.47228526582424124
0.4419529401231201
0.42760942518968337
0.002240195216713514
11.842613148796447
10.307384610230786
11.712599173392343
11.575287537934026
8.42414746735492
11.198159643233604
11.096728224227146
7.87850702046218
10.932834637737718
10.925934414737085
10.95396060881854
9.213193856986145
7.608929129595565
9.115372102098469
13.750896847771987
7.451494361812506
18.329020223813725
8.991391004530906
12.075478104163121
8.910764754104019
5.834171897983423
10.505269257620807
8.872671210564809
8.822684263202687
8.767619577024394
8.745141773824354
7.212231210951702
7.158307541550539
5.609547799240468
7.14099612943459
14.953761184943799
7.124346512036676
10.184825853859593
7.022979118402432
8.596755996319636
7.108925952327197
10.119733685560764
6.990164643979997
6.982785623544907
10.080842557441658
3.890791265394492
10.085475026439218
5.334032597845882
3.845114483742704
6.888267884630777
3.718326874862829
5.259208597783856
9.847762265199268
11.479132093900478
6.749296791488784
6.732150235959695
6.710252512957792
8.243258838522356
3.622622686050769
8.219768198200526
8.145926842218502
5.102452992280136
6.658647892278061
8.180732176422548
9.768783521768913
6.636014915656426
6.640859867959511
8.143399516505983
6.548452357158806
5.038845078188469
8.094705624938598
6.463553785744499
6.414906272523716
4.770744182284931
6.312280387932633
6.254260183789548
3.133007719862631
7.830215228239158
3.054810327114936
4.62679079193488
6.101569244044852
6.158154791491053
3.0324569309278764
7.601406658658217
6.076486968516963
6.05017439443922
6.0721559382165236
4.4400737284510985
7.5193786385144294
2.8438487129688164
2.89573561064837
2.8153827483852765
2.790122959501924
5.813623334313723
5.794660387583991
4.294389732019479
5.819474129592671
5.790258479832671
5.782450688613333
5.767293216854062
2.6456097311791416
5.728574072640151
5.76857944377809
5.6793237722042615
5.679237417738928
5.708400157259244
4.104222086773798
8.71231582461528
2.591414703542444
5.647994485473748
7.2077241161502315
5.598421298766282
5.622669688473901
4.086898295313559
4.035638843243298
8.613238530794131
5.628014927145961
7.087978464362584
4.01219195543919
5.545128557121807
5.519376412758789
4.0163476817638575
5.5249925255316485
3.981780914871487
2.4449230352590403
5.497421529817289
5.468900074495853
7.017717469054678
5.495509581301249
6.941665137780131
3.8780002726795635
5.404582864130563
3.854725403853778
3.87441422241528
5.368005441614164
5.3754313574258115
5.351681717175818
5.324002743463064
5.311552248970169
2.2358063565141673
5.253865413015716
2.2283527033289894
3.707385246568728
2.202046032088605
3.670035055592011
5.242148275056228
8.245515413197808
5.177758437126052
2.106174576618353
3.6130722331419776
1.9064359742002
4.968967894044388
1.9076782500918854
5.017905093810899
4.923854460073996
4.8967125621087195
3.350501348060289
3.411777947257984
3.3097414235802973
4.805162786106949
4.726609206229028
3.1572858650890554
3.158866108885793
3.1571918150000173
3.111152524147727
3.0636124867958743
3.0569536960065045
3.006288513192502
3.031159516784296
2.9003733718434996
2.948166893181817
1.385451807454279
1.3302868063489566
4.361907008709228
2.7860086892310307
1.2324519015861268
2.811217452298871
2.800180893705429
1.208105268110773
2.6758711555086743
2.63969763740811
1.0750292254273204
1.0873724495580244
2.6155378166206216
2.5858320586469374
2.564333571546356
2.5575990223744145
1.02759889825727
2.5406525607827524
2.508262623318165
0.793116452009809
0.5719329693176497
0.3726264299388106
0.0
0.0
0.0
0.0
0.0
0.0
0.0
0.0
0.0
0.0
16.18146523049554
16.050213350388056
15.86712133851285
19.273113144051404
15.85410897993147
19.200305980493436
15.781214911884417
15.769135196101601
19.156323781341094
15.55630097837261
15.518283500046767
15.518283500046767
8.480387171320608
15.467831440868322
15.42104018578475
11.828438556055463
15.34537623882528
15.317090092502546
15.317483812561502
11.748128450981566
15.28033634561571
15.247300646540955
15.23871463164173
15.207962780548998
15.09634017338096
11.617275957438698
15.102931032325088
14.99421116548957
14.932482232118161
14.910769128415222
11.441331146752598
14.857794716635365
4.303020502536761
7.778105125886638
11.29496869861723
14.726023621706377
7.642401067884383
4.149325532857909
14.53943318862449
14.509978964927074
14.465066388170076
7.4299702732487605
10.964038682425553
10.860651860688831
3.819660129166171
14.130399960112356
7.137166850578664
14.081827965747204
10.480570640185109
3.5244245104692986
10.46348300045198
10.478955426577162
10.373414450306674
10.311270743144862
3.3493736561440586
6.7524956855038045
3.3181379267635376
3.253549371322818
10.105330953420788
9.947088972842861
2.9430689592022596
2.8732022371597696
6.448819475915008
9.76845702043931
6.34930970368324
9.692416848090758
6.16427993565017
6.213917855255696
16.50402986512845
9.585714538227101
6.183363700101495
9.562420592171486
9.507565231397228
9.520922215531598
9.509233299015508
9.513839661046442
9.544593364387675
6.095518181007649
9.499742739925473
9.448475835300673
9.4549396244906
9.4549396244906
9.4549396244906
9.431531037091021
6.008122902944291
9.43312207904306
9.43312207904306
9.43312207904306
9.39572881676095
9.390600761107063
5.965421345749709
9.317276953913424
5.866428299591283
5.836952127342234
2.2538821320623734
2.242376043176789
2.25933827084779
2.177655533077134
2.1114734893180795
2.0629565364093896
5.46644448407611
15.702650203982728
8.822814852462532
2.024485436573034
5.554610559970352
5.393168956358711
8.763371332896504
1.9463645902411504
5.418197104083128
5.4221920297598585
5.24174283759294
1.8114650708632136
5.193328030938964
5.1124311583005815
5.096278273579762
1.681363396592901
5.169882140956664
1.665164731348532
1.6070088652126142
5.082318120115791
5.054400076901022
4.985645019131224
1.5211992970802553
4.889285894756507
1.4992502752560706
1.4992502752560706
4.972670588966207
1.3480643577856743
1.2742700426955593
8.078974287739259
4.606595222807272
1.0099038717334488
4.452458272283855
4.452458272283855
4.423341456847465
4.423341456847465
0.9472791914609666
4.212052505612539
4.174277503150018
0.7660925727067395
0.5948856664227362
0.6265118589311925
3.9866941886161094
0.0
0.0
0.0
0.0
19.611247348223227
19.424844351419488
19.336164444583474
5.353174239066502
19.27604669756631
19.268062991545637
19.215556834707705
5.261756883760641
19.142662610564493
19.016834005369894
18.91723096912646
19.004044350179257
18.994435442371714
18.966678008081033
18.871571513327698
18.871571513327698
18.934196080809127
18.826727531657937
18.826727531657937
18.826727531657937
18.826727531657937
18.826727531657937
18.826727531657937
18.89666134956904
18.89666134956904
18.782681372705845
18.782681372705845
18.782681372705845
18.782681372705845
18.782681372705845
18.782681372705845
18.782681372705845
18.782681372705845
18.782681372705845
18.782681372705845
18.73940309369494
18.73940309369494
18.73940309369494
18.73940309369494
18.786742574387926
18.696876124020427
18.696876124020427
18.696876124020427
18.696876124020427
18.696876124020427
18.696876124020427
18.696876124020427
18.72888331274326
18.728901763207205
18.707578882394035
18.707578882394035
18.655081857430815
18.655081857430815
18.70049295980728
18.61399790784831
18.61399790784831
18.61399790784831
18.61399790784831
18.67242532714111
18.644791680081973
18.658513741319236
18.573606318995115
18.625073663313074
18.583619240278015
18.61386288413611
18.533889651151895
18.54370062080551
18.58443201898773
18.494835713576794
18.544385272955076
18.541435712321864
18.534493182784882
18.39059068310529
18.400339687929804
4.418049323726801
18.372603181928284
18.34520490685988
18.327122657207763
18.28772872498606
18.178799888440814
18.161717709409956
18.14540332220654
18.128584017296774
18.112518250358487
4.149380309060322
18.00098942302847
18.00098942302847
17.99069767756893
17.939990446041854
17.795014341249264
17.76732888473022
17.739831971401394
17.712864137015604
17.721777336468378
17.686186731978836
17.695000717484522
17.59559478712149
17.53845142497003
17.545690913915518
17.51401285436192
17.521224104130827
17.307450759799117
3.246056456228242
3.206137559024514
16.85298049774055
2.8523806378324816
16.687829320646046
2.6452362403124345
16.363987516578845
15.744771246520825
0.0
0.0
0.0
0.0
0.0
0.0
0.0
0.0
0.0
0.0
0.0
0.0
0.0
0.0
0.0
0.0
0.0
0.0
0.0
0.0
0.0
15.022950825539697
15.00810333103767
14.902743952934074
14.391175515559151
14.354880911327234
14.349528076818931
14.349528076818931
14.238948669044287
14.194367097687815
11.65624779021016
11.49752244827474
11.332900932081554
6.681020843132062
16.030865188433058
6.325732404378262
10.786491246280287
10.764586684985781
10.669037920528181
8.374533384767838
10.67181457339633
10.526946127964203
10.53112099635622
10.485495447214102
10.485199358908522
10.470078228521226
10.441502479355119
10.395801769252254
10.396438089929564
10.38430425585234
12.648135016485934
17.238555554542984
3.311719150621124
10.206310891466096
10.180911909673949
10.180911909673949
10.161413944262927
10.155924836092492
10.113725596581098
10.11714919645622
10.10712278097435
10.025327106546921
10.013997336611025
3.085272933372469
9.972548662456544
9.969529503351783
9.91579234977363
5.1967104775011235
9.810380590204765
9.79870619894932
7.469073510952503
2.8786014633805226
9.765801944998794
9.563912981250827
2.5151825998743744
9.447544417536879
2.401210059891928
2.369504912441673
2.2370498888574084
2.1256493505368312
6.492766737163358
6.489953844466831
1.3996862124544325
1.3720155168086
3.212929209052071
3.1375426585471575
0.28734164464448003
0.0
0.0
0.0
0.0
0.0
0.0
0.0
16.80778610804558
13.571376739435639
13.153682115843822
18.63350775880653
15.855032444577065
15.838628503831133
12.774835613181224
4.274351410717995
12.593423070654792
15.266395909122833
12.426626505189041
6.728268297726423
12.344842785347813
15.073461880183384
14.93571473508124
12.145923641973479
14.994800420330948
12.14004592771928
12.087816020424228
12.037642724076122
12.000273870334611
14.6342803337953
11.998314127220425
11.95166137437291
11.95166137437291
6.305296926910399
11.918199916521791
11.830673536352183
11.818975936825357
11.818668571866533
11.758082717309998
11.75965366104887
11.75965366104887
11.702671486558817
11.674910995174901
11.633332271994655
11.613825766433965
14.211636318819162
8.618552980289216
3.203416574460323
8.696698407479383
3.169225775627077
11.503621162352001
8.643940238577141
8.628544144300557
3.054818843993309
5.753619921186264
5.533488808166236
2.8764889617124423
8.492229757611359
11.135885198129442
5.492720814674629
8.07361824133485
5.338393400057463
2.6061490973597548
5.292575888965338
5.392378870833002
2.5599051403349047
5.301205859676564
7.97382538024531
5.253773134327869
5.172439732838664
8.026222964503544
7.943638529505047
5.180046382139121
2.4157089936555267
5.1413269246663775
2.3961985926293328
5.07254478345428
2.29739055751306
7.79468172841973
7.844263243365465
4.964357019329761
4.9334869874110225
4.959421300467551
4.8775686623394945
7.651607719414253
2.1280602795520136
10.383726308871843
4.864962373123459
4.70632824039285
7.564658092360298
7.562263514317533
4.690020035370482
1.8987002528182042
1.8390534435948207
1.8506931493541494
4.6452509236555874
7.363724371077885
4.461398651608181
4.445194152326366
4.515227908341179
1.6942248703944047
4.409540721209763
7.2273518405449435
4.407007784067483
1.5957963588547233
1.5945712194352402
9.830959947471346
9.816643586149047
4.270554701918588
1.4828352667184481
1.5112225811817255
4.211891432225607
1.3700412543919633
1.321923361563581
4.114310462168951
1.325567300753858
4.0232286681018286
1.2045436176109754
1.1776076018085582
1.166568222944819
1.1571725934298955
1.1012401097584394
1.0694177443525599
3.863117605980535
0.9794059113759607
0.9794958423051179
0.9386264774112276
0.9180283308569505
0.8848006344265154
0.852404768528701
0.830340928655033
6.277940633011323
0.7912491657522817
0.8093635927159206
0.7736801980128865
0.7806993289840019
0.7373993946423624
0.7203137768927159
0.7092746934951984
0.6977533352271905
0.6732211628943037
0.6426651466284833
3.358190395373443
0.6011536188273411
0.6109182755164957
0.5976187630766776
0.5638444153783
3.3341910542886763
0.5723584256301246
0.5693251968446154
0.5633226496317079
0.49478025061411035
0.4221833886666987
0.226365303317562
0.0
0.0
5.675165633558841
15.027949096415256
14.426227957049937
4.942079576987345
14.360891617860634
14.225229177771709
14.145793153856228
14.138838720583742
18.649376841488085
9.429953992899351
9.726310051032478
14.110083198654802
14.05732354616209
9.223379557597271
4.478343342662948
13.888080786957614
9.161707784085287
13.849801401686364
13.86755600658913
9.558858311506253
9.558858311506253
9.075723383389917
9.116448558650909
4.336334316203902
13.716062903089282
9.414628601353046
9.414628601353046
13.61014337446392
13.58347956923089
8.877925839017662
8.801868924723308
9.109761340738899
3.896376034309331
8.49356741607148
3.7626674091766734
8.52813737494672
3.7274170010782446
13.175788823756625
8.446471616351419
13.123255830859241
3.6695397449280147
13.07792071757068
8.26029552592162
3.4702871828748605
12.906843383091106
12.796321132280951
3.3065066551136053
7.984685993392732
7.996775878659395
3.293045611890101
3.2884416728141814
7.953832189510029
7.938910135562267
7.836221113103061
12.523462594657458
7.720438931263545
12.444812438639719
8.030507032188769
7.570691400351891
7.605538082179505
2.8651536787428973
7.530546922577761
2.8517482530416216
7.5019817357764955
2.8173629924445667
7.3370627786962
7.333642639679187
2.5982645279635626
2.584986979004696
2.548234536962884
2.415915876456664
2.457129723160977
2.4691733420335815
6.951933692455063
2.1269196732938256
2.03855813633895
6.686093405270107
6.631210955153307
6.60339136711803
6.5589864139095635
6.544930381926893
6.531948478831374
1.7489376395994471
6.3749552069919995
6.359152024729333
1.690572867034753
1.6836851854192796
6.265267217922227
1.5649832235978698
1.5225889005055349
6.153232851706116
6.125865662939719
1.3828985350326812
6.004900139379204
1.1003915363071608
1.0838829255156583
0.909167802456456
0.8891715964914394
5.466115634267604
5.457283673835159
0.8468590313339434
5.383705986741384
0.831263636389902
0.8354997790809425
0.7932773215966707
0.8145815361153266
0.77064881304436
5.259372811879324
0.7378596930235954
0.609459935014014
4.950415395778293
0.4302143466046308
4.869788691202771
0.30174240977737776
0.0
0.0
0.0
0.0
0.0
0.0
0.0
0.0
0.0
0.0
0.0
0.0
0.0
0.0
0.0
15.723195177901827
15.21121474994862
12.973641154094551
10.958561695877421
10.875903179649969
12.761369732691675
12.66321419098328
12.564313605244918
12.550003087642517
10.54366829963686
10.531805507575648
12.429730683021296
10.482800637281507
10.474530250623866
10.457788911761691
12.405814580247267
16.359576714038376
10.421749655935825
12.372328839323403
10.350138557193677
10.3064779104279
12.221839040497295
10.264517111131296
10.267478254765967
12.199684985015603
6.352316191823718
4.250225753609283
14.142747798002548
10.238314258553665
10.22185498777073
4.221636318145184
12.156697263612166
12.138607796590618
10.180008899007094
10.186039783517597
8.21066325247383
10.154121799505758
10.147670123261266
4.135231311671568
10.144993981532819
10.121600035875128
12.058057716955464
10.08546337618403
12.042633128759562
10.081797116100399
10.080929970556847
10.01134809754319
10.071838135183798
12.004902250756167
12.004902250756167
7.964214089149676
10.036730923411811
4.065601631406447
12.042023724075959
10.051243643675297
10.031206918259215
4.091980289062103
11.95682461391336
10.00095643013577
9.997685795963532
11.939491405276307
11.910261935965588
9.94735565971369
9.947661724915042
9.933028912627195
11.879844398511246
11.869179790910762
3.8664029058941947
11.78317782345391
7.786150411346106
3.7737326717567545
11.73336198124718
11.605415339815659
9.726189195555323
11.657702797614968
3.705484031523601
11.649595614183621
9.661804938491693
3.7417661677403
9.689259092834238
5.645951410687092
5.610211042570749
9.586253593745717
9.652899484314228
11.574560627417469
9.639012798712525
11.548662210121506
5.552154428286706
9.572880086255953
17.52662544067098
11.509255417417174
11.516296139886627
9.532835901285381
9.55667221144999
3.560040578769445
5.504207513258971
9.534020119728012
5.448467979909811
9.492801858106562
9.47064718019829
3.492123061515946
7.3635960718067475
9.414445397914179
11.354429730713305
7.4307873109960285
5.329040720157332
3.3071650164515516
11.225778165129018
9.223124745460588
3.257140399143803
5.198187878047347
11.086095418658624
9.128268289450991
11.078450977911528
11.055725066372826
5.040034154611178
7.00312671649321
3.1196780600779745
6.980914760823039
3.0589880594825334
7.0083190588609225
3.037482277801384
5.005889512357899
4.963477983906748
8.952532925487455
2.9582479779263466
2.999282355411613
4.843689410175301
4.843991761355766
4.839585915191661
4.863700585765815
4.806067729623248
2.808127202143552
2.7504017351620815
6.653164023837325
4.670846454589051
4.710419408334723
2.718980503213219
6.5555130854771395
4.600380881541235
8.633471825679221
6.52789044874393
4.55606932373501
2.5776769014275995
8.535550087089243
2.5716636822560335
10.519414097418121
4.507173466299384
4.493154752340814
2.4899848525699073
2.474441356699846
2.302414212267355
2.2211905719922083
2.206487244679542
6.136055600404106
8.082717100108422
2.06481470565795
2.049256681138604
3.921685019705855
1.9956297019473532
3.9485612560428156
1.8955744973340913
5.739439987040201
7.615948148628902
1.52771258685306
1.4393302662159002
1.4537087608345998
5.219809320234486
0.8411870465602808
0.6836628783997668
0.2868942924096625
0.2833975569771122
0.2587122272574517
0.0
10.813725537569853
10.436206366522752
9.783862374877067
11.449661028428867
14.65706872034066
4.418497145948983
9.523702671277197
9.470705061773296
9.340211202079304
14.660735712009444
12.837222189170364
9.368074509732095
12.85834140204271
3.9269270340912206
10.907941434757864
5.515173553816978
10.734350623131599
12.405672641110801
12.305187581462778
5.386881019246144
5.4418575840327374
17.52341450569626
5.278034423908382
10.481630022906115
10.482156644684506
3.4805074279160966
8.557687663170714
3.393100489173124
6.857699074851914
10.300804202575584
11.978430691873678
10.279441909606469
5.048732317886535
11.995807519741694
6.784322759127828
11.965697337163489
10.195441706727177
8.408743610495975
4.947091047868659
11.744226355398242
10.06879074325949
13.395130930590518
3.033368728399404
8.211591282427715
8.190618361653046
3.0562989502217106
11.623070167987802
8.142753222859445
2.9585169244907004
8.18161024518611
9.891122100677721
9.847657716255343
9.750321182797288
4.597764887377341
4.524354123303603
6.262251798116527
9.80835669924699
9.66536079246197
9.757597457536113
7.93228094896666
4.447876252094234
9.660695751246198
9.64852534816596
4.360712124532676
4.351087734652201
7.825230418239066
6.13102001799325
9.60212527915162
4.3490576161613115
2.630844158361566
2.6508637802659356
2.597967740433992
9.482346711821009
4.329976602009578
2.617451102255375
4.300993804667769
7.794164342021798
6.0029024145733025
5.996252905298083
9.296264364739553
4.116302657643673
5.910234661919293
4.087391697752725
7.579744929341727
2.3784564894500626
2.348116052250395
4.0500890156642155
9.186343303672027
5.773119762998411
12.55036672594257
3.9352140993353166
2.192410659065368
3.897035892936788
7.350353503670919
7.304340688233555
2.1674693900696926
2.0937192242975877
5.593702365668037
2.0530890842634184
5.526611712500896
5.523752623833431
5.530462205950733
8.962456105778616
3.7134016543942825
1.9754825286934878
5.418563057609478
3.6350973686803862
10.437933104496109
7.050026091086251
1.8382321034347726
3.5219426752190603
3.531447877450738
1.7940331777282366
6.89703727006954
6.883036197685773
5.171701236135419
3.37609023807275
5.137633218377114
1.6601101161437126
3.328817326729015
5.12063830537054
1.5966463993996836
1.5977173481653584
3.3509875389278125
4.97482216220578
8.344720830603332
1.5078748125151318
8.459101973255537
1.3842683653470522
1.4009216257720625
2.991073981583565
1.2235399599280792
4.673384666412616
1.192630146448734
4.5238608456628455
1.0951258436067155
4.556576568668142
4.402900032589401
0.8883819832917689
2.596945161125518
0.7481495489209082
2.4469555493388526
2.3547194843874877
2.238854293938219
0.48787564018269874
0.46823897391629277
0.4142128340566766
0.3635569260766733
0.0
5.674314876051929
7.588798896772862
7.564203535532449
19.045600668444262
9.70719980474803
9.69241772161797
7.348737907039923
12.030111261681709
7.306447092224801
11.986361098373239
7.315466477754564
7.2327064426109375
14.259790773583248
11.794037369257463
14.097940968559437
14.182078409698557
11.820143401587618
7.147154247097024
9.454268266117522
11.74677829283358
9.376367041319641
7.057340136471165
7.034056886123813
11.686319935682919
7.0338811776434795
9.297039171872102
7.018346872011229
11.622888273018939
9.174603032125972
9.243812132180052
11.558376180172637
9.146333183105964
6.809204818872893
9.156277550969044
11.47376496764677
9.10608519748309
9.10608519748309
6.758703096220414
4.429517301951107
4.399341724516978
9.100095154042918
11.348074013568873
11.37746853223404
11.377601652711569
11.364387051579074
11.369854706426736
11.259458346047756
9.003265173171021
8.974790928559486
13.683723441639005
8.959974166340814
8.96445813648466
6.58759373132028
4.233086043942942
6.542022075579246
8.850300404884567
11.16396431933592
6.414965796545471
6.409281403762655
8.744583043384944
11.08504905783574
6.408559049362897
8.757148617402235
11.109726619367429
13.41868611300055
6.393412152329509
6.386900444545208
8.705012099735432
6.2856248258258685
10.93873645085376
10.939114563924951
8.595666539714973
10.96034125401641
10.900664595866806
6.207736069619116
6.202762602516454
6.220665341481362
6.182370365687126
6.199186634337718
8.50515018287502
6.153255485195444
6.096787150240409
6.1037338844904445
6.048240046975108
8.337446906951403
8.303428786959078
5.977808355214514
8.22032566294606
5.911852420757359
5.9655877683482545
8.171538191378325
3.536781032556687
8.169028768490094
8.222987073649085
8.19792992898331
3.5147560446951887
8.154225731289122
8.168892137282521
3.5038905872349444
8.140466858994804
5.796952226119107
8.109696553495695
8.075565549444025
5.717821847995417
8.093674935117052
10.420553950302956
8.047697259690153
5.6843613006063425
5.7337642465366265
10.372670245738924
3.4049418971909917
12.744253770774478
8.041066112389753
7.98270177530321
5.696757857953473
5.6449045570271785
3.3397353979382465
10.186465711672438
5.613401060819019
5.549317289879094
5.633347707006655
5.584782697207038
10.236275578815249
7.859652033191715
5.5431011959164564
7.887025238948019
5.563598279793592
5.520103237878775
3.2090617318271186
5.51817692457166
7.895859437332435
7.7964468524454755
7.818418533313761
10.192572077768713
10.211199036554504
7.823577168502322
7.8128254534048045
7.759565693706102
5.452706912658332
7.767555471971551
7.747970625518724
7.7289974420972785
5.313178576131946
7.616214988052524
7.6884087618019565
9.91748054277148
7.662366592839672
5.216793104363157
5.20145496487451
5.256881246448222
7.5869113754786826
7.488254357979186
5.1491426601464365
5.152467856989843
2.809631761996367
5.166313537762144
2.7546622213905647
2.743044887181111
5.027952578629025
5.102371998838378
2.7474204881408335
5.08367571640464
5.0065949816762245
7.325116196602581
4.965826940455601
4.938482923630749
2.582107252821122
9.53304591551659
4.901403134637148
7.027840699563717
4.826862384180901
4.757311076374683
7.118485800462818
4.788700645696914
2.420362465405642
2.4193128587396835
4.71704462436802
4.6975521559991185
4.662588820403883
4.619757951588534
9.268517101954437
2.231110770717203
4.509954764892888
6.786759122684251
6.728124755589392
2.0992764190581146
4.408953354394231
1.8561610279302718
6.519253901638241
4.141557472374334
4.147445207348677
6.459697852883091
4.025588251895337
4.082550740158873
6.467006631979681
4.055494671217007
1.7238733814860956
4.108693982959816
3.9914826343262555
1.6848966154312786
6.212389984207526
3.9311954945908396
3.93954089373542
3.986556272974578
1.5531048049820417
1.5436400828739454
3.971847713673594
3.971847713673594
3.971847713673594
3.957398441071072
3.957398441071072
3.899331510696665
3.9431912726031872
3.9431912726031872
3.9292302378029187
3.9292302378029187
3.8833984512002098
3.9020146787337806
3.9020146787337806
3.8794449910064617
3.8995003200420886
3.8995003200420886
6.167271877631164
3.875685326763808
3.8720384976382896
3.8586591500709053
3.8455084535890007
3.812436067102013
1.2851898764944432
1.1907296925356903
3.564367273850833
1.1462492306455814
3.461236264561467
1.168038691507435
3.4407044273893246
1.0895363840719232
3.3135063031271783
0.9761215620044527
1.023925484973323
3.3322573856797653
0.9498102819357962
0.8854478764515594
0.7900792277259411
0.7046563721327423
0.410359762844247
0.3766141279310411
0.2322621419395588
0.1577604962418719
0.14702356774108055
0.0
0.0
0.0
0.0
0.0
0.0
0.0
0.0
0.0
14.066246839147807
19.45942773334795
19.2613984257649
10.74261823392703
13.494298927360623
13.393056558883591
10.612184244869344
13.215900838251013
13.213589465097453
13.188877999705635
10.320345840936515
13.0982588157332
7.403026282397514
12.941243897457602
7.327895959265565
4.499811155285247
10.02816027956339
9.801640349357065
12.664418298235619
12.466335954674944
9.62702949574555
12.410750484284216
12.324805710913699
9.524700067859513
9.456649638620325
9.45872276670186
15.002085470002513
9.462056891371796
6.665444991064587
9.385070073420836
6.588843504481084
6.537375244339206
3.72172770179334
6.519368172139796
12.065202943591705
12.06874679151607
11.980441170354261
11.980441170354261
9.12578821107736
6.327197710218005
6.317931594700651
11.730786959378765
9.003848629098451
8.869397998704082
11.684306928424686
11.63631592091023
6.032860139088923
8.76507586980287
11.579217113918146
5.9822114072736
11.481665478655898
8.690154548250995
5.891152781271739
11.460066926061112
11.483979688662798
5.90763753074579
8.583510663675177
11.414653276100697
5.831113676559701
8.574664099402268
5.811733847490884
11.259110008554819
5.796135435623405
8.500717374104346
2.8942667316345987
5.691590395386067
5.694635185268663
5.6813769806462595
11.138070112754384
11.138070112754384
5.575786834033471
11.028190572711148
8.22892442415454
11.103581129338645
5.505242657920551
8.23459616740367
8.207589615120524
5.469063317676372
2.637195299260519
8.128867721255173
8.130620174938878
8.117418951833004
8.136203062112065
8.155250535847784
8.09490659545972
10.91328695673451
8.059139401233265
8.066519997434149
5.361751197799498
8.034718112382778
10.859935836523277
8.01268254682618
7.957387338015669
7.957897493547445
7.951623645142176
7.968680604565392
7.893810578819369
7.898630191159955
5.1310570932951665
7.847199040224351
7.8430546419157015
5.022133183697105
7.797290957833613
5.071181520259043
7.722690112197429
4.961688610791062
7.848077939360759
10.533365068715375
4.955588378956342
4.948531873780242
7.682809924660373
4.980232328983369
7.717382461103997
4.847776615748639
2.0360147203507917
13.162190959652197
7.612778995849841
10.376375398395517
7.580981328875777
7.5796317745431105
2.0283394247527036
7.498367271397624
1.893244987146114
7.430201011954201
4.614880248269279
7.46175917564133
7.37601981475766
10.132635648343458
4.551665092335072
4.461261017381763
7.248917216125457
7.222275370247743
4.39333720749052
7.098743399276076
7.093888687644766
1.3364302774119212
1.3749432683508116
4.038334295472625
1.2282491641609923
3.7816804978364007
0.9324062434523739
3.6561847714470987
6.43063313532148
3.577513949049209
6.268089761737498
3.453050361163778
2.815192052423772
5.67008405915569
9.549862821296223
15.758427059795608
8.717356394845494
8.359472757769927
8.35666938853847
1.379301033802472
8.366619295106208
8.315667488936436
8.287071962563164
8.248580582323124
8.170749972677566
8.08913702011353
1.1175457292866302
1.091160686322452
0.8679932152625656
7.818246139073807
0.7938336765073893
7.777561909831014
0.7544580082202735
7.728461387893698
0.6845169687529725
7.644477324474141
0.6575607127918814
0.6136591200069829
0.5690379000405634
0.54053051298658
0.5356161562964283
0.512033597725404
7.490983220245583
0.49864482399838705
0.0
0.0
0.0
0.0
0.0
0.0
0.0
0.0
0.0
0.0
0.0
0.0
0.0
0.0
0.0
0.0
0.0
0.0
0.0
0.0
0.0
0.0
0.0
0.0
0.0
0.0
0.0
12.64716192410876
12.522194146628921
12.22727114282955
15.347644698080542
15.251304443507385
15.066834922310752
18.669520363704216
15.113044704895891
8.058658303865684
4.787555015497493
11.638642452793485
14.583466449974612
11.024776454108366
7.689796216365546
11.001662663527235
11.030347679964423
17.910798860655934
11.224465505512278
11.127286832350515
11.012752613667494
11.020943182749948
14.223113884316625
10.985822801162074
4.044878895523218
10.927424813792513
7.2915560559553505
10.855871962295438
10.758226496329842
14.135670812053883
10.800906402703795
10.790789198720692
3.7775884999859977
13.597119655165653
14.046848659504603
10.629039591618291
7.020104895291005
6.999962170802445
10.266942553098726
13.598785775276061
10.221446715205184
6.9011989818194
10.47582513630974
10.056707875351776
13.33945992157694
6.695263317517841
6.689890218533121
3.270487222987487
6.640636451511239
3.290295318821061
10.176185699006773
10.176185699006773
3.207449545039683
13.115788222407113
10.148423140967159
10.148423140967159
10.148423140967159
10.148423140967159
10.121143017051189
10.121143017051189
10.121143017051189
10.121143017051189
3.1166779031792236
6.391323260163913
3.099863685955624
6.3564187308869995
9.67589570723368
10.016595282477837
3.0359067541616005
6.341300330641864
6.352582425772678
2.948587038646864
13.198690504066004
2.919147946065099
9.791450561971251
9.513491528665048
6.1559332798931035
2.8364282996786696
2.83911215807027
9.726970627849086
6.093547789969909
12.584986178115884
9.214517186640913
12.4486672265012
2.5474251123103886
2.5254667179693406
5.77743896096641
9.034513342663029
9.026222289295692
12.325174306102026
8.991034326936278
5.702067536440126
8.919894387612787
5.573633864414418
8.870023244059142
2.210969264657722
8.845118018674919
2.25338119795519
2.2521803228917325
2.1320223466503867
8.716093747709438
2.1152897438853717
2.100031798043014
8.700847550195897
8.715137949478827
11.861377438546773
8.551117622421588
8.552356023591983
8.927221575175558
8.453572263944052
8.447800455017662
8.356848418508031
4.950756971866927
14.907108114693742
4.909550992527389
4.893850205383827
4.868050517383188
4.844578242058353
8.200953279325471
4.8727700820289295
4.8711140615423245
11.383075211608014
4.7582173056115336
8.159580594637454
8.159580594637454
4.680624796792044
4.726122915913724
8.012195240065406
7.9744724769363104
4.636725786820209
4.6838174517845115
7.973097509148458
4.4848767275408115
7.86990052905011
7.621532024241325
1.0165146897641542
0.8713017082576221
0.8411819968920277
4.147291464448467
7.398053383170557
4.076150454993008
0.807853112231346
4.038965419406611
4.174233102611978
4.165458102209745
4.165458102209745
4.077821978280763
4.030630934833061
4.148361819082694
4.148361819082694
4.148361819082694
4.108125768907986
4.004718404417522
3.9395072514064537
0.6277318214128749
0.707360837487979
3.9565471608367546
0.5612130704482475
3.7694750145534313
0.5240689890420936
0.0
0.0
0.0
0.0
16.234617710117472
15.963765885127629
14.862532358064286
7.925040256452403
18.23505394892797
11.190268178470646
11.119948525193786
11.095540900312303
10.869251502973293
10.761474992888607
10.662058186984389
10.760078986620437
7.159856864232328
10.536823575776241
10.543291664480893
10.469184213203913
10.469184213203913
7.058991242172495
10.43052725316399
10.379210606222026
10.36173891279536
10.336477273759842
10.322804870337537
10.28753135275636
10.263005419260947
10.197227606044073
6.81094361771318
10.181532873255236
6.703091330339368
10.151394332831396
10.1298555487264
10.138891222681625
10.09772920719492
13.552061388520123
10.084451465428435
10.07471648715414
6.513260574169045
9.935131721135878
9.933675264455347
9.924742031373805
9.905917523920147
9.920156989862432
9.89287720472372
9.869613701601875
9.90622438887897
9.860259356393371
9.829013422233372
9.833752877619611
9.819984245112549
9.817337509204988
2.8456223877713267
6.343944376407666
6.3524805505930635
6.3371595176037365
6.310431168701002
9.698020690966375
6.279209261650528
6.218585272509024
9.673214149596067
6.202578178273333
6.256789966729278
6.165973797907694
6.212871024951822
6.181665509156671
6.141659606368878
9.629489338147842
6.160336086808679
9.625666419561838
6.170557848237608
6.195529635071485
6.179826957685609
9.752808710023848
6.155615127090393
9.580005863944562
9.607484383053054
6.095593293294383
2.5993521515089624
9.550643505998021
6.131656570440414
6.111506442607422
6.0742491080271295
6.038161788438087
6.097610099829343
6.039666300988904
6.110527918120622
9.49523325098392
2.5006812458238814
9.464280501683252
6.055518366731297
5.940691571721068
6.0309352556777345
5.990671409160762
5.9357025107681824
2.382009045724961
5.968036338570753
5.980478214610023
2.3793785839320782
2.2991246265137932
9.348858047804184
5.959104292716515
5.959104292716515
2.372218733130312
5.913242531065943
5.938107664242056
5.850086001342637
5.917469866795823
5.8644726207083915
5.897180581301595
5.897180581301595
5.7583866217054345
5.87723781012734
9.393801886682827
2.141703506733239
5.567501503954874
9.048384440784611
2.07813895088172
5.573344061891494
5.510961471414268
1.9831999005596586
1.9087402975916485
1.9107267912018935
1.8889301291496159
5.406270874969295
5.371922037051516
5.379117270510531
5.338744851633201
1.7300042111398106
5.229562072474724
1.659534074460502
5.164322668422444
5.134182955149188
1.6685552229352227
1.594152747878051
1.6341269281654116
1.5645931632812595
8.393602861192223
1.2663005815833126
1.1699148069880139
4.6183791979797535
0.9539250153831017
0.7893404497030763
0.7134268464210537
0.0
0.0
0.0
0.0
0.0
0.0
0.0
0.0
0.0
0.0
12.676514084549078
10.054437863114057
14.44892402585282
12.11783873269402
4.74403505967937
9.335702485141379
11.562715983546763
9.19883008020386
8.9325375952801
11.193230749464814
6.45564858637547
8.785804904607414
4.017395111844079
11.033732918866518
8.660357375030786
3.964624108600171
6.280112279970233
6.2496356333650755
3.950512547228049
13.093920119233594
6.195044622679411
6.170617757573367
3.846490052793671
6.158407527474728
3.7555673504685942
17.705179130101243
10.715374848950718
6.066269099054586
8.336586572445249
8.32573026461865
5.928818536202985
8.298744427839507
8.316036735363742
8.288733622057224
8.2528936805997
12.796127576038746
5.758829735256936
8.018673624673792
3.3620192408574203
8.020518946172349
7.974535579920887
3.30249034199136
7.899293144797786
5.585994511919984
7.851868182873298
10.07082490500481
5.401158122910449
5.482394059133786
7.781507396385512
7.647746624854726
5.210287825874403
2.924488967665155
7.607794984317793
7.515707166807752
5.23586836004963
9.86945082677664
2.8334931292901073
7.3693439091221675
7.484933434174444
7.372414217474768
5.102557599771529
5.000410118302398
7.343743082299134
5.013116037959946
2.557664367194123
2.539107219424899
2.5591025928113766
2.603544489569627
2.508838346821904
2.4841371494556816
7.125414269788238
2.4085873298046896
2.45045475541055
4.725392666203799
2.351738367370669
2.305167070610336
4.726690143264445
4.7109754372472255
6.984461840580363
4.677276949992346
2.251776519663662
4.642580211521678
6.878279555616661
4.561874718735054
2.226297100613467
4.492058564232781
2.223537903871241
2.1276848319148223
2.1259761214049053
6.815039044470848
2.1437492268763783
6.853805235408221
6.792086344763137
6.653341311095919
2.057059953918204
6.6654119448008435
6.678932434635479
4.281522585236392
6.612004157613046
6.612361281291164
1.8596595675408805
1.9167939372444325
6.482481025177581
6.51205852414489
4.144420476445009
1.8238356592820235
1.7995227465118033
1.8111445597165001
4.119706865112099
4.101974595579034
4.009118443960162
3.915309377061372
1.5615687405521732
1.4846348940979301
3.6773721744263725
1.3881768769870493
1.3660585290983276
1.331136942218954
1.3174177417915018
1.291969226917038
1.2848221497562398
3.6338981841003566
3.6411480867426262
1.1638494373071921
5.725584747785121
3.444719775009504
3.42793382639494
1.1458372137079091
3.371279516950629
0.9410784119949825
0.9916594281759793
0.8086296852047523
0.7893381079935612
0.755254637209511
2.9757264206732823
0.6217804568223188
0.5917206130244032
0.5322047863538419
0.5077375977892612
0.4315393005980788
2.6556604177796923
0.3318583712433138
0.0
0.0
0.0
0.0
0.0
0.0
19.591770914313532
10.005057710359793
18.703359203411875
4.642688931421418
9.019114502559221
9.094545511437401
4.362210054406533
8.814105319302081
8.84426244157917
8.616764737324175
8.54776655421799
8.33962187994161
8.293773171339383
3.6858517582818098
3.7319619119392455
8.34691454111701
3.622887747767568
8.208446802951448
3.5959644565736344
7.985140986977632
8.105549793412855
12.468534004806092
8.07164751192214
8.013584828379738
8.015371109903109
12.329952144505139
12.499462643186545
7.919544226375653
7.862822562833849
3.2496485461583426
7.863167979320086
7.839539157469213
7.80710446374436
7.832548577562327
7.802091001425149
7.610725573983994
7.716726855478326
7.670768343227172
7.652640958072887
7.644604040565977
7.629790252659465
7.61521588617161
7.607330126492808
7.564984127035129
7.619973170419061
7.368769072872644
7.554670699791651
7.526466863572533
7.486328788926631
7.459004917351787
7.433524309328546
7.442506671397667
7.344008679741546
2.7645985727968108
7.341748469992427
7.363045459609551
11.655928416351637
7.318033505485491
11.67876401116365
7.316716344113736
7.309340078127246
7.275128985174827
7.231713351320818
7.143488561184219
7.238782045490043
7.221281784918075
7.198444897698383
7.17788654516793
7.239065467235147
7.161967787024904
7.14729172483269
7.118891049380758
7.11961261664246
7.098685944054585
7.145760406930281
7.087728579965199
7.144662323217914
7.144662323217914
7.144662323217914
7.144662323217914
7.039382368529386
7.100664264439204
7.100664264439204
7.016555336784148
2.3537738782187767
6.963449761280547
7.009042039120333
2.3831599922696456
7.079239063242398
7.079239063242398
2.311718752960213
6.942305258225182
6.923686476495324
6.914242315608323
6.9259842147948545
6.9098855243982085
6.936388480897534
7.017141737976103
6.915432933394374
6.86280051514486
6.893931246621562
6.858251224878349
6.748297272587395
2.2327448348790835
6.740013580029042
6.90191295288735
6.832962914074086
2.1887152281764912
6.823743081279721
6.8145980912780395
11.266986955457453
6.815080142756264
2.1448939036901264
6.6562666005406665
2.108382386073456
6.6842794914761345
2.0603642928185812
2.066528874129962
6.546324718329736
6.645627422451826
6.653837724050415
6.551973733296932
6.42556032653756
1.8097224435789803
1.801612341086779
6.2510769841292175
1.740836391605969
6.2312132485335585
6.205281515124768
1.7074588984743406
6.32179662387442
1.6832241983055136
1.6226582092500945
1.4949880668799091
1.520255064340201
6.132904256576592
6.017632188095121
6.08316407114487
1.4015131103499723
1.2301115858457108
1.168565724716468
1.0482447885453805
5.512462596596393
5.424653515706409
5.424644037886248
5.5183863030273175
0.6308760190500287
5.075303936157578
0.49613596577464825
0.40073385830246216
0.0
0.0
0.0
14.903605320198617
10.04142199500571
14.494160877970906
14.313796949761471
5.1918978764387
18.742664342615576
13.859844243771992
9.151780023231758
13.785412117098987
18.159844153727814
18.35300826689215
4.443218344717736
13.496599111551491
17.959782344737544
13.352671413351423
13.48875932859082
4.2160300787171066
13.265805799384106
13.138806152344975
8.559198037667539
8.439451766055827
8.445889219548533
13.049781555785168
8.411350009357554
3.805586370308753
3.757565311092026
3.734032254371438
12.869464017934067
8.138669590074002
8.307881914225707
12.880386770187183
8.263857539736744
12.870975131827864
3.468002273593343
3.5135905574786155
8.08614673480308
12.497415753544306
7.954217153005636
12.51173612154132
17.29274557023041
12.614963710244975
3.4322084977633285
12.455046614942084
7.952569331771267
12.388627634861244
12.43599457705648
7.95232641113669
3.376922604704399
7.701831605991145
16.817002374306515
3.117809518564717
12.424746454823234
12.424746454823234
3.1385521465340687
7.671882100629065
7.616741344630369
2.971490156369686
7.396158036874842
11.933387084768778
11.914406771674475
2.8284314972220876
7.315503038388754
11.925013695755357
11.854929165679156
11.833908784213873
2.712344480436881
11.729659432243373
2.668951569163326
2.6553888637678815
11.593024314820545
11.526261138856354
2.4588063736852743
6.939717442748855
6.847538527537325
11.458267849117048
6.790435899622904
2.3603764830226184
2.3155207069931296
2.3397936079971586
2.3071362611001076
6.9558732964693615
6.963409855169764
6.692471305810469
6.673919532926992
6.675104630650472
6.823476843226985
11.33154825944321
11.229867624041795
6.7733737012574435
11.292043204212947
2.085377564642772
2.0513447599225496
11.055081885374554
6.501400521467146
6.636384657100269
1.960957266623287
1.9457420540401138
6.550074214270641
1.9674782058979785
6.410737154188247
1.912388832713457
6.4559952396574785
6.436667639072921
1.7873174702083445
6.145250848920668
1.6630566765298673
6.205818663052271
1.6230095450458217
10.703578690423948
1.5943184162385577
6.181145079145297
1.5555248448111225
1.527891149751255
1.4653812025743582
6.069162061240972
1.3900333867927788
5.8701141720487655
6.095033412119982
1.3390270724402744
1.3575629331000902
0.9228007523619483
0.8382487408015273
0.840622526002338
0.7021769569840146
0.5933568086230502
0.6339371966906326
0.5366572800891838
0.43724083409148895
0.0
0.0
0.0
0.0
0.0
0.0
0.0
0.0
5.67466772804853
10.572729813608344
10.005023935367142
9.97493959743525
9.93433883265612
9.952375352259875
9.952375352259875
9.901176684123692
2.8377629434276557
9.791866200371704
9.814055593145925
9.75841924225223
16.73504659954205
16.725022403228284
9.763054532748132
9.745110791226494
9.711876160710153
9.711876160710153
9.707193648033956
9.728199315847359
16.66578838977238
9.706990621761756
9.684026141302454
9.686074454923817
9.700992847844132
9.679798997416606
9.649979038552543
2.679861787660387
2.666512817152776
2.612986441825955
2.587939215695533
9.60659460821507
2.5344703483834476
2.5344703483834476
9.476082007655236
9.53704994116578
9.491785226002172
2.518051335620903
9.514660722908465
9.476895835867264
9.4926446123369
9.448077424512311
9.471001596779535
9.423553262599706
2.4446227686738746
2.433755517435445
2.433755517435445
2.422171804163166
9.374682026941027
9.358805861017139
9.345710249865556
9.33314611430713
9.348268389205511
9.359792561559832
9.341431764216715
9.327650787387322
9.322535069062036
9.314474678001064
9.292275425454136
9.300266620253783
9.281588394833046
9.275118828810301
9.281051658117276
2.27077729902847
9.249571934380288
9.23700485200976
9.196554867517124
9.170160140429312
9.180582954915385
2.1529774906942896
9.120884788773244
2.133476724797427
9.095836161547593
9.079349903473396
9.064171372148692
2.0739005967747066
1.9981207412290007
1.9780400610894278
8.926814304666626
8.93755252499339
8.93055225815642
8.863029062466985
1.8951217643880318
1.8886072497384252
8.787528860244985
1.8016144090659467
1.7551719742871237
8.652159898274833
8.611078313185592
1.6145543353936547
1.5781352548302174
8.480705298674948
1.3403182514976744
1.2650835341344115
1.2416716300826829
1.2246175052207442
8.192524803299703
1.1864146896498282
1.1811260251471962
8.020574809130895
0.0
0.0
0.0
0.0
0.0
0.0
0.0
0.0
0.0
0.0
0.0
0.0
0.0
0.0
0.0
0.0
0.0
0.0
0.0
0.0
0.0
0.0
0.0
0.0
0.0
0.0
0.0
0.0
0.0
14.907381189548762
18.850646290964512
4.803207370904205
13.92291735389949
4.640970921556914
8.972380715311555
13.544778227583432
4.120296721928193
8.841994203781063
13.377813479807406
13.484492854248083
8.783085515654426
13.306496279539372
13.27605508783595
3.981108668735332
8.675222517977506
17.719810343450433
13.19980193570556
13.216560980325939
8.54908775765897
3.8892186076814466
8.530206586954849
12.999199964224351
8.464444429785651
13.054509871945326
8.460121013915215
8.432366843918738
12.979964633900913
12.941781085586252
8.275111050314987
12.947651522886334
3.6467429031878513
12.767681671706777
3.526407539460837
7.930591859705056
12.615604170419445
3.3861672254077675
3.3747292278444623
7.844251811274153
12.547181676237342
3.21725943076795
7.877274854329606
12.416660999960493
7.696425814047048
7.745488031872671
7.720522819260886
3.0352826970213083
7.686461010998213
7.486379989537771
12.081126292636037
7.625070598557457
12.263419100925692
7.577580238133189
12.106540938263812
2.8222863648819185
11.909746397035676
7.379971546300064
2.6925381573922746
7.372416043198294
7.401448391600321
7.401448391600321
2.685232402731132
2.664060517608442
2.66333452490956
2.6382589240036634
7.152748433010605
7.145447464324155
7.203512894515811
2.5293532818546893
7.26226027331455
7.167971424168515
7.060370225914465
7.042336769009079
7.24043212019716
7.10779908203196
7.171888396209741
7.218974409308193
7.218974409308193
2.509275502516422
7.000346230270059
2.457555947561628
7.0928414060113925
7.043971292182043
7.11683242933409
6.939528482664491
11.508184884055382
2.380920019847681
2.409044307099133
2.37197163978896
6.880368684032869
6.969378603634185
6.870877148771134
2.28503442206792
2.2037433395468917
6.685593158534153
2.152272860242689
6.700432214506719
6.670552880431955
6.725255894932468
1.9559116115263948
6.565404360914942
2.0035402495973345
1.9988169236462614
6.5740389072687835
6.5740389072687835
6.435493209711689
1.8980259124716967
1.860662482687199
6.279335731723423
1.7297996672273386
6.298238727250113
6.234884702375625
6.277458264293404
1.676248801996517
1.6676925886149978
1.6692845982237687
6.1465749123792435
5.95256593994532
1.449895260194114
1.4511665777270384
5.930457949236196
5.914304293350626
1.3996314506392173
5.971372986895299
5.925481088366868
6.004828602668588
5.905887468622516
5.93361057891959
5.991845841824879
5.865606393696932
5.921424533325722
5.868175188780801
5.850012817909811
5.765590157453373
5.729186485099649
5.708225666771246
5.750008810520117
1.1025361379805294
5.605173973761704
1.08030396993941
5.487411645728145
0.9039181548890309
0.8406945538573314
0.83575515013259
0.8336767962347466
5.31906452790425
0.7772656332816829
0.7598308061661101
0.7389113615600307
0.7308015925979002
0.7031593961862321
5.203487659804979
0.6279440026571781
5.144324572204975
0.6272966053135247
0.6272966053135247
0.5938113104317101
0.0
13.177802114822665
12.001424749481455
4.953664659847066
4.7314604809726415
11.748243434567268
4.742338350632243
4.595350580022673
4.490315607198662
4.456109834833308
11.40850604569296
4.289977037151843
11.20390840239426
11.674490007759665
4.212493377156054
4.151200212782884
10.61587739243092
17.47147966870141
3.5168120911755993
10.568777602530865
10.570857395788114
3.107273934811455
3.007496233383245
9.87023401897015
9.847065254340142
16.705098620137573
9.674556722095192
9.62743976049031
2.6056596441217836
9.458383751507421
9.429805609903276
2.472811200572901
9.332588789957764
2.3377219223792087
2.3518786013792194
2.2925244034603955
2.12598953275283
2.1736906845559396
15.91073380073048
8.998069378678604
9.040188834306635
8.949020745862546
8.908980799540675
2.0394925635189205
8.904607940670143
8.840902828439457
8.852523431472605
15.711834713504189
1.9402785474975375
8.86174653851356
1.8869411799124498
8.809264079646024
8.84362695613709
15.700518737856092
8.81211627814304
15.722625283407273
15.658603038727671
8.793837193846837
8.783041523732122
8.82625019925116
1.8329740346592505
8.73849615693052
1.8598116504074997
1.8301315245402807
15.641177127346609
8.8009831159503
1.8183562410170249
1.8253947130656283
8.681397425679418
8.700777376244151
8.721965297732229
8.920649467760553
1.778307545704537
1.7755133016061833
8.702524003809668
15.604209584265861
8.669951207480128
1.8704773788972384
8.687270409867082
1.795235853000741
1.7779723833009684
1.760235201575345
1.7905702169883844
1.8369309740691742
1.7570966777388293
1.7667408036360415
8.630968059736778
8.661172482734166
8.754275810914635
1.7446893240637824
8.621675321541446
8.631830996942208
1.7112981509348923
1.7276633131320336
8.628853873892984
1.7170861397148685
1.6894212458095512
1.6451398195123126
8.579403482160236
8.642795059478548
8.642795059478548
8.542457742148969
1.6582019966125605
8.505092051299519
1.653040456121053
1.670692574413268
1.6030154276903619
1.5981691801990832
1.6263138631630956
1.583790698097376
8.484573390390146
1.637302401282509
1.537104504755118
8.535120444468628
1.4959262744526254
8.432225288224094
8.411797673662418
1.5347297541248655
8.359666786256657
1.488190935097216
1.5279310986292804
8.295264668777438
1.391369800142383
1.40650306026469
1.3250649770294536
1.2997496294522277
1.3547648231636682
1.390907572296451
1.392323054053263
1.3150004195951708
1.2783281940888394
1.24050362470466
1.2156936214541738
1.1787994066697955
1.151429594390632
1.1841295214703476
1.110578385604591
1.1578284555319158
1.062061084620123
0.9838455695287521
0.978007084222968
1.0362626044491459
7.948750086203077
1.0017719376318368
1.0191477281213381
0.9910348079280411
1.004419189889244
0.9443427192403862
7.8477666388383405
0.9505743691808975
0.9168366284115359
0.8676874267182288
0.8121460387902396
0.7948074774742752
0.7159085432134314
0.686049888123129
0.7328196959358579
7.633447815586701
0.6572084166475775
0.6336953426977837
0.608425141367815
0.6023515480403007
0.5650883802536912
7.475225867815913
0.5490715968757893
0.5190139797024598
0.40078912567979946
7.311975287639838
0.0
0.0
0.0
0.0
0.0
0.0
0.0
0.0
0.0
0.0
0.0
0.0
0.0
0.0
0.0
0.0
0.0
0.0
0.0
0.0
0.0
0.0
0.0
0.0
0.0
0.0
0.0
0.0
0.0
0.0
0.0
0.0
0.0
0.0
