0.5370929610213053
0.20139901131884264
0.32594518300577413
0.17199612138960682
0.1648730607695654
0.43426789022384643
0.148668806070551
0.25158515464523135
0.43953511097919035
0.3989075645897204
0.3659428930438466
0.25925084200292725
0.1346178182014296
0.24907807956496322
0.1315346278818964
0.17111796614803243
0.23689774602094976
0.0638841818798372
0.15659252278516358
0.22937582583609217
0.11373177296135858
0.12047132477007165
0.15713330191948424
0.24151116449593762
0.3460973625846297
0.10506964572264227
0.24027107597589453
0.25317372024003765
0.08915309775267523
0.27241487781851265
0.32020466788648155
0.23225964988814607
0.2588494313940666
0.1782980542000862
0.04437797280854649
0.21571540745604972
0.07504045759990316
0.08455431680308317
0.1634393068356548
0.38155950131592126
0.07741131546817691
0.08217563706933938
0.05224339783745987
0.04995832553000454
0.14122806587711004
0.04515771740282269
0.07457162643498404
0.06587514598875994
0.065455707838346
0.04159992585671962
0.07004001058137727
0.05837285608750204
0.19337138560736647
0.04156898378281196
0.05599110866019223
0.040647397422483404
0.04454617105537438
0.15091543545878963
0.03805868206706151
0.0229703641890936
0.028323030446374974
0.2522994008644537
0.015543713725049596
0.036467484727573614
0.028348040211910362
0.01417350501214365
0.0104567287672071
0.005736291808217488
0.011103228597527673
5.134035934519306E-4
0.0
0.0
0.0
0.0
0.0
0.0
0.0
0.0
0.0
0.0
0.0
0.0
0.0
0.0
0.0
0.0
0.0
0.0
0.0
0.0
0.0
0.0
0.0
0.0
0.0
0.0
0.0
0.0
0.0
0.0
0.0
0.4198102999866842
0.5437696821196669
0.4106948911247729
0.23609080235654278
0.41251672115417887
0.477770993449966
0.26974493161468766
0.30968781223801883
0.38118893751299077
0.404118628778654
0.2538412420025817
0.5106264760669076
0.25541926974145374
0.4736798790799197
0.4736798790799197
0.23034080262243006
0.2202922636610675
0.25477670288828996
0.28922142907895704
0.4046025415575865
0.4046025415575865
0.35002832010301244
0.14823763041529878
0.40897894780497823
0.22164970838968023
0.20907715968414922
0.26605846831050095
0.28971558619550475
0.262827200174394
0.23963959115207514
0.22871498562931045
0.1823258493702861
0.22247081374682326
0.36723355422914333
0.2374426649686157
0.3056947744992619
0.22910079844596246
0.30071843364229023
0.3010273853761457
0.19736559057232633
0.15325217920686365
0.24400365192136664
0.2662691302452045
0.36684127630702995
0.3587541322983099
0.3815164494889386
0.23706499357731808
0.19185592829811346
0.24764779321321603
0.18423666713023598
0.26849816977423785
0.22585227056934917
0.25282094349326784
0.2228750516114365
0.2619107607820292
0.24596865171103222
0.2845285994384909
0.25810563663290687
0.2449988811643464
0.20470731342307794
0.2660611769590882
0.24574676710512688
0.2277267375283859
0.3612235075345844
0.13891458671791349
0.21427561500528777
0.2317761257529196
0.2594794225285596
0.21558504623190797
0.1725305961699633
0.2549376532168569
0.11915883455343157
0.35592291883114135
0.2076587354132761
0.2188380798084967
0.2507474925786905
0.22207332155566162
0.1442076227944125
0.20817727776015715
0.2697939620685938
0.20955087046697532
0.2376156291979512
0.24229653738796103
0.17776797955897325
0.20698208696236065
0.24324762989580936
0.19036392994945572
0.12837276153265192
0.22960233056240567
0.2621708558617766
0.12673182577312148
0.1407917683866531
0.1973853060666649
0.21804614067947803
0.1584490648041233
0.10963363294905379
0.2710056086378243
0.2076849574015817
0.1849165499959446
0.1744255698668757
0.1744579898321352
0.13396122189931617
0.1960051232471574
0.18202161158823518
0.23318464863905702
0.17879110346087052
0.12484603033528263
0.11337913332590041
0.2102461729813895
0.24790135110465214
0.24199387950863727
0.17960083181077885
0.11506675715680167
0.1162889513305062
0.22051206274711227
0.0888549513436797
0.07492021339478865
0.12092694702046843
0.10796635380759205
0.0911747024106573
0.163700491985641
0.20512002902044818
0.080044169388635
0.18798821862676598
0.1997448658145488
0.16082300905503394
0.09963409908461282
0.22058436993157896
0.19770684584687997
0.15026210642388077
0.07570116885470295
0.16570840550598503
0.07186730714310002
0.15696953349706344
0.12978773136292204
0.16397441025214168
0.16852115162535658
0.13546258565855665
0.19297992445596746
0.09897649003375708
0.1421203510942258
0.1778824936179216
0.09968034951965599
0.1582914128042378
0.18335797185227576
0.16638082309239752
0.12423269065412607
0.1150941549512504
0.17983369816770728
0.16665883157176353
0.15152219833028896
0.12268858524193069
0.03715139820201274
0.1717945614654495
0.1629904245724157
0.09515369876745526
0.1187392122552131
0.22446266987261376
0.08046580699213356
0.03163342620197419
0.1256910941660512
0.1258248782476101
0.2640726511574916
0.1484303663173078
0.14029492185562126
0.18037020352966732
0.0872010477714948
0.20040728624562607
0.12175548860292902
0.13177153805737704
0.12248396960408724
0.18176312775110942
0.18176312775110942
0.06089306297036723
0.1673732235444146
0.1673732235444146
0.1673732235444146
0.18254251096654137
0.12155067131090637
0.11642686439890246
0.11542082530615408
0.05106232756411452
0.1578556552138843
0.1583303089751845
0.08778829600395939
0.12276508581153346
0.1380343083741829
0.1380343083741829
0.10706921268644333
0.11025408620390036
0.11629145094625985
0.056398584324971614
0.08490540190369408
0.1576824067783456
0.11805130113310298
0.12446095446199758
0.1194962603672684
0.11410528461249402
0.019651683507577497
0.07783463347730864
0.11406285400064199
0.07095320861034755
0.10039281887746855
0.024453985573758448
0.0486075632800097
0.04787727172771188
0.06981493092758383
0.04714666044555281
0.07866882689460689
0.03217829034932517
0.06341850407692119
0.07168404640855952
0.07248890147281126
0.08645521425544754
0.06840015548018405
0.057057990783079916
0.06720199265879181
0.014321314533548346
0.08862883130001054
0.0883885066632689
0.053285354826627204
0.08184820161393624
0.10666590481144664
0.05228669219232019
0.14928027931919868
0.05931951137119521
0.10090295830301171
0.0724299298435728
0.044891378878876086
0.043557749332238924
0.08564633738406914
0.042767952923461715
0.01302375779922899
0.04179380775046133
0.06870315068101793
0.0338683422154346
0.03303751626537596
0.031919320522375325
0.056777156238843204
0.07857234807512538
0.004743259549916398
0.0028696399204038697
0.0
0.0
0.0
0.0
0.0
0.0
0.0
0.0
0.0
0.0
0.0
0.0
0.0
0.0
0.0
0.0
0.0
0.0
0.0
0.0
0.0
0.0
0.0
0.0
0.0
0.0
0.0
0.0
0.0
0.0
0.0
0.0
0.0
0.0
0.0
0.0
0.0
0.0
0.0
0.0
0.0
0.0
0.0
0.0
0.0
0.0
0.0
0.0
0.0
0.0
0.0
0.0
0.0
0.5399446073177696
0.3610172627583053
0.5225084960918727
0.47110483151108556
0.2577307718171003
0.2295714700735827
0.26824692644690656
0.2779149128118125
0.22126998473172582
0.08962702006517129
0.2400207739983978
0.14800058656195683
0.2231026733495224
0.18767284158960276
0.17199977442855585
0.2370408859677265
0.07683993032144562
0.11958369535690053
0.16402675914659362
0.14971592818678567
0.16381595942143692
0.1469108596052176
0.13821393148313996
0.232419974390272
0.3450329163568521
0.08998919246814399
0.07010007330296807
0.22192817089843134
0.11473555839874756
0.07668526549808011
0.1126109060954177
0.2616774989120742
0.18040363982714874
0.1852710994359131
0.056048514846544245
0.12461537516897181
0.1625602124516257
0.2500136057269412
0.1374556163316665
0.1667450699842217
0.22887416772026664
0.0640255749646585
0.14819026484304976
0.27766940706894205
0.22596368045133702
0.08828977280274765
0.16185942606028686
0.16332895565665378
0.15528313677359548
0.07189020012099119
0.1664103029959372
0.08447050653065086
0.2238984032483608
0.17571502093992264
0.18637396132350276
0.09167229867599494
0.18009427528377298
0.17148222222499163
0.035750991066576664
0.07857256465037704
0.11573914286484968
0.19234374085342712
0.07427568630235035
0.05631832557527252
0.09031601547222923
0.09576180391751178
0.143618150061842
0.14286560462766862
0.10497223734948248
0.056287232452951565
0.08086366784177215
0.15336806386551655
0.1555049769217058
0.11605164906069088
0.05125173555085736
0.05766956419023639
0.07874008066757081
0.07732422783339023
0.13026636542313738
0.06429402268200422
0.09565848720924011
0.039642701952165564
0.11620214017143035
0.060219455947507265
0.20848331965819564
0.12729109220234877
0.1881056866721142
0.10339198935466137
0.08724502722823052
0.04514742551479049
0.057972192411249596
0.060342491255087866
0.04818033020096147
0.12971625241464432
0.11879145997398388
0.12274353790803824
0.15321707514244107
0.050442043363788824
0.06257807025572527
0.05330609507997678
0.09431790301429395
0.17797620263119393
0.15090690559354514
0.09830427071342035
0.21283302760334333
0.025676270143583618
0.042739495055734794
0.06788695484260736
0.10819421880199404
0.04051648542155887
0.03841587281096326
0.09636946971018172
0.10391874163312435
0.03845288041659605
0.07881452972814218
0.1132031995557747
0.022514187128997366
0.13321430672243567
0.07166903092520965
0.035524396419900926
0.03637537855563548
0.026308489548390684
0.037796796520324624
0.05144596026931108
0.06723654918162941
0.0485869018440058
0.045375339963040856
0.029261066785355838
0.048906399229221645
-0.006816920217393791
0.08573038797292624
0.033205277415266805
0.026989715182947998
0.023568423275750254
-0.005765442904679708
0.40228423675304165
0.34978809353627943
0.5466542947733237
0.43376528512699003
0.2865511453405236
0.4402140037646928
0.33651147420435956
0.3001262794164467
0.37444381390588705
0.3523007962096401
0.2985474413796928
0.34502221190973603
0.2335644440472639
0.3657454035168415
0.3526435305376494
0.24982310034027613
0.35601089986190115
0.28700925388340665
0.3323533017579688
0.2828107044691866
0.2016747168643032
0.25063044190537714
0.29094783694083454
0.29696034409878685
0.28083715352692723
0.2800266547697356
0.25516749343561096
0.22459961197130898
0.24104759833701203
0.24588793686336677
0.27458383601529696
0.2586297753488522
0.23505109282440695
0.20799250606651956
0.27165231544557034
0.22370795424991022
0.3210276907992858
0.25183326462700606
0.23211533195693418
0.3272702661265817
0.15493493534992253
0.3130031774388028
0.18435986630283593
0.13737899231275805
0.22249793275383786
0.13340365837300902
0.18938094249325346
0.2960298009883277
0.26770413922949815
0.20827518857196903
0.30129804224731743
0.21367265466370158
0.2126578218445766
0.1530673549986973
0.2919847440972552
0.2530837223065715
0.15954937652336182
0.2324376071701973
0.24388742308844197
0.301289425149999
0.2674265398164883
0.22653370666509604
0.31346313739594645
0.2612266258815971
0.17757382592831503
0.3075612063717148
0.19969440745308895
0.21089356253058852
0.14187684787525315
0.22213285904782237
0.21211342797149554
0.13119170773255906
0.244280669039383
0.07969618241466603
0.1522535363485926
0.15833059819434392
0.21684412287793264
0.12289111465272463
0.1936695323401493
0.1783810473160773
0.1947862242933162
0.20244925139347938
0.1587078064828832
0.2066602558015749
0.08883398674043211
0.1344114562308803
0.1067434786455758
0.09225372227772555
0.24559018381600187
0.27871130571119124
0.15575488401009008
0.2186019819459082
0.22711050988910902
0.1863634103438826
0.2129775934011534
0.08798891838791204
0.20118109938106835
0.2330353332371145
0.1604348808683621
0.1779634443355195
0.1855422906830628
0.1128348496883573
0.21676304148416614
0.10151524675500942
0.17261628093088202
0.22571167804195108
0.17505457855138534
0.1926310202826749
0.12975759096696543
0.1152259075681527
0.22839435270366415
0.2171310347505857
0.203506505824418
0.12683582198668622
0.1669936865837385
0.1617446064490887
0.11715884381829547
0.15677891091187257
0.1214739407626307
0.10351559239870767
0.17603417296061408
0.1874118485204901
0.16136981231971692
0.1521089615933023
0.20761193697641478
0.13148099638503344
0.1452521346998221
0.11657135634188474
0.14516633210453211
0.225345794504282
0.23148591354199116
0.16786670762031425
0.11363868679899562
0.16470635028119515
0.09243498811362925
0.1341236766138402
0.10217784047538923
0.10133951189801753
0.09835888414686457
0.10727946140570144
0.21151509541765412
0.18203567413739546
0.16273431678646702
0.07770027162952117
0.11666596308723495
0.06812856553714461
0.12692792388009447
0.07479168683290147
0.1734640312021274
0.13791830597245555
0.13666173760708158
0.09913512639811331
0.15231878048400457
0.10762752347662256
0.10196396148692408
0.1414223969051194
0.05573391736341992
0.1053606521093168
0.09730860061630808
0.08390400328116414
0.1008781316696159
0.08944455878439896
0.10947995294896791
0.11310579203791374
0.08217656143250933
0.10123433821439
0.06383881104795036
0.06087689968423631
0.08929714000059008
0.08002836938969399
0.0279025856092121
0.080978903620071
0.09017183690313413
0.04912942733418096
0.07301091424420995
0.05735952496148482
0.01578701840305123
0.03860708586762789
0.05961969903239515
0.06126161901631113
0.06304006636243673
0.0742503149803621
0.044763592830693456
0.08339398550254498
0.07128682498010261
0.03122083737844602
0.02382106111555794
1.741548339758564E-6
0.0
0.0
0.0
0.0
0.0
0.0
0.0
0.0
0.0
0.0
0.42872714241567833
0.38853688543521314
0.4369322993472774
0.4530719980402602
0.44767693866737596
0.5527618717501858
0.40435794476645864
0.423264989794733
0.5112775165551643
0.3571549588391061
0.40569887551763945
0.4056332694050338
0.23147143623193728
0.40460189895587145
0.3853039325105394
0.2926596277970581
0.39007300293731106
0.35567611824896406
0.4590048896450478
0.30393099696872855
0.29909017741779687
0.40480856419910805
0.36113550360826124
0.4336850856390049
0.405885024908167
0.3100456667622448
0.41625352623528195
0.45725428877554575
0.34903732615561767
0.3383669558589139
0.3052919840416868
0.37296889420346907
0.1528879015060005
0.20425301158818016
0.37091393973023923
0.3823269199998506
0.20255888349030562
0.16877895717820796
0.3372408417736659
0.3148889801860099
0.36167599948389
0.19934075499047887
0.2834025537188471
0.27997023058533216
0.16743548808276518
0.30295796006535586
0.25958339204140135
0.33897332947672215
0.2555284557017328
0.15226273276953722
0.2599243455564039
0.31812932182065784
0.22385138415136063
0.2829748047689893
0.14548776237840674
0.13665742757407578
0.1419930555912201
0.1312548741648313
0.2648916118359957
0.229282273227699
0.10583672055086528
0.08876650729234865
0.15096641006254344
0.2380936628895422
0.19098035490712584
0.22442845178949095
0.1336897050721203
0.18840036201287366
0.30633299583597384
0.20309065593824857
0.1425293921571269
0.20539317682674332
0.1906154323373174
0.2181170210000193
0.19095906004627022
0.22205818812116007
0.200462559972585
0.1586636748194864
0.3352107724054383
0.17418178307926888
0.2620171486786941
0.2620171486786941
0.2620171486786941
0.1959409366389045
0.12976737600740215
0.24089876196861038
0.24089876196861038
0.24089876196861038
0.18804328998564906
0.2119216955246199
0.13508433902994582
0.19277801195790958
0.13952953783726502
0.16227718618882014
0.07349726269397168
0.08611060698893341
0.12192166139647258
0.09027201664778456
0.08763218607083109
0.0627531002934269
0.15197524829404502
0.1911429150804226
0.1585579409648193
0.07783639418396011
0.15870576908510578
0.10613947857952465
0.14331445775348797
0.07072385154696263
0.09291184244313572
0.13047613665935937
0.09162209765271494
0.06863824995552342
0.09626087575388367
0.07862680866614268
0.11369333179523937
0.07068291375166348
0.19959845865735096
0.07027252445706614
0.06066904875060263
0.08141268297763926
0.08835897175423779
0.11748766039423808
0.05704411372650401
0.08584398730505255
0.05545821722693113
0.05545288034484726
0.10359445852761312
0.0175696926662248
0.03739290907477959
0.10811176149728216
0.08554489684787141
0.033892865770884045
0.12508552723601554
0.12508552723601554
0.09130689802552068
0.09130689802552068
0.024638345675344335
0.03124119606553117
0.03579321877521839
0.018375135657958206
0.006779646885384168
0.019154892232999432
0.02724546325494956
0.0
0.0
0.0
0.0
0.4441548494787074
0.31811059000397146
0.32294158945623735
0.15714795918953994
0.3019601032062085
0.25951332619877227
0.30302646950052153
0.1645075141673682
0.5031377472049529
0.2585910346399295
0.5182067208168949
0.3114108763657853
0.3559303446670768
0.2444866160773588
0.40774670168051225
0.40774670168051225
0.2865342171482946
0.3538678760502808
0.3538678760502808
0.3538678760502808
0.3538678760502808
0.3538678760502808
0.3538678760502808
0.25509602848588
0.29527479753941566
0.31918450547909494
0.31918450547909494
0.31918450547909494
0.31918450547909494
0.31918450547909494
0.31918450547909494
0.31918450547909494
0.31918450547909494
0.31918450547909494
0.31918450547909494
0.2937068782476646
0.2937068782476646
0.2937068782476646
0.2937068782476646
0.3519997167150048
0.27348473979536914
0.27348473979536914
0.27348437658480285
0.27348473979536914
0.27348473979536914
0.27348473979536914
0.27348473979536914
0.34867913667567196
0.48617262892821306
0.3211736988293755
0.2484375145009047
0.2566041297017515
0.2566041297017515
0.28724430730107564
0.24201210741160087
0.24201210741160087
0.24201210741160087
0.24201210741160087
0.28558239514134753
0.31721679786682955
0.2847617368290709
0.2290737718286724
0.267035037207372
0.24900611906740883
0.2880481604548639
0.21738263002991542
0.3371244220365777
0.2740802290638174
0.20666361211387327
0.2745040860600044
0.1950681338507908
0.24217105205733844
0.2567795285115252
0.1608241987767743
0.13738287291353515
0.2527101405025881
0.20167219296931696
0.22217316905213677
0.24114939275102168
0.3158900716151136
0.22502598362063614
0.31402568385072366
0.22322321744841508
0.28603050247897843
0.11973331248406527
0.2163462176148
0.21634629648429438
0.2474934025289794
0.23270725422494937
0.2705285245430423
0.21178094956809115
0.1794205778656937
0.2644926097252714
0.17847367903118955
0.2444070735691666
0.20019394308945543
0.22508640656532153
0.20875987923077782
0.2819737867944007
0.19561332016863733
0.15380353547848907
0.2147181829488881
0.0812158042716513
0.07854274469681143
0.21669497943560548
0.06064591006815435
0.1164799667039312
0.050416485796003455
0.1793918332500281
0.10735491970543443
0.0
0.0
0.0
0.0
0.0
0.0
0.0
0.0
0.0
0.0
0.0
0.0
0.0
0.0
0.0
0.0
0.0
0.0
0.0
0.0
0.0
0.5371724007953985
0.5162264534207919
0.47165298764019364
0.5254720198264109
0.43926968421428625
0.4897935709009834
0.4897935709009834
0.39799539014508734
0.3533615452052145
0.4003442918917102
0.3329735969325089
0.31751036193041465
0.23728297719908337
0.4136289758489999
0.22996988950848915
0.37485064534326507
0.2724644214836738
0.3047958482281195
0.2526997773916273
0.3167368737289542
0.34632459794957
0.4650020288307915
0.3736711880457068
0.3226354868772725
0.38721133176859857
0.34663002073968846
0.2753979169515285
0.3185989457044886
0.31018434182110705
0.33029716201959497
0.2725017609577743
0.1605590162015425
0.3454173322883428
0.2796829602556321
0.30846400420657655
0.29501321148488524
0.27165349166617886
0.29397843234256893
0.2910746554030563
0.2938254743996799
0.2558193689930927
0.28031841446059236
0.14262709933839338
0.27540945854068455
0.299593360931165
0.28591661247363137
0.1703953857835827
0.2761939026029579
0.2958289336090721
0.2321768231482396
0.1422415449179981
0.2918435706083146
0.24860319222119273
0.11666543164929778
0.34456375661404826
0.11303368675949814
0.09561514657896628
0.1077652612907254
0.10394030469968023
0.15749645141672972
0.19008945651940926
0.03777634323094407
0.06158705213532105
0.08168740179051724
0.08586273848397835
2.4613433894609E-4
0.0
0.0
0.0
0.0
0.0
0.0
0.0
0.3927917935094458
0.3463793061584701
0.4161855551150051
0.4711143810464549
0.39290759677459564
0.3629149428162641
0.34552348900085494
0.15979058903126825
0.3840103109644609
0.4169566044809046
0.3411045892293802
0.20231383021498545
0.34002812975893254
0.39463370912861423
0.3392913862060415
0.30741473083615384
0.3724032932121348
0.3427135190431151
0.32158528825182836
0.36496361038653424
0.25233311365342687
0.2777022715630658
0.2581064531770232
0.34582298279255025
0.2959033801470279
0.2292610145480153
0.2997500084355276
0.3383255170308461
0.38732445252862807
0.47025440613502245
0.3153881225293384
0.37507118225139824
0.37507118225139824
0.3262581829689081
0.30937950087978
0.27831580703503117
0.27225181629172013
0.2589623939041248
0.1920014625201091
0.14353729100238846
0.1892936906183594
0.1421107504917809
0.2802286607218806
0.1916917535107106
0.1749031042668921
0.07323910828754499
0.14548379706768086
0.17126299925079552
0.1376508379619005
0.32071468293145616
0.26272138880577517
0.1484637908927839
0.15906421138719495
0.13658949963693967
0.0989042992164276
0.16661854314594876
0.14795720949856042
0.06975556033482551
0.12379876722584054
0.2120053076282144
0.14117975416732007
0.1498786620068984
0.19529887965718973
0.17245697118340647
0.1245912974328602
0.07585071867590314
0.13885855251783075
0.10533279493395024
0.12986767537799712
0.07388334730562433
0.15249453147830566
0.14787674517706811
0.12696027153650527
0.0871275684699226
0.12228900020608748
0.1317388795581994
0.1563193713178153
0.09772854251197144
0.152664563867673
0.12260523467811438
0.09950803625361519
0.13688767683733946
0.14195083197987976
0.09999909653112782
0.05293202371082049
0.057419489248762966
0.07907785881752118
0.119953177582437
0.19849713393904914
0.09566391299804332
0.10810111896954512
0.11377271767294926
0.06012570731154361
0.08065510335909837
0.14882284720376654
0.08707932219546947
0.0559777528464926
0.06477349396295182
0.25023179356204817
0.23193334387801445
0.10315434252583719
0.041462961833811506
0.06624282113219437
0.08367977345113173
0.033871939527776944
0.03021200869209325
0.0824495827061172
0.06168662339632589
0.06534818264263408
0.04494507107403742
0.03677632367964899
0.03361616207577367
0.03749886110489809
0.03124732897117902
0.03715507564865554
0.08294269007691488
0.03401322768068791
0.0380816957282968
0.018875058037207206
0.028175127412696444
0.023713002154259404
0.02334790153343655
0.025187570594508858
0.0754784085182907
0.02131646683054865
0.031866815592062
0.019553537548940802
0.03061309095344837
0.0272390500373944
0.02300101263702189
0.020695728612151954
0.028629750759636478
0.027422388593901996
0.024628942213532266
0.056004097944234124
0.01645434361694616
0.02171872941449728
0.020738127002027637
0.003990380634211536
0.0528728700445414
0.01846399984944587
0.018647272233144423
0.01767082000395602
0.01798685112552278
0.018271687718388028
1.2919422904766938E-4
0.0
0.0
0.23316429244995818
0.5075734250083925
0.3849144949409163
0.19356021571595705
0.3327624783831631
0.4193996160065139
0.3562401785311181
0.3782741886880022
0.4360661393210867
0.3093732556826285
0.2634804201702798
0.3283452470945981
0.37016144486590674
0.25401579710914346
0.15768208058339392
0.40301738920744395
0.24198571189590434
0.3304539965789742
0.35624004635428796
0.39868158421268446
0.39868158421268446
0.23520912925283566
0.25463330953602703
0.17612081362721296
0.3087898565960159
0.3400456883862345
0.3400456883862345
0.34484674469251075
0.3355201059311602
0.21780688309421684
0.24061491605998353
0.33728850120278203
0.1461852569689411
0.2508677770775627
0.14885723510953272
0.24444392207603358
0.13902348622065777
0.33762335215832345
0.24512865773247058
0.3175662791002463
0.14465983899567642
0.3011112191479621
0.20197932332902918
0.14580696226828976
0.2227004769767954
0.27178115947925274
0.13272415398012283
0.19700203243249761
0.22105845049075154
0.13574925401255422
0.13963406977657752
0.16868733313360554
0.2654547918612546
0.2041710544885056
0.23772683721455565
0.21078641479190982
0.20189454346798263
0.2755955451948544
0.1942205614091688
0.1850349483204239
0.11996814177105702
0.1881759975695493
0.1300129502297132
0.14484607959090853
0.1474505744012299
0.1762048879073464
0.17172977358634106
0.11987994883754323
0.12351319651550853
0.12165435817668051
0.08316074602836494
0.13320294931255258
0.15286909595552653
0.14220004451379625
0.07580331749282014
0.07113796250705388
0.1580823213792299
0.0988517766325121
0.16995043214905878
0.12287763690612646
0.13029120482108433
0.14384233880381106
0.06930491502877349
0.1224717339647307
0.14443654240427775
0.0868582444995783
0.08710487981646771
0.0965071445685172
0.05961922756984752
0.05692947966145851
0.1229213095360146
0.123923895585466
0.04665530105842012
0.15501127020163025
0.05314332304003956
0.05208354862224916
0.04302419966568135
0.02818172530249827
0.13098938920820177
0.12183656821484344
0.02752833368194704
0.11104335451652561
0.036960257742054574
0.03711244351185598
0.034791007710645985
0.04217948308567994
0.033228808554941425
0.052620633781670784
0.03522727005830523
0.034843847999650804
0.05128679305193891
0.01573696390078633
0.06380431905755503
0.002005930941001141
0.0
0.0
0.0
0.0
0.0
0.0
0.0
0.0
0.0
0.0
0.0
0.0
0.0
0.0
0.0
0.4439384603909729
0.5035843138509424
0.3945076149831575
0.4210329429939859
0.42563738603037027
0.4380426877036202
0.48684811265787004
0.4434855734721597
0.41354768597926533
0.34966074765414734
0.40962691117369315
0.4106557758332075
0.4190453435294306
0.3973412257454549
0.37780544619284906
0.4228978740722519
0.41447001748947687
0.4623234847783396
0.4221417027734744
0.42013244320972476
0.4122735023584578
0.3947661004539179
0.33449057170608254
0.3131712281879576
0.40829221358361995
0.24951056358093415
0.17346229968347765
0.354131673701356
0.38379151557973235
0.4640237913175821
0.19056337944350596
0.4906524300225913
0.410437174532095
0.35024790939803674
0.3898381810154335
0.2967464078708349
0.2957430904218586
0.45474535839475005
0.1677162269308369
0.4171254846505449
0.4135517505679744
0.3545687216925019
0.38273359563371906
0.409194318832409
0.3420138211234381
0.31782045512908125
0.40522344608460403
0.41782643073839615
0.3490082782934171
0.34881287746791223
0.3428333649764035
0.33128443008046354
0.17071583594175602
0.3351559961445571
0.4112853805956022
0.33365417113205076
0.198689152568811
0.37018169311826427
0.3133476066594566
0.43416209100458775
0.3438593274010574
0.3802317757484608
0.36505115554722084
0.3336598776320738
0.38998504638575676
0.34371420072353703
0.3284578010651808
0.16769091346483095
0.3248328646398211
0.24967313082905548
0.13535750196105545
0.3687446866423826
0.3026367184890092
0.2965617489009705
0.34742998365956673
0.14484089450392398
0.3583865907967469
0.34392003249592057
0.18918122804011295
0.33983856024711284
0.21773084433238854
0.19094217424644444
0.27536833729339205
0.36285433680458323
0.39871659798119374
0.3603375034263646
0.31787581556932615
0.1883021067460883
0.29834126298326474
0.35226783751348745
0.3569156241241259
0.3485018940997489
0.2529985740177084
0.32402326742075405
0.15123060055953047
0.2268761618571437
0.34123475497953754
0.18673868388074358
0.32532684628284564
0.3288302562243125
0.159552157093051
0.2663145695353524
0.28463513651678446
0.3250645944243337
0.22107225636399655
0.1346694068459124
0.159178886716333
0.25544993091207674
0.4028653980729813
0.15718261529119631
0.1975370049932037
0.28741288551117294
0.31951992409367835
0.33194263669150753
0.27557756404271305
0.17211377695865562
0.19642069833429235
0.14757215677015578
0.2034365340818688
0.13561478060402993
0.22191933917142564
0.11603448173718547
0.22040990667293012
0.1959184912498364
0.2631006092412321
0.1290252625631226
0.15421071015569232
0.16211161227805612
0.21266818292141818
0.1808948790617106
0.1609476030335077
0.18812182873369748
0.13120240401314417
0.12160246349392989
0.216549946898407
0.1459169498012597
0.2064595906572301
0.12828147541033472
0.19983705242942967
0.1907258882644728
0.3083261754258528
0.21071891148335165
0.1714156548737947
0.11700336861930861
0.23331990827752455
0.12204097996546712
0.3102263907963692
0.1659386600462373
0.17885493303542876
0.1151013902561069
0.11976971347212981
0.10227655645425829
0.10541274718247799
0.10697133299128195
0.23998841452279424
0.2327204848670544
0.09873584499269118
0.09572608458166344
0.11980857362949672
0.09300575562150273
0.12975446596155002
0.0912852575339484
0.17834325494167472
0.2692277115493205
0.07174876244439544
0.05564012843204732
0.07052751450524034
0.12634702518239874
0.038225176519645854
0.03651100600446966
0.004967859226385376
0.005468616202304697
0.001153940197199846
0.0
0.3522520928069223
0.37504451209974315
0.3275807409565082
0.4131899448204773
0.40091721406257985
0.18581388874649382
0.30877492306395316
0.3173548921686275
0.32736831263251687
0.48749322222841285
0.4530465288242009
0.28808216397470715
0.38202650714437675
0.15454863488476772
0.491552803152632
0.18631283905566973
0.3661392892951492
0.3282133581512545
0.41192893702373823
0.23881462976787252
0.20744724442808604
0.3547542393296475
0.19825503208953332
0.34596037442178884
0.33995335248427483
0.16185169502550317
0.28859201301394233
0.14902185416917732
0.23934945748434844
0.3011383113176858
0.4264528268552902
0.35070123916180496
0.174406104041197
0.47982918806217517
0.22998815347017665
0.33644277313311055
0.3354164015688213
0.2322685790377842
0.217794814881768
0.3457028875972419
0.35259858214990214
0.4234130960446279
0.12203953545982871
0.2672670994412339
0.224011783487934
0.15786261769380178
0.31848331411207254
0.25359810979621783
0.10073937482454598
0.25449848503573197
0.2832692548071271
0.30694894029674624
0.2550560759147609
0.1607773106271421
0.1369834981081919
0.2853147446138895
0.3347468635240938
0.2975343206805152
0.29980134610236037
0.25734792260319733
0.1592312636805632
0.2580314226205257
0.25786112481885426
0.15408567580649965
0.15179638677507618
0.1905477199518016
0.2281291375407299
0.2642514294070885
0.1598720756169262
0.128858678716402
0.14093680209328627
0.12310107645027511
0.26633054574196774
0.15967519094853286
0.13940526141423407
0.18100767975957768
0.2188016510863292
0.1930029607309757
0.19718354764987256
0.2618400821936153
0.13828191480933302
0.17477733727689865
0.17546424759044518
0.21892405609221785
0.12211330530266662
0.11159423365479651
0.1589073894794905
0.2327769329571755
0.17268013609987692
0.20087473415844775
0.1493950143622555
0.106800606912877
0.13710139105793795
0.24809018647831793
0.23935719720628518
0.11782334199184279
0.08970668226798771
0.21285278700632754
0.1011802726634104
0.23129963425349567
0.20875145798494626
0.1775895675492589
0.2538311388029803
0.1372861566667877
0.09711679114883791
0.217634093760834
0.12258872623574012
0.20230129312208733
0.3434363096188426
0.08283733840059629
0.13658625728400028
0.1239308421201422
0.09375061883617426
0.17587947774311688
0.2247816612795346
0.1461993077874064
0.11982213627640964
0.1627791645889168
0.08714331814189256
0.10405616128693931
0.16461982184504775
0.0806195218769586
0.09049703279785572
0.1342693691840446
0.17209735685043615
0.17854678045209665
0.0923500782219172
0.2507827669647721
0.0797238695061408
0.088850483040376
0.11950833202151886
0.07845565778128367
0.14706813152793055
0.06868879861936093
0.13639602812366455
0.07148965219301617
0.21493345994378532
0.13011807728761968
0.03270278146797775
0.0711151205874776
0.039303624163660046
0.08837224659841958
0.08309514843870502
0.092045399520933
0.04909990810357943
0.047467939481059936
0.04255853520800898
0.03445445643604818
-3.484234636416987E-4
0.2035626843834564
0.2603863326493633
0.32221776309537686
0.4512213977418913
0.3264267968301031
0.3716711360672305
0.26030188243318475
0.36531365650153824
0.24429167075648986
0.3468133522516443
0.2828290168324854
0.2257252983429857
0.37774228814080296
0.38672854508661764
0.487063696022705
0.51426685920844
0.3561961403263785
0.23959317231758484
0.28291184438118433
0.3786949618698036
0.2726929039077366
0.2891650183049382
0.34859776543037124
0.37777301783840156
0.2641629539465364
0.3456893743068191
0.2686516986433289
0.4846391890102368
0.2638330378632541
0.32938628091570193
0.303218848644696
0.3253410681133994
0.24034763243015542
0.31812004705226277
0.3082311513233096
0.2929609880692774
0.2929862962788512
0.22304600272222902
0.1749797241111761
0.14316319463441685
0.2661334350996428
0.3967587058869102
0.31987915490825886
0.37365474975013596
0.34003403423841183
0.37795976145583016
0.2853918252674154
0.29020051957792775
0.296340783057135
0.3000349844139633
0.3387605999303614
0.2848967543664358
0.21870444558503158
0.14031344014506705
0.23995867872525847
0.2798727297360788
0.38618297859206113
0.24251469286735408
0.21402584780788725
0.26569566703263603
0.4745830397555649
0.22724840968453888
0.27749640432063427
0.3537159227221094
0.33917994913673843
0.2159478048383826
0.22203195590887834
0.2803579240703739
0.2205210771596415
0.35478126357404877
0.3410868103248781
0.26139225910623015
0.39961245785072985
0.28358176314136607
0.21835942720455714
0.16380980950314963
0.23426037177920075
0.19664869409041605
0.2748417859723707
0.2834059582979378
0.21866203642124282
0.19343319856260507
0.21861888823469547
0.23834410394109465
0.2799395764886493
0.25923893285883454
0.22391042504622624
0.25994220803963525
0.20620147789668844
0.1853345476982689
0.30925672716511976
0.1310788561664258
0.2483506803367793
0.2220951572425583
0.2499835758386659
0.13756436163140312
0.23104756253184403
0.2583455391063641
0.15064899075167298
0.2669229990997882
0.20027958338361423
0.3171656061998108
0.21098759693183852
0.1592804288221542
0.20976882009828807
0.27623725655267345
0.20848857202319893
0.17519265741093162
0.23662508068022708
0.27096184206388574
0.1488702088853912
0.31303457296863874
0.2513325557627728
0.3110421535876503
0.30458244223004904
0.15798453410361735
0.14651624393401777
0.29133519065817237
0.20427698512652093
0.15301100299656867
0.2034561040761609
0.20184833291844267
0.24632634319922625
0.23180243936656628
0.16972958166747382
0.21836538514991202
0.18037951802376206
0.18276774974363105
0.13271812767139518
0.18028282195872453
0.2795138229366271
0.22089743984341223
0.2632569964311388
0.342509461263909
0.29230889720445713
0.22905558673164866
0.30827503109217635
0.18922357937751236
0.17537073610878648
0.276601176992486
0.22305707471054442
0.25594253646998766
0.16305216209258827
0.29319500083516065
0.36371612549997334
0.31160402286252975
0.32927380917690474
0.1668123637820044
0.180040150021762
0.2160183704968395
0.27017116834861965
0.2139957996471069
0.1851056694906279
0.1445524245476552
0.12145691687093944
0.1789714423317819
0.09369967350117415
0.09413057105224712
0.1629514458400041
0.18125031201640068
0.11491160382457508
0.19605469538634945
0.17774300888192562
0.22776580773976038
0.20725371233984904
0.19174041942998238
0.11778400341201976
0.18595320204429677
0.17666369083000166
0.17973747245918906
0.1556679334090158
0.16597005656238478
0.20765722242493972
0.16705778783583147
0.09312092811476949
0.0990567121643543
0.14255507040675763
0.16674944800284122
0.11396271802439875
0.14890913458858854
0.2290929305695356
0.06342114152166368
0.17319222746499643
0.16816268534139187
0.23328965201981985
0.0929604154493696
0.1226059883035836
0.07697251641355551
0.17643006758812602
0.11628907463483558
0.12861461667799828
0.22244282334328502
0.1094227067362645
0.16523961606992715
0.16296128353403033
0.1575118655664289
0.07729187006784895
0.2340680495539416
0.1021372921149602
0.07635053660638194
0.15652319387353555
0.10314775040682256
0.13794560482323923
0.2044268331213646
0.05404667784456116
0.05335246240069
0.18615847257759371
0.18615847257759371
0.18615847257759371
0.17272214589155624
0.17272214589155624
0.1475374305625776
0.16225892444550383
0.16225892444550383
0.15376780131146156
0.15376780131146156
0.10664482734198195
0.14055553422890202
0.14055553422890202
0.17808121294216328
0.18398590329132544
0.18398590329132544
0.20027832746106314
0.13046955600746607
0.1603534252515832
0.15196104383924872
0.14493355193141083
0.1330518518987402
0.048750043042605745
0.039784440042927034
0.12509115339275437
0.037041655812716026
0.08414985718045578
0.053235922031849146
0.0865808472277888
0.047120653999595995
0.08954683583468824
0.028991220378038224
0.05359579052461884
0.08385378432739783
0.04191074938234364
0.03326582391164041
0.029437998208517505
0.028788507648637798
0.026403494725486667
0.025575116926673164
0.005430227500552108
0.003174453112015351
0.001166921334190956
-3.5666427466786107E-4
-3.5666427466786107E-4
-3.5666427466786107E-4
-3.5666427466786107E-4
-3.5666427466786107E-4
-3.5666427466786107E-4
-3.5666427466786107E-4
-3.5666427466786107E-4
-3.5666427466786107E-4
0.5239837617182838
0.4967542627313242
0.38521197986904104
0.35840352153576094
0.4322873090044687
0.4982634343875255
0.289710500815902
0.38410827544704323
0.42655158080337924
0.30026153583035453
0.33058802237520024
0.38600344515783647
0.22359938307524563
0.38928203210352674
0.2128474220064117
0.15315692838739617
0.29518028587198625
0.24561205547230644
0.4106898156821592
0.45261341590668774
0.2509325751588911
0.37262239620165527
0.36938076678672804
0.27530931248838786
0.35018237040587896
0.27085635266576913
0.384871164838783
0.27355541906398806
0.21933946869453574
0.2587594303879679
0.24460999926985952
0.17943663336772964
0.14675909071393817
0.2370785904413712
0.2764118372509994
0.3056420593697102
0.28181679916242913
0.28181679916242913
0.24480054106905688
0.17103943185199677
0.18182457763996016
0.28619057927033514
0.23179649666117433
0.22284831898863355
0.26411329808786616
0.36962811905165577
0.18845221181746813
0.22787653487891513
0.2548334080981908
0.17905732922666906
0.2817839999632201
0.22613105142504408
0.20019958589480763
0.2463050789940391
0.25273127819000285
0.1992705821343166
0.25398836741308944
0.26089665814342045
0.15580463594627528
0.22958422112378798
0.18687741963358379
0.34332052709465793
0.17381013558780523
0.19295426111333575
0.12723768736301416
0.15631424063957092
0.18260175193837105
0.3574764316536506
0.32752803666573677
0.32752803666573677
0.18123165648426584
0.2779957805690094
0.23810803486905074
0.23693201082518484
0.17624573854504527
0.2202652986541237
0.25241199069605635
0.18160631505774436
0.11964308613776228
0.18635393875888714
0.31869686369791134
0.26871574961584316
0.21663419713913512
0.13042283557390433
0.18090647257289852
0.2640607762100307
0.13609523288405895
0.20038705076855773
0.14927888143905502
0.19475876756569127
0.20151434816447183
0.16138349408236663
0.1805757481057684
0.1832407808686399
0.18052046286221932
0.23408036846393454
0.18295670008402087
0.2216162020896549
0.10507323224992621
0.17944994282701346
0.17403792259406264
0.11333481094276697
0.20529791477332715
0.15857480136610164
0.18504058035202028
0.11139474375168609
0.15673978630404836
0.21281820447013025
0.11385893806295559
0.12116812491596408
0.15150039587648803
0.17314657888070653
0.13459482985030619
0.12029363008582271
0.06813729685396357
0.21037719250551568
0.3031901724480303
0.18114890203177145
0.27081144596646395
0.1942223115888267
0.10921953655593836
0.19603663175786065
0.07271631207855948
0.1504931905437265
0.10028908267004791
0.20906610323718178
0.13980145756496382
0.17316512543012777
0.11904627136796071
0.11319516774391557
0.15365487784621337
0.18466835119811842
0.13269772950606798
0.16100909083753834
0.16637979624317673
0.04936374929273765
0.09531047390339577
0.1287567097021289
0.08710031135895942
0.05268930544260127
0.05019946398626737
0.07566129616150732
0.07323186606433701
0.0689181551018844
0.15900953457890485
0.049798463549175186
0.05103970322566814
0.20582435923571488
0.06024866809231634
0.2826351884054841
0.2152754353756487
0.13825169244131388
0.14806545616208347
0.01232376086206897
0.35935963240475927
0.17478267089425176
0.11603130182707083
0.21438346612538106
0.1698054242067282
0.09730823949134022
0.01886800361372412
0.019320615605559574
0.01959812385109202
0.132282313580752
0.015526027546220567
0.09375056339486487
0.012923081582857874
0.08289531853537667
0.010506076323618427
0.08534923357656453
0.006872990523047025
0.0034135600808767636
8.106034679305815E-4
4.4794950789865185E-4
-6.534988699011646E-5
-0.0016106466807560016
0.06062169912791305
-0.002771514443057819
0.0
0.0
0.0
0.0
0.0
0.0
0.0
0.0
0.0
0.0
0.0
0.0
0.0
0.0
0.0
0.0
0.0
0.0
0.0
0.0
0.0
0.0
0.0
0.0
0.0
0.0
0.0
0.33821523900243816
0.36947578285519467
0.347631336802906
0.421032243767976
0.44044978382568795
0.511090958266646
0.364535127950369
0.5125642651036948
0.2526592447274192
0.17293650373015715
0.3567183573917223
0.38980357032412305
0.2887230683525869
0.2105402565090496
0.32548163793862794
0.2999804895767664
0.39088021923514416
0.3602728583728803
0.24583291958540554
0.35586073658224016
0.2913025638615349
0.3114467496604586
0.3820458989773979
0.16734742229482064
0.2768329217770003
0.2480034947688414
0.31418350077161306
0.30974067843546266
0.4381506541122142
0.37933765479577514
0.32261443321958644
0.12472191419934738
0.2420796246727812
0.38510766016903053
0.3614477558521747
0.17875902517696982
0.25616181404355576
0.2784916373973247
0.30647374193440163
0.2625120132789863
0.31702783255680955
0.28980439877992015
0.24005541858850277
0.29824930985634995
0.19738211368979927
0.21460047587274153
0.12118228668673016
0.21061463807218997
0.1455213011792398
0.43738582908920426
0.43738582908920426
0.14998530873307622
0.3299220564869297
0.39946765788279254
0.39946765788279254
0.39946765788279254
0.39946765788279254
0.37164617629612323
0.37164617629612323
0.37164617629612323
0.37164617629612323
0.14807043610638354
0.20037955253987388
0.14227347573300822
0.19250008341302505
0.2633891137259901
0.3062874693429047
0.14426348234849853
0.23890850713825906
0.2031138502012764
0.10239383931807627
0.2653728840162044
0.10212930205202074
0.2563365416886582
0.19659779407261344
0.1421774341551969
0.12056408785485659
0.13137871333156545
0.2619771818862321
0.18036902017797843
0.3152381352760524
0.2137350484551575
0.27684237712968274
0.11913570871131551
0.1149064499691626
0.16634649870518142
0.2619826648057323
0.21674311264993892
0.20233706715553632
0.24142315448498158
0.14668477861648174
0.20311938561220277
0.14054269791119434
0.2483362380870481
0.08043132897078904
0.15623051348873992
0.1106980382827011
0.1118191998915466
0.10211251149254504
0.16453026943617163
0.1010984134714235
0.1025319550128262
0.2409043813885315
0.3215333939532966
0.23773015659492974
0.18025401235308625
0.16996686009664003
0.2610528316899685
0.1906167875593421
0.13494412310811874
0.1290251923092126
0.19055672504928478
0.14274632903043555
0.11031866364483967
0.07508919565302877
0.09830490594765472
0.10454224948136524
0.21195462543479887
0.10715960662084191
0.1271029699668599
0.18341045672823597
0.07989073925822388
0.1857258447083995
0.1857258447083995
0.055781996982183314
0.14956423338649089
0.1781404493783987
0.09258398303507517
0.0935318173120192
0.14483212183125166
0.267091613151567
0.1200449604547137
0.10209139187160862
0.027610988413143522
0.02505455592381476
-0.0010429432785955474
0.018810369869406256
0.07674347361133749
0.0733804562609913
0.0804367554097663
0.030696888945064896
0.03998704197444911
0.18277736030318997
0.157095773702525
0.157095773702525
0.05352713849387936
0.04181578677546015
0.12716463616437565
0.12716463616437565
0.12716463616437565
0.09185795101764181
0.0762813098872517
0.08714133786722625
0.012172325195668245
0.04345887308298016
0.0689379574618529
0.028916045426759605
0.038270512183226
0.024904884567575034
0.0
0.0
0.0
0.0
0.5227784390475714
0.5066467341226569
0.40170903634521266
0.25447119737920915
0.356331739233903
0.33925586748595477
0.3483538454943634
0.3810833905664631
0.31346752584740806
0.2943448105681971
0.29633761582632107
0.1806266712183897
0.22320126109542582
0.25441028862088494
0.2563837153101979
0.2653744382480604
0.24898634058659927
0.18555388581227628
0.2797713729470878
0.2803426659268398
0.2434894756064727
0.2364330131934315
0.28534870267772305
0.27685208044292464
0.2959079672279554
0.2581789780130717
0.1589286885928564
0.2361320504298816
0.12042181361406988
0.26070683319908594
0.263081338400782
0.2727220166468973
0.22117153533035586
0.23460864852750254
0.29943035998307516
0.21035085134778564
0.10707013678652777
0.2715429255284256
0.3303911165595416
0.3819732147943071
0.27775851230161835
0.24587757689236475
0.20806289247387946
0.2256647128719592
0.13622846117058013
0.237002695731259
0.2368147040530403
0.21876366974944372
0.3071916721534738
0.31128536981035126
0.09241987743341795
0.1861356658210248
0.1469226803524258
0.19326219157963095
0.156256384202684
0.2711327275403341
0.15146871949027338
0.1451479667952358
0.25423882114433355
0.13594516144987506
0.1635961399360184
0.12092365901893831
0.14593866239244813
0.17757924740731795
0.12922855431929534
0.20859280311159945
0.12863267766997677
0.23564599837965733
0.09780582313661415
0.17191134421330118
0.15675955177739107
0.19280287083972647
0.1003220657980095
0.1759852712324674
0.3124970157200091
0.08062623345263126
0.07945561530009661
0.2544611459304265
0.1444517112397673
0.12269245792986001
0.13528179788235428
0.12017706211795451
0.21592575941995001
0.12868029239964163
0.21007657835879778
0.24925485349244347
0.07494106340650616
0.2599892173678492
0.16107642980539066
0.10745837268001225
0.1279149233796694
0.17409211945031686
0.09311283022582731
0.06955531246424691
0.22250507421000185
0.22809044639194498
0.0743451803231948
0.010146189314434841
0.2486379414867585
0.20713006222747035
0.20713006222747035
0.08997679590010316
0.15283241914413548
0.19157941571982645
0.08151370783749924
0.17941697478189608
0.11083196211697373
0.16889273260392634
0.16953673637371275
0.14002074105368967
0.16127618060990764
0.15778795127246062
0.08723563203677517
0.1231795285800362
0.20094382211363984
0.08404029586573497
0.09757170893926118
0.10121398941607115
0.06357631534405353
0.027477855969172637
0.04493033423488974
0.04281369806908457
0.1895302787787356
0.15472381325558895
0.10972769113213617
0.13391362617988234
0.034332157009763074
0.11277626487265299
0.03090960214617956
0.0938863575914349
0.15284452233703744
0.06035466080169371
0.027384838693574606
0.0522931353761825
0.04757150087709686
0.1619896187150605
0.03228267884463023
0.027284268310052158
0.08845341049420505
0.01517450265026193
0.0049490789962012526
-1.985495856001434E-4
0.0
0.0
0.0
0.0
0.0
0.0
0.0
0.0
0.0
0.0
0.48549093951628436
0.34110600244636585
0.45431786606471586
0.37246386157233513
0.20500687398783213
0.3998009858835183
0.5162090331077241
0.38012879049469483
0.329865902839426
0.38181729922498153
0.27150081405292015
0.367783867707437
0.16094892433240726
0.3477804051322431
0.30503518796405416
0.17510801349797
0.23352068893076705
0.21697333967811847
0.18120459437247294
0.29579388691358727
0.23405809510839992
0.2797720973790264
0.18131487570305307
0.2387646340297651
0.157845512231592
0.361333134731372
0.4812533939845346
0.22688775846993467
0.33527323140445703
0.2840185341681632
0.22236591731281932
0.35339597326366107
0.3121582657038324
0.3185155988450065
0.37281333389892246
0.37254143616422675
0.2956537920777353
0.29129066575187773
0.157442326331586
0.20640664950410906
0.2726604180834972
0.14737497793065157
0.27830592593473535
0.21781899575101862
0.28114189776922766
0.3792239909383283
0.17918810375825467
0.26461882746034043
0.23528812688331535
0.34834419724138993
0.14903518549840736
0.08177214458770542
0.30827715018312485
0.2331752541098601
0.20167576866545517
0.40063502556304104
0.10811445264395689
0.2475579322592248
0.28060868976464093
0.28951874327896093
0.22498175533177703
0.24330460718443808
0.28944322064643146
0.22617886635950565
0.06912266329923084
0.06391628078980897
0.08049293547524412
0.12224018361005569
0.08973879735463254
0.10617598813163877
0.20043256643406915
0.06302604975717947
0.11681574455499859
0.17274202456747612
0.0865535151506537
0.058436149296391376
0.20592782997162373
0.17249695137155965
0.28333525016029615
0.16275851578413505
0.07273871276285851
0.26467347389839885
0.2526363620711324
0.20393731569397971
0.10530892484620188
0.16465695700724034
0.10724370985372914
0.06328508660375154
0.062438012007089747
0.2850270724459091
0.09909403894162645
0.28879950653095937
0.2562313903934841
0.17363423902863132
0.09824574530262895
0.3113947014314845
0.2543788740415788
0.16181612162560963
0.2510413676045179
0.20485747143263108
0.055471638990138294
0.09372723462323025
0.311353255954806
0.19317323015371043
0.1748764236198142
0.08079876505997255
0.07082879264515358
0.08814925562991473
0.15788867750291938
0.21264059331880497
0.18181073949783738
0.10631557350562724
0.059285786636241615
0.06505879007166673
0.09634951048429162
0.06594336802548083
0.048343287205721334
0.05535550404932052
0.050001656903414744
0.05245408629255283
0.05538136813321947
0.17485574442834892
0.2530124236675767
0.04466057378554075
0.13577707786935914
0.07100916747999846
0.10794635505173474
0.05040966584009081
0.09033792118691229
0.027037553565856676
0.05572481410680486
0.023755221243422827
0.016519854327567727
0.029227335616710128
0.08350363531714149
0.02949521265107572
0.027188243865052773
0.012833535509856473
0.017024209727976098
0.005051948927368898
0.05868527677926343
0.003008874524885575
0.0
0.0
0.0
0.0
0.0
0.0
0.5080479988402724
0.4573215597172747
0.3701429168911063
0.2015059388522945
0.20684390735979424
0.26460927882316193
0.18274442106502978
0.22611083803438112
0.20071648091951377
0.19110207920920616
0.2223517965508134
0.21771610287202303
0.1429614541607761
0.1261513784034863
0.1667389543785631
0.23056663857439993
0.12336145323200223
0.17057796471800848
0.1623822568278789
0.20063096008509468
0.27371441368615207
0.33291386614783447
0.2882157238140978
0.2589247711162691
0.19801120434700828
0.18900204886285502
0.3594692134977183
0.21477720882767515
0.224150442988131
0.1304520457655709
0.37728418740792885
0.18263437134765514
0.18603328884510856
0.1963405612266458
0.21847885326174854
0.18272249357012138
0.21821489036418767
0.1725062924864525
0.20032142844278958
0.15945918786333974
0.18073030792533423
0.16213595946458462
0.23376326930853064
0.1730946829729948
0.22628061441852615
0.17379103607697582
0.21451733689285984
0.20212723697370164
0.20314902841489899
0.18651668653610826
0.18238811398254054
0.2563275363430795
0.17686839440956362
0.09839116845913713
0.10562587675842335
0.14087398188785336
0.16666452821247615
0.188358826860401
0.18427020001462668
0.16660724519923817
0.18519763135472853
0.1718338232314727
0.18654766388432883
0.18246742976802785
0.2574014036604433
0.16591810412493277
0.12681074226431124
0.13529275994123416
0.2018104228759414
0.1795182125013401
0.30930786617805905
0.1094640875015937
0.2044700043352969
0.11469184116301107
0.16297483050959735
0.20665591059174496
0.29289688786138773
0.29289688786138773
0.29289688786138773
0.29289688786138773
0.19684709653102497
0.24095816152143926
0.24095816152143926
0.21431651945957356
0.08535492699853182
0.182116336745253
0.1573161374195662
0.09646108896199908
0.22485060060407172
0.22485060060407172
0.06643816157365559
0.22954956377436217
0.11531505399912681
0.1363052810644832
0.12917431510604077
0.2264927958563485
0.2441473366441612
0.19274746193071926
0.1857999568041258
0.11376275444747198
0.14548259348949252
0.13606719812268311
0.13921747776823137
0.10167643360513295
0.15785236032199484
0.15762939584331126
0.18433747669520067
0.09043913006705043
0.1660952278416213
0.17338009344581665
0.18244059365052986
0.13215102981312357
0.0884250327304478
0.10805417715678328
0.09179147696845433
0.16816411269626055
0.08720815353019847
0.09190247916210428
0.11095345569256046
0.16258377730641677
0.18428279128587777
0.0894468594976454
0.1408636235233595
0.05020805793690226
0.0633577127494236
0.05928050249976795
0.05594791328051876
0.1072245048498149
0.09718439844820576
0.07143308924422251
0.1606942231163741
0.08275399835134785
0.07867112401936831
0.05404386769562689
0.06079816876695329
0.10360085232600574
0.06322872379386031
0.10636548997988332
0.06390458286257009
0.054375195418547656
0.0497834111345529
0.030446627264572715
0.06692457692208277
0.05365327159958462
0.05519045813752043
0.12727507423464637
0.016891663520853747
0.05297804450433939
0.0018655176138899193
0.015946985377165615
0.0
0.0
0.0
0.3596477518723483
0.23903943209882758
0.42123521303961226
0.2827146729585926
0.22084642079744235
0.3923007862656155
0.332603660243872
0.21953559573552026
0.34960406218746787
0.3416206276552759
0.38198383172839584
0.14513785174560576
0.30911075709638414
0.26003993919072366
0.23498144909577426
0.3525473113822523
0.1765814136503591
0.23979110452575433
0.31574404192811306
0.230057621842325
0.2016846341066762
0.24277892628690972
0.27055949254417105
0.25513043902790267
0.14612578498484644
0.13967113462658567
0.13092981502849338
0.23850160251906888
0.1611313237323207
0.20083266320061996
0.24833297584868932
0.23386798410833928
0.426196655448872
0.09260668211241598
0.15494435836208487
0.21412982762866914
0.19148085663162062
0.2006793664222517
0.2637581741264754
0.21228962083872507
0.22953440624733387
0.15658535928309614
0.2518005036693957
0.17231701722191495
0.18892325874263727
0.27423214468859725
0.17224199857786326
0.1483761592395349
0.18028209137718929
0.30028490052129014
0.11931938097291098
0.33185867472739616
0.33185867472739616
0.13957031796616698
0.16284070429397723
0.20911597739804902
0.13200166249233583
0.19674475188053808
0.19164009713420313
0.23922966843567528
0.11175962145752068
0.15953124292068807
0.21531292187617934
0.2043170490233146
0.1900450954436018
0.10050390198224407
0.1981038736933485
0.11186275534735868
0.1091202255285969
0.18795821087489026
0.17489760655651937
0.08788969166729262
0.1583535523415897
0.1631193044724872
0.18693137518382127
0.10174901348702868
0.10264354371664502
0.0730634031665481
0.09617053410098143
0.0897404420220582
0.13464061553641432
0.14268266229156693
0.11098566449262312
0.09119802589891043
0.1326109673786877
0.20034492189417252
0.2581714596896373
0.17756072679170187
0.12785488735715422
0.22759386859624114
0.07932493627377214
0.059475900094123325
0.10513738746711997
0.11674608444540768
0.12197525052874386
0.05194547433054427
0.05970113875975236
0.11481682699644823
0.07788840654042041
0.12275336118160139
0.07779323982575581
0.17108906432132845
0.12051875852246449
0.056892761705651156
0.0925977624829524
0.06623686771140758
0.14488427831276668
0.05488306786443667
0.2597244975771182
0.06030006284148117
0.11550480633060502
0.050170285757613495
0.03800545858420314
0.03439550399040619
0.0965066029792827
0.007304378244048804
0.09119996829811389
0.16411585149105531
0.04578535547854773
0.04939219067258158
0.00916279839663661
0.018633526417611134
0.025712423790931107
0.02324809017152929
0.002026950260368747
0.025267161598213836
0.014084926480508176
0.0013002095876880494
0.0
0.0
0.0
0.0
0.0
0.0
0.0
0.0
0.23077870520238006
0.4072274675264875
0.29182075070286634
0.18789013585270017
0.19471172626523436
0.2136914829365301
0.31484151125665444
0.2480949948736038
0.018963524124506324
0.24056139356027795
0.2626862698510735
0.15961171571796454
0.25512171789367116
0.21974613618028527
0.2072190488501748
0.2646949950299183
0.19822655047819848
0.16048323928334343
0.23572087938563052
0.3847471817088929
0.21742375062897873
0.217797021149509
0.18193507539314394
0.2702188087034781
0.26693482989905554
0.3159147925420535
0.15494239422748182
0.0187084264552633
0.017967942838344075
0.02492961079770718
0.023121552084469622
0.3889088630679555
0.020266603471955164
0.01949878136904711
0.18152072462555235
0.2849074887695
0.20449749742362905
0.029461555586922226
0.2631612572535246
0.1478779458371477
0.24470309615675062
0.22986556788525758
0.2268895319880772
0.30038109974288907
0.025291908633170178
0.014485372150451425
0.013670858283940724
0.035427716439159124
0.19796935572310162
0.09779595479498054
0.13027562680470714
0.1297327787594978
0.18127106431603354
0.2853322437316769
0.17000905875346295
0.16839388261614507
0.23271998976778416
0.17902003401701555
0.1667988419510454
0.21785026085073284
0.24079456046899272
0.20154924052319081
0.19067513855325188
0.016641075102228328
0.1879023017403459
0.1639880389995573
0.17446204872148582
0.14109717732261934
0.18493363506512905
0.034492389180184595
0.2453714477020256
0.020260710111665844
0.19440561294602499
0.14687302951101644
0.24239580281076498
0.017911900026501757
0.02712828634142682
0.013901331537565766
0.24970750503907463
0.18431535438935304
0.17200061258311378
0.13899252698040981
0.022977916329341423
0.02261506374799421
0.15267000599354735
0.018827698088782124
0.016547937494314952
0.15788544853071654
0.1561898371104597
0.027283421956660503
0.025705083196942324
0.0518201398072648
0.015412075561260605
0.012131179390405472
0.011210040160638802
0.010185414922546447
0.16588366838844662
0.007970881559624722
0.007959646389154387
0.1898898386328305
0.0
0.0
0.0
0.0
0.0
0.0
0.0
0.0
0.0
0.0
0.0
0.0
0.0
0.0
0.0
0.0
0.0
0.0
0.0
0.0
0.0
0.0
0.0
0.0
0.0
0.0
0.0
0.0
0.0
0.3548697313490961
0.3604799821283983
0.1543364613056781
0.342597968544935
0.16118742298141936
0.21331555621334755
0.29376447416368695
0.10426592580941305
0.30088639851643745
0.49138073506263064
0.25720177609489747
0.25598586365409853
0.403725089777728
0.2977607248381539
0.10374084645110751
0.21858235323092787
0.30705597266044304
0.2885730834893942
0.3263071791695591
0.1984816842088375
0.1577946026204179
0.18759773056848278
0.3110337363990131
0.23302922696461498
0.3915285594399293
0.23720262475747425
0.14180742835729335
0.2982825627720745
0.19595863384905243
0.22052237740879257
0.25740885278013287
0.16166675982181702
0.28203917077581236
0.13278944232826279
0.11624104387071246
0.25913998118327364
0.1498986394757022
0.14392528418974146
0.12875073245333618
0.27774221090068685
0.10196421267060848
0.15613646837421738
0.2521153472558398
0.15916613980199928
0.2005164208898466
0.18621529521765853
0.10218236214775575
0.16735808552738787
0.16989110807011368
0.24849897633756354
0.20699838718311075
0.18324784239371666
0.3622353644867955
0.2366838658024332
0.08631174331710738
0.2591687510425991
0.14421904166324317
0.05112774111509306
0.15458118876360089
0.33446798292602115
0.33446798292602115
0.09448602517096628
0.1024572474540122
0.10751691516533589
0.09674518501365158
0.14048618098565857
0.1408183107219402
0.13085446893494976
0.07463029020940871
0.20278182106601847
0.13676830810614013
0.15888360678617275
0.13496056032405007
0.19464666422152568
0.18098807561035077
0.17142554141362365
0.18760635569017814
0.18760635569017814
0.10139794115501327
0.1336483676416547
0.09946646473281448
0.21908291123904805
0.13851694628068612
0.16199824017155742
0.14666595048783035
0.2203783314625135
0.08131031944802518
0.09416955324563223
0.09639717633000039
0.13475211915394414
0.13859581657243383
0.16839905172352587
0.07368526538872885
0.09430660922944356
0.11207979561094929
0.08264117619201233
0.15041251503063505
0.13600496393299907
0.14326512784926795
0.03550826266725677
0.140543466615822
0.06603367859311848
0.07157860644936456
0.15346434129778996
0.14319966621454913
0.1171726955598586
0.07736679379752182
0.07552922651253206
0.12130783007164682
0.06371716054097319
0.1216236675582323
0.09259217720321193
0.10323342082573307
0.06521007481154478
0.06495021408534041
0.06749272630635487
0.10305515926840009
0.0758563670172839
0.047840181043251204
0.054027560947120995
0.05646224545256383
0.0876043371720267
0.046863397739142165
0.10724539132598607
0.11303391804967204
0.14102905539217803
0.10227917520310122
0.09341934671656098
0.13272088617262787
0.06036467617967209
0.08940402058981255
0.07449898315892156
0.0931098253451147
0.08887641615955147
0.08523844600025479
0.07572601245035
0.11074828156792947
0.02977764815241351
0.052960084875747424
0.02900150828456318
0.0766199743626194
0.02290277693518356
0.01831488738698534
0.017618175386628944
0.023212929548032866
0.06804502744225478
0.017758783860356807
0.01714269611753165
0.015772934721101063
0.014372226351734409
0.0072164297746304135
0.03995118809470066
2.2527080530708365E-4
0.03872933523550194
0.0059544803435013305
0.005844184245706848
0.003380276484285309
0.0
0.4685468211280123
0.3188055068843858
0.2177720954019912
0.18610005509793873
0.3043297458689897
0.1887019957561591
0.19804564637723
0.1686164967059097
0.1929269369816039
0.28738322680473144
0.20400306483150096
0.2993919731015129
0.3322622513996005
0.19917434723239172
0.17161080577454196
0.22503450342526723
0.37153002989537853
0.158833839712659
0.22522929651222992
0.26060594162908773
0.11587263818262625
0.12408476396794713
0.20752305939411164
0.1937162231402926
0.31044001923615644
0.18789355962723595
0.19684294100335498
0.08384997643270038
0.2250224091493626
0.21142325842460313
0.09487226671529285
0.16637410919177872
0.08344118199568039
0.10985373421969355
0.0883100311994693
0.05530535137079926
0.10363701547269198
0.20604210140046098
0.3031753907841449
0.15965574331885568
0.17015993449389863
0.1503604016738783
0.08647543842214109
0.1260517251977553
0.07740350534369216
0.1481819934045056
0.12520666850259551
0.05660596953287113
0.16188572860955078
0.024301158607082866
0.13723835700425302
0.19910669755563806
0.14734359668587071
0.1493409582374666
0.12762578762072777
0.07955288330858924
0.15763936776801657
0.12497110640922052
0.1849824045089178
0.03313285772970392
0.06794646666578351
0.0528684885805343
0.04415417397083935
0.1583155746119563
0.1948586791111066
0.04321223110687429
0.04916450200128053
0.10013656485650574
0.1288060240502114
0.1313710473076649
0.16199294014860127
0.039032488559615754
0.038572831391110445
0.14351769173687676
0.1423437004561184
0.10675289587023257
0.09762803671787847
0.12129711123296465
0.06055108367711366
0.05111100708470126
0.042532569814864134
0.06059436675300968
0.08680945521619665
0.043108191862119366
0.05046709668317202
0.10225404280593504
0.17856855736304306
0.32793035978112195
0.04789777685230441
0.08181660550199005
0.10287232533121057
0.03765693863756618
0.05428276496809904
0.11800162408252604
0.06271561258419588
0.05086927683732262
0.039300030300783405
0.21037169140370307
0.1720391280099522
0.1720391280099522
0.13615381606460042
0.05774195389390583
0.10208742109846969
0.05701662599028608
0.0792963803220906
0.053006123741147076
0.052586852937199044
0.06720063983552957
0.0513593561759801
0.1078552654814507
0.08522632763404847
0.03824998719161706
0.1440783108661661
0.019372232207742375
0.13558972304882091
0.10347607799706492
0.07100376233161337
0.09033589055822602
0.05545249538430576
0.08588975152223026
0.09679583204994581
0.048143847755913516
0.06687780628212384
0.03027439622429633
0.018044505974392316
0.04576032394019833
0.07112778327931274
0.07506415589349201
0.04241408208935706
0.027729553282748853
0.024511837606777588
0.03460529291104204
0.03177600896089614
0.029309615405788154
0.051051504484276256
0.027050087742948408
0.058937122559261194
0.023713238127924918
0.017709182725502755
0.016982217224313017
0.04910983869420354
0.13652236078988947
0.03785827062396213
0.0468199275899876
0.03745779647586929
0.05939980569617745
0.04298961039003041
0.13689067640164182
0.05050665862574429
0.040549311146868466
0.027790501771653892
0.033309538850219415
0.04158022898779403
0.01564118551261398
0.013796348458603754
0.03625047313587725
0.093420871938647
0.029513300253745073
0.026462085819039468
0.02430553856539735
0.024109304977836376
0.019815760582728662
0.10655890061572161
0.01806156403702863
0.015780579150658752
0.0021691082304234758
0.06561715133551817
0.0
0.0
0.0
0.0
0.0
0.0
0.0
0.0
0.0
0.0
0.0
0.0
0.0
0.0
0.0
0.0
0.0
0.0
0.0
0.0
0.0
0.0
0.0
0.0
0.0
0.0
0.0
0.0
0.0
0.0
0.0
0.0
0.0
0.0
