0.720924901400463
0.5764015443072953
0.6557936037211307
0.5494702100394248
0.5475566861841986
0.7010712583706379
0.5431840197029695
0.6058756655308086
0.6846807006665123
0.6745106538995769
0.6406581659864037
0.585234399500165
0.529976062164968
0.6040584056021052
0.5343353342755595
0.5899611158374648
0.6302009576338655
0.521181826181799
0.5762702124911789
0.5734955998450368
0.5312374988590832
0.5360033993768901
0.5830917162616333
0.5761543458474493
0.6445588320689566
0.5318619365177353
0.6207727964831417
0.618512982231846
0.5285445907939345
0.6291194767421838
0.6385875906279889
0.6129172261084891
0.5755259934739727
0.5616651315689729
0.5152008260246992
0.5690616038491494
0.5192213165391757
0.5270721110999652
0.5592527023861555
0.6191499015765927
0.5205695699921227
0.5187326656592688
0.5172054369487166
0.5172146969451132
0.5493109825264526
0.5162948220947259
0.5168557809025863
0.5167553617757328
0.5164109582425426
0.5096797478493367
0.5318101032220031
0.5145137482874764
0.5784511002017644
0.5075094625327486
0.5132188743597651
0.5071921966250937
0.5103094825440382
0.5454353869724365
0.5090938220484205
0.5044030072382802
0.5062423803273337
0.5543771156237963
0.5001798033791044
0.5010411910715794
0.49716384564367233
0.4938341487504177
0.4928007083519534
0.4919901423052982
0.49165110584434635
0.49052329474718237
0.4771816755839152
0.4771816755839152
0.4771816755839152
0.4771816755839152
0.4771816755839152
0.4771816755839152
0.4771816755839152
0.4771816755839152
0.4771816755839152
0.4771816755839152
0.4771816755839152
0.4771816755839152
0.4771816755839152
0.4771816755839152
0.4771816755839152
0.4771816755839152
0.4771816755839152
0.4771816755839152
0.4771816755839152
0.4771816755839152
0.4771816755839152
0.4771816755839152
0.4771816755839152
0.4771816755839152
0.4771816755839152
0.4771816755839152
0.4771816755839152
0.4771816755839152
0.4771816755839152
0.4771816755839152
0.4771816755839152
0.7057096136088833
0.7301127448914229
0.6965137024599626
0.5929959017375083
0.6950595781269808
0.7118742462246556
0.611913924665165
0.6255209606746358
0.6802437899658649
0.6876136770602767
0.5982842132868436
0.716876539706592
0.5976549429858181
0.7074310912088344
0.7074310912088344
0.5582728444886114
0.5847242381405896
0.5961531650439577
0.6075565472293988
0.6867872724327325
0.6867872724327325
0.6688170507351068
0.5399039428940603
0.6869726210595778
0.5537990021533036
0.5794267699074103
0.5980292929725556
0.6532913977064869
0.5962859541909364
0.5894225558221418
0.5868231077726889
0.5582872270018395
0.5854343605112081
0.6727276170097114
0.5973089913362685
0.6479034842911368
0.5850699998289729
0.6456471921479484
0.6202819817406574
0.5736314103112414
0.539273118243687
0.5921498529903374
0.5988032604631524
0.672943689721699
0.6710094436000853
0.6772160085310309
0.5891284204896596
0.5730088337374154
0.636480752999127
0.5742521707026612
0.6149182674768442
0.5836101743345501
0.593033655351626
0.5838599560034806
0.5949932387965187
0.5885108721635335
0.6011614852738404
0.5964061008879786
0.5880947652254862
0.5754815315987073
0.5959359140906204
0.5892936725205098
0.5856928063220708
0.6706989517107889
0.5335980105031339
0.5784416671260648
0.5845463758796785
0.5928048863329818
0.5792878747797249
0.5636007213132218
0.5933746562764258
0.5326214343997452
0.6684194031153301
0.5763946777654221
0.5823029851966093
0.5900236374116617
0.5806987753953636
0.5346839386738257
0.5758143062062019
0.6338143316825638
0.5757716299057825
0.584792547245764
0.6002738508906587
0.5650614049428146
0.5749771173939281
0.6294516542227004
0.5681825853066597
0.5294096385143382
0.581575148140086
0.589377837633178
0.5279726233307867
0.5311978333689614
0.5711816925922883
0.5780092003051049
0.5575587376366887
0.53104931856573
0.6360862597630434
0.5743929257724115
0.566158609653308
0.533386249067199
0.5334124705491313
0.5347331371442452
0.570088427804759
0.5650627417113822
0.622304038066348
0.5644547430432109
0.5313187158326538
0.5212145669493817
0.6072610343442719
0.6100787472142681
0.5817401237118138
0.5953111501704986
0.5275841425285124
0.5210330331434871
0.6197022552492576
0.523227108899002
0.5581756408521164
0.583215968307184
0.5247695554347814
0.5599948051619982
0.5797441709307257
0.5896778076301737
0.5222936308114479
0.5840742106407508
0.5992139024750134
0.5774334351391768
0.5621442682038525
0.6029782352388651
0.5976251332622827
0.5862774325182835
0.5208968985934179
0.5764719047116039
0.5497757076031797
0.572626648346712
0.5664424511019349
0.5744987046717562
0.5750728698583405
0.5661153289595476
0.5920225221914946
0.5546130976146003
0.5678352696485434
0.5865054378386294
0.5585641544015851
0.570317879804087
0.5769426913080311
0.5750761167589293
0.5603360569453945
0.5766601276184142
0.5751800410075212
0.5726708733404803
0.5672295094333721
0.5623983774334321
0.5139618519380149
0.5964553716456588
0.5695217117496308
0.5209521867216445
0.5560370651407147
0.5838249611636571
0.5500665264168534
0.5120925249399505
0.5620714627334698
0.5605177159775812
0.5848027505476048
0.5684138594614371
0.5677921481048511
0.5719240238556559
0.5490585486622855
0.5688233954519758
0.5591418865844985
0.5572593227815752
0.5630348910118376
0.5634076117130477
0.5634076117130477
0.5137745120137357
0.5589312054094989
0.5589312054094989
0.5589312054094989
0.5737375087766805
0.5566814494202703
0.559423460896243
0.5544709520375537
0.5364969813100173
0.5648981051184868
0.5651988201196866
0.518303689511136
0.5597418814083015
0.5489046690888368
0.5489046690888368
0.5548973930781411
0.5488032919063265
0.5553002420987254
0.5127209731479913
0.5173521545439707
0.5818227996214778
0.5602838596317844
0.5543029930632893
0.5528136690303457
0.5398292098755625
0.5077716040443037
0.547388079538783
0.554235320401191
0.5453725819874976
0.5503904074201712
0.507380000752457
0.5098126584799436
0.5102804521743954
0.5114335759733877
0.5100936494977243
0.5156297483733936
0.5079202984907004
0.5093933843764951
0.5129026735053605
0.5135458984170884
0.5474555992668203
0.5120496304476192
0.5074335830558594
0.5120629054117464
0.5033672497807633
0.5441172099433846
0.5440425872769364
0.5063061323234856
0.5417333271132925
0.5506044167908284
0.5061036377232438
0.5617626463309394
0.5090150003618493
0.5492789927242773
0.5397112907913351
0.5034175830089662
0.5031589987588929
0.5447836118369325
0.5033712112881301
0.5003134528278956
0.5033103929180776
0.5394817449755122
0.5004724624543574
0.5002939467352934
0.50025670760563
0.5213327464389278
0.5313559899143354
0.49287885722143554
0.49213027529750114
0.4771816755839152
0.4771816755839152
0.4771816755839152
0.4771816755839152
0.4771816755839152
0.4771816755839152
0.4771816755839152
0.4771816755839152
0.4771816755839152
0.4771816755839152
0.4771816755839152
0.4771816755839152
0.4771816755839152
0.4771816755839152
0.4771816755839152
0.4771816755839152
0.4771816755839152
0.4771816755839152
0.4771816755839152
0.4771816755839152
0.4771816755839152
0.4771816755839152
0.4771816755839152
0.4771816755839152
0.4771816755839152
0.4771816755839152
0.4771816755839152
0.4771816755839152
0.4771816755839152
0.4771816755839152
0.4771816755839152
0.4771816755839152
0.4771816755839152
0.4771816755839152
0.4771816755839152
0.4771816755839152
0.4771816755839152
0.4771816755839152
0.4771816755839152
0.4771816755839152
0.4771816755839152
0.4771816755839152
0.4771816755839152
0.4771816755839152
0.4771816755839152
0.4771816755839152
0.4771816755839152
0.4771816755839152
0.4771816755839152
0.4771816755839152
0.4771816755839152
0.4771816755839152
0.4771816755839152
0.7187746792654776
0.6649128879961019
0.7176087130552621
0.6973108385396845
0.6047682415384923
0.5734743694454257
0.6483666879598617
0.6467260465179432
0.5807360554426485
0.5391252013321648
0.6081400831138773
0.5701205934810868
0.5995609040556905
0.5737122651925006
0.5635514401670337
0.6000932483316364
0.5318288419430975
0.5525423310456781
0.5723114457616013
0.5709263934650404
0.5713528355080522
0.5683972208835293
0.5681117979705712
0.5901921335679554
0.6221320149909895
0.5327818325087804
0.5231336990356115
0.5953100952061625
0.5266713425397632
0.5279233253482947
0.5485782159659573
0.5971455222442569
0.6019576598417906
0.573288329898793
0.5237041998635188
0.5290709188193273
0.5936890360011984
0.6073226500359888
0.5644831060730393
0.5701008602723143
0.5935283449719538
0.5220889688829089
0.5616707935241747
0.6218243712954743
0.5862749319113478
0.5252407015794773
0.5774811411122964
0.5485208186515205
0.5665173796675611
0.5169866617624733
0.5699625594584903
0.5217007329439959
0.6028334846252582
0.5765904423239951
0.5784894515631387
0.5437006956227256
0.5581507546181753
0.571085387703646
0.5159627292215865
0.5455100200935185
0.5690712824067213
0.5758146458174298
0.5393139613803842
0.5151153247464206
0.5199881257030997
0.5438182681009016
0.5526174915294961
0.5638216477279872
0.5589186112115794
0.5158814459943508
0.5485381147641771
0.5734705739888004
0.5633821171698865
0.5644907609871133
0.5398822072342772
0.5142819855367896
0.5478764809891504
0.516005287963312
0.5417841398329343
0.5152545186397587
0.5341498733056909
0.5118192670044668
0.5462912238230356
0.518977352321155
0.5984779366701959
0.5853906340245625
0.5792626609738865
0.5309158432762152
0.5271419263568752
0.5101175096988722
0.5115197114897561
0.5128145198677686
0.5141791282189488
0.5619099644824065
0.5444722682894724
0.5552298955488744
0.5639996179269375
0.5071375984443609
0.5309265470154365
0.5256694968710401
0.542161669638752
0.5639163771911686
0.568567472972502
0.5337287904601232
0.607804703559316
0.504179818091908
0.52603038608755
0.5074414542748394
0.5698384721042955
0.5449707989077418
0.5068582038379084
0.5357766870822458
0.541824631765265
0.5059204162626892
0.5276660050229343
0.5463328551361416
0.501021965460851
0.5414514523092081
0.5252369610152181
0.5049669851043792
0.5240518480739363
0.5014833312439868
0.501913498120991
0.49942799318403336
0.5176299741919141
0.5136876345793029
0.500853898887853
0.5022168063691403
0.5376595611793594
0.49586157870443315
0.5285975719493455
0.4981917707401667
0.4979495861841867
0.4967222645696758
0.48994214703346134
0.6681372194869218
0.6447006683119738
0.7089665751068653
0.6778123682948879
0.6069126900150454
0.6726395778904258
0.6358825339399135
0.6066172075623534
0.6520311969070356
0.6429621095825907
0.6189398762040037
0.6490524312176374
0.6013129818253725
0.6464257525831391
0.6425552973362038
0.5947066699575132
0.6515390592877366
0.6133592505181503
0.6360867726596503
0.6216222853447664
0.556946038503567
0.6093877688825167
0.6124642211543351
0.6072151168686958
0.6116154383511508
0.6088711878966636
0.5908233387562565
0.5745175153575041
0.5673688777648624
0.5833487264822615
0.6147320643556681
0.587396082912037
0.6001040266451605
0.5754105717375384
0.6118754102591203
0.578733682787135
0.6306069984996963
0.5907330243393624
0.5759722495052009
0.6356654494209337
0.532556787786613
0.6246324455610769
0.5589372674630224
0.5273049630352155
0.5761626751575196
0.5361237461348035
0.5505877607422354
0.6226494586277309
0.6129135343538898
0.567369941525625
0.5962630211871742
0.5718939811335136
0.569012599674147
0.5304800657832281
0.6235172130451905
0.59850672268957
0.5537880602165565
0.5757412900855519
0.5998353506498555
0.6246365043542769
0.5923859531576439
0.5924607586165589
0.6265019557829941
0.5913215811552881
0.5437371382054988
0.6212549926696457
0.5621523178600929
0.5668684435608968
0.5406693753885077
0.5881941722593026
0.5672881542267048
0.5310822424524467
0.5913335932887801
0.5243138991231144
0.5448539033061301
0.5741327237917655
0.5839641734532774
0.5256940425573481
0.5687012188037143
0.5817616859987413
0.5699133049081223
0.5619156776987475
0.5466086555986637
0.5661777464794553
0.5243969103314166
0.520709941231514
0.5182907907402957
0.5231864933476952
0.5854031737769432
0.5993525175244019
0.5444107795010559
0.5754578792875079
0.5795976716075798
0.5677137025063107
0.5748239024805647
0.52037639810714
0.5725376970260887
0.5935147220812275
0.5672824209541217
0.5614998977671143
0.5770173733570034
0.5331761084916229
0.5876111666716773
0.5225438113781415
0.5614534072455967
0.5964866338454278
0.5632342230580336
0.5812030327304294
0.5469390562281462
0.5400439243988753
0.5902604268487436
0.5742538809792012
0.579826390020372
0.5332260533071044
0.5588320655954805
0.5612770069249081
0.5484262837840421
0.5555835100947506
0.529588987272344
0.5157804562973516
0.5628371893312082
0.5729566717848702
0.5580141717582596
0.5623973040940561
0.5836357376157728
0.5321413598550153
0.5540022955446011
0.5321550955873372
0.5462154105778809
0.5903568027376253
0.5907834282000218
0.5717669184147618
0.5469869342580925
0.561944955561451
0.5135522492235045
0.5534655179342243
0.5137942274381229
0.5332879638450808
0.5130217266879158
0.5346180821848682
0.5843306024110902
0.5747786067534855
0.5634071898833901
0.5132711867679359
0.5403018879171847
0.5098631854278717
0.5471461924732635
0.5100631944376888
0.5676733119601154
0.5526853484407315
0.5521894845872548
0.5287503243558925
0.5481062512719955
0.5352532774169807
0.539070572077804
0.5548835195246178
0.5288802565081726
0.545164017092001
0.5355156083853493
0.5362345895511408
0.5284828408775722
0.5165387541200867
0.537878857697758
0.5350929615011064
0.5310164430695482
0.521677937480558
0.503494097740959
0.5034538689718608
0.5351383881312871
0.5291314172795522
0.5015967309806336
0.520470343815589
0.5337948110751178
0.4997072236230392
0.5144578722350938
0.5142950281228514
0.4985455564148681
0.4991900127266842
0.5148165590381377
0.5159750541944426
0.510680318930054
0.5218262006809982
0.4978024437840453
0.5252920189316556
0.5212335734555946
0.49366610650233356
0.4881461872543783
0.48385354565334887
0.4771816755839152
0.4771816755839152
0.4771816755839152
0.4771816755839152
0.4771816755839152
0.4771816755839152
0.4771816755839152
0.4771816755839152
0.4771816755839152
0.4771816755839152
0.697334360589409
0.6854998819772431
0.6937244804799332
0.7065476743849541
0.6836762791838831
0.724997672713197
0.687317438859597
0.6938198153909975
0.7157813925574165
0.6677542402222867
0.6828971220469371
0.6828345599780744
0.5971970006085126
0.6805822391914779
0.691549933963911
0.6282265713840665
0.6755784770714239
0.6643822242067907
0.6892563584984364
0.6313666829787817
0.6468063598018078
0.6936044346893526
0.6856675433136715
0.6928747923014984
0.6851326761030857
0.6363825355490103
0.6793874702043008
0.6831812163346321
0.6684645301604767
0.6652565788404937
0.6353458913329688
0.6745361420828562
0.5452916148006927
0.5870032856521147
0.6483404073355967
0.6685486900676867
0.5876502224603387
0.5468736462215951
0.6656642747137271
0.6598765693236375
0.6682548583840686
0.5825425401892745
0.6328141234781451
0.6243283760539261
0.5474584655518568
0.6499527037452223
0.5919430694092142
0.658618496411398
0.6072492287167249
0.5363208791822004
0.6135288922045721
0.6156138268588875
0.6052346621326938
0.6178970442678442
0.5341577397129099
0.5731040238249414
0.5333990846710474
0.530465615164917
0.6287011274625675
0.5994494808687376
0.5285595254496958
0.5303350248699653
0.5628943621946528
0.6024009901041493
0.5816885568481728
0.6259608885565128
0.5504802889483932
0.5784203646733364
0.6415111045394422
0.6028613115502436
0.5692455158077903
0.6040968064506553
0.5971460036310894
0.6052001980214683
0.595913461867283
0.6053233707676522
0.5926719383823575
0.566997312647058
0.6176032124222597
0.5897662874888953
0.6013352069371469
0.6013352069371469
0.6013352069371469
0.5963672466914386
0.5611212225244924
0.595821410112626
0.595821410112626
0.595821410112626
0.5930352558476926
0.5873991545545559
0.5677738338055164
0.5975134468334591
0.5640608173970121
0.5686152353053607
0.5266057926367794
0.520563710546267
0.5195467484053673
0.5221647834100028
0.5207308769788307
0.5168594067051588
0.5525508915173509
0.5816870165257171
0.5822636091160027
0.5165490364572252
0.5653333546245441
0.5412834219052213
0.5749225625302606
0.5197212574457661
0.5504628604412374
0.5599165960470727
0.5410533364273427
0.5146256204481542
0.5366691397646804
0.5324365883780379
0.5399690464624237
0.5129795248859796
0.5741625924574179
0.5129154863507632
0.5117656008150291
0.5452034541576992
0.5498761296734117
0.5403763899192251
0.5102843036887508
0.5364114111490148
0.5108800200610492
0.5108259138912613
0.5351487565096724
0.5072722644239497
0.5055675280952056
0.5530866855793131
0.5290665137822764
0.5014614795705871
0.5289108905878268
0.5289108905878268
0.5202260076667833
0.5202260076667833
0.5025867604873844
0.5165850340359267
0.518686533337678
0.49677876522216097
0.4938070735060398
0.49459393542181995
0.5096662285518674
0.4771816755839152
0.4771816755839152
0.4771816755839152
0.4771816755839152
0.70622537178055
0.6537757174131135
0.660126217494997
0.53402681984871
0.6459304039815353
0.6282311252637239
0.65095305667971
0.5387368845113302
0.7060355104999759
0.6356641694944585
0.7266613342166334
0.6526481940196912
0.6688834814251187
0.6255434005042093
0.6979078347234063
0.6979078347234063
0.6419134042573773
0.6805733600601176
0.6805733600601176
0.6805733600601176
0.6805733600601176
0.6805733600601176
0.6805733600601176
0.630487724805564
0.648128920696263
0.6678186033183203
0.6678186033183203
0.6678186033183203
0.6678186033183203
0.6678186033183203
0.6678186033183203
0.6678186033183203
0.6678186033183203
0.6678186033183203
0.6678186033183203
0.657620803027905
0.657620803027905
0.657620803027905
0.657620803027905
0.6725996814904279
0.6490770077875827
0.6490770077875827
0.6490767295005229
0.6490770077875827
0.6490770077875827
0.6490770077875827
0.6490770077875827
0.6779261950274615
0.7056205716209735
0.6684994671361636
0.6385985068713546
0.6416986605557515
0.6416986605557515
0.648608078674377
0.635188686976147
0.635188686976147
0.635188686976147
0.635188686976147
0.6480812990384652
0.6670953197560185
0.647825138752097
0.6293524050578047
0.6379819571668538
0.639063612215573
0.6459478574668482
0.6240549157412298
0.6740765477643845
0.6396807857587454
0.6191983107272869
0.642004235100588
0.6052922846126013
0.6276852990709141
0.6437917500346867
0.5931127679152776
0.5400122918953558
0.6341934025439396
0.6112485245786835
0.6208022328140322
0.6319187047485616
0.6681000974007395
0.6259340943421504
0.6676215733404526
0.6254810117726783
0.6579569917349393
0.5290663668289868
0.6237938739415994
0.6237940076447528
0.637945205942813
0.6319698007754613
0.6492147324119681
0.6298355483234345
0.6098722335392041
0.6527296170416873
0.6096539384403994
0.6450166494193449
0.6200385066142268
0.637735524604832
0.6232349244436143
0.6600678777038365
0.617459504069451
0.6059776731702564
0.626768631923597
0.5282998950617626
0.5273052938559418
0.6294162210765184
0.521674309616165
0.5992012901564495
0.5187565039631941
0.6167565634315637
0.5890080240583129
0.4771816755839152
0.4771816755839152
0.4771816755839152
0.4771816755839152
0.4771816755839152
0.4771816755839152
0.4771816755839152
0.4771816755839152
0.4771816755839152
0.4771816755839152
0.4771816755839152
0.4771816755839152
0.4771816755839152
0.4771816755839152
0.4771816755839152
0.4771816755839152
0.4771816755839152
0.4771816755839152
0.4771816755839152
0.4771816755839152
0.4771816755839152
0.7295576460503693
0.7121217982826596
0.6986561618405679
0.7098330889458201
0.693770233992936
0.7019657676394344
0.7019657676394344
0.6818277143514042
0.6687505300760382
0.6632041040733633
0.6442258162817627
0.6371494602247705
0.5934798047544709
0.6873511651111724
0.5922184036161398
0.6602410266009576
0.6352413574311142
0.6426772169593002
0.5998802434612062
0.6323139739485139
0.6485386498309011
0.6642322825041017
0.653288970719801
0.6432220044978488
0.6564477968303382
0.6392828496515032
0.6282112850621088
0.6400454121678261
0.6294681721085315
0.6507783282748346
0.6388709416184739
0.5416067870019617
0.6435185727350928
0.6262263785963562
0.6341983815386031
0.6315787372682967
0.6231571676456682
0.6305490514193018
0.6294919920214839
0.6297868685540151
0.6168943678308132
0.6249983294948716
0.5347739879311172
0.6246547175550266
0.6300569505482462
0.6261096122228771
0.5598138652688285
0.6237423194860416
0.6292332809468522
0.6015898279814718
0.5331366546160556
0.6269607573301017
0.6129280556094923
0.5320832162457744
0.6371598977899374
0.5294816258923741
0.5251028210664711
0.5264033490698192
0.5244377520643301
0.5711220550403638
0.5673451451333527
0.5105572517556419
0.513072971934201
0.5342313277029315
0.5370286725049166
0.48711035027766036
0.4771816755839152
0.4771816755839152
0.4771816755839152
0.4771816755839152
0.4771816755839152
0.4771816755839152
0.4771816755839152
0.6928158669638289
0.6577397527575928
0.6789135374494396
0.7208082460491413
0.692273383135691
0.6840792116635566
0.6524665104035581
0.5569368954861739
0.6658669120598959
0.6877340349881589
0.6763430414507504
0.5765846553404635
0.6511997860108354
0.6850144726033949
0.6662283264947197
0.6484897071267278
0.6764760900027699
0.65603006082342
0.6478635566346465
0.6674992033696424
0.6427364447328077
0.6391787429795915
0.6321700464137423
0.6615118765309803
0.6497750266568761
0.5697066731627313
0.6377087467449016
0.6573500024857551
0.66688847501432
0.6747178551700731
0.649540896486456
0.6549851973521706
0.6549851973521706
0.6425849426003186
0.6377953364459703
0.6351145809635734
0.6343768672109308
0.6322930299482203
0.5776860509890607
0.546818156331879
0.5971108465561358
0.5433110878381232
0.6361944100514592
0.6033765461580748
0.5961116363097266
0.5380319404475876
0.5680282130191835
0.5630897898881162
0.5354228612419587
0.6294302073398229
0.6289948784420257
0.5672972435157712
0.5689196895916746
0.5555178072382989
0.5308730002356626
0.5546462257519824
0.5674998551176552
0.5316725987011263
0.5533234880246404
0.59606972142348
0.5477782912570849
0.5522929086987592
0.6086138643512294
0.5791402091524607
0.5510926887991556
0.5293260063771085
0.5557802394719994
0.5281643482225695
0.5424384265132003
0.5243794818221549
0.5749123726977043
0.5793344878459231
0.5556151770952027
0.5492210902483897
0.5569265309827496
0.5546975039348787
0.5859726593647719
0.5268345103880963
0.5848749801628854
0.5602776582806219
0.5402303820543549
0.5785195498187842
0.5830132711949909
0.5434483060594953
0.5229691115387928
0.5189507166408714
0.5203774454254962
0.5533478863993163
0.5740994439343097
0.5351468365940161
0.5371300981266008
0.5439283995186346
0.5174498721470223
0.5400395198841819
0.5757507868574501
0.5387586909707324
0.5145765628375392
0.516111810526121
0.5982634342918568
0.5932206446397799
0.5371016676363645
0.5127546308459038
0.514410204868483
0.5381806962726565
0.5132855773507543
0.5158583317325139
0.543282911146315
0.5130766340632879
0.5266347160171866
0.5087172275016562
0.5102767858418629
0.5083438424063462
0.508757275043887
0.5088908244540576
0.5078206052640807
0.5420382202684341
0.5049995430339513
0.506735945587835
0.5058704856820697
0.5045649291938367
0.5046795381987192
0.5040806117929179
0.5034405328635637
0.5456116944725985
0.5016833986162997
0.5029358320095653
0.5008450940191915
0.5009420401507373
0.4999234460753711
0.4992871351498393
0.49969770019714504
0.49908565588638304
0.4988712493785165
0.4981034308015796
0.5244160783490697
0.49762755414317345
0.4973783646324474
0.4970083337508893
0.49649952328003194
0.5178454105828612
0.49634223399444344
0.4968503518497971
0.4963042369204781
0.49360895514255554
0.4910792113774578
0.48539599304809755
0.4771816755839152
0.4771816755839152
0.5819043889043374
0.7097238449381547
0.6756677479312354
0.5511323179334952
0.6528899119547168
0.6866986491342637
0.670401121658268
0.6769334058796191
0.6969420356948813
0.6199236338817218
0.6465830218970882
0.6510306871733063
0.6742779703343164
0.6028457385447502
0.5442739289105623
0.6829910701276829
0.6070977698478537
0.6597303579423676
0.6669644329930616
0.6748789345243901
0.6748789345243901
0.602381422419087
0.6006552407969655
0.5426213210292951
0.6515852485756916
0.6580289288688799
0.6580289288688799
0.662387131285747
0.657385924295494
0.5958322606525926
0.5975026511948236
0.6647740043073463
0.5372924705744371
0.5988098042377048
0.53739989476919
0.5987589286241704
0.5349605658774492
0.6578553461162464
0.6029114551182272
0.6493164379129325
0.5357536927530707
0.6462384537798103
0.5893235108565761
0.5342343636522142
0.6036691943399314
0.6337826216000291
0.5306812723788553
0.5769538542384915
0.587718366912447
0.5308595730843695
0.5316350381814855
0.5765176815972849
0.6064096913629542
0.5839148902403966
0.6170632546222237
0.5812683853846325
0.6116397711441486
0.6478619093599438
0.5766263787561933
0.5876485141898931
0.5248611190154654
0.5734192300333397
0.5268552438665767
0.5661650488864955
0.5369893099609733
0.5764542210597292
0.5852956491426312
0.5229739860876096
0.5234148659894219
0.52247336568853
0.5195961478387227
0.5320313422732056
0.5323022499017082
0.5720138973362271
0.516011873099453
0.5149911124186023
0.5716804848102244
0.5536774194635625
0.5761284801826423
0.5604474394932373
0.5618810277296709
0.5678220273494141
0.5119188952627448
0.5563353053249311
0.5625916438518612
0.5107223276417383
0.5111943895252732
0.5459847667506508
0.508465164371033
0.5076983271576637
0.5554948515753524
0.5514205672185953
0.504890527998727
0.5674080191002038
0.5015910265302824
0.5012701831620733
0.49641028661728015
0.4984478923537547
0.5279026370511282
0.5251598421670456
0.4971836365751658
0.5261549088216261
0.4941928138588939
0.4966723647556189
0.4942005875796133
0.49555369196535193
0.4933986916223552
0.5105932229028265
0.49384715932618206
0.4885546966597618
0.5033873934628788
0.4828864458219463
0.5084354566321758
0.48036655550575974
0.4771816755839152
0.4771816755839152
0.4771816755839152
0.4771816755839152
0.4771816755839152
0.4771816755839152
0.4771816755839152
0.4771816755839152
0.4771816755839152
0.4771816755839152
0.4771816755839152
0.4771816755839152
0.4771816755839152
0.4771816755839152
0.4771816755839152
0.693816106099961
0.7165486792498683
0.683761978230899
0.6665945501046469
0.6731894089181697
0.6768613974644857
0.6987616303965917
0.6883735541640351
0.6796944769443731
0.6561742269237489
0.6605136294889484
0.67650127379825
0.6749949171187716
0.6674653893970559
0.6611575899681003
0.6809189024667156
0.6763601623597775
0.6831388530548808
0.6846589294937362
0.671417022281305
0.6681774070647634
0.6695716766645392
0.6568308670904628
0.6394961678109232
0.6774288577309822
0.6023377600023012
0.5492507242558072
0.6606944396211134
0.6640433472703963
0.6811024655322152
0.5676404742408551
0.6935953380645054
0.6697639636585878
0.6524596186029269
0.6709903736920462
0.6362013186667334
0.6346808366285065
0.6840457456152302
0.5546921269206606
0.6631744488593296
0.6668251232919241
0.656650108596394
0.6666389911068997
0.6721230732438591
0.6563578408966553
0.6401795981219733
0.6577986674583814
0.6682878946277669
0.6497014760833547
0.6494141449343693
0.6203393714656158
0.6520894844370739
0.5560832375181243
0.656152754843598
0.6667767422388113
0.6451240796836764
0.5494209518145168
0.6632621865905015
0.6384932802897435
0.6728481284252128
0.653339186080494
0.6635877840670709
0.6600611963176882
0.6442530677984779
0.6589081295856467
0.6518712571505813
0.6463866041950963
0.5456311208261788
0.6442548046864126
0.5851669004201899
0.5461323914602796
0.6583194929064061
0.6249764158321214
0.6306108943403375
0.6511356666657857
0.5420740023724011
0.654443754394288
0.6491636276063094
0.5446395547206382
0.640514938241431
0.5714888338666395
0.5639294495405258
0.6119319985651633
0.6499820717451509
0.6664005971982193
0.6463714302012677
0.6414739866315596
0.5682308385733013
0.6363051535778812
0.6656092411527295
0.6548782528727681
0.6538733081976899
0.6205863446498523
0.6406645642561117
0.5392743810791698
0.5752800181900726
0.6437384036279181
0.5595241285770925
0.6392147783209025
0.640773363529887
0.5419030319884078
0.5961448762163554
0.6263821496655939
0.6426676756899821
0.5992555913627694
0.5464445706682561
0.5402130854425643
0.6232784221739691
0.6581525812594775
0.539106272828923
0.5606116788568641
0.6287421170047465
0.6390302359748964
0.6455584758283882
0.6248510539012263
0.5586922374175752
0.5697766881449953
0.5358170765593583
0.5728654512847446
0.5358458345631256
0.5886593498766451
0.5324847527434933
0.5699539503331812
0.5696013941765282
0.620938682558926
0.5325118118311208
0.5337504868648755
0.5491042683108182
0.5651810870952131
0.5571922567826237
0.5649722790690704
0.5622456287703457
0.5349350692135106
0.5319639607765202
0.5750119570312366
0.5484177070000389
0.5740065456155227
0.5322599870999105
0.5685582452947601
0.5576041371695499
0.6261325166864443
0.5728849920708452
0.553769597714089
0.5303060947659307
0.6159045978624608
0.5311654418321454
0.6451355079876843
0.5561263275324411
0.5471716463708151
0.5277344471367352
0.5266150026239788
0.5252501072810418
0.5228592828060438
0.5217420671415797
0.5961400980900394
0.6098143455371243
0.5204712496253019
0.520139167254079
0.544056026030153
0.5190825522297481
0.5480949217584687
0.5175835559591245
0.5801739850563488
0.6138412363087291
0.5121024236637997
0.5117427257324806
0.5105648266915171
0.5489691643370067
0.5007408672127698
0.4940452967836579
0.4826035557617008
0.4833425743198678
0.48186394255077136
0.4771816755839152
0.6365419064401642
0.6416916159741256
0.6381327659553834
0.6765815403217443
0.6711507682663845
0.5517722315167293
0.6365422821645761
0.6351018227226399
0.627006087306117
0.7072725867265273
0.6943781786017971
0.6195520384939509
0.6789877890226383
0.5460754468455196
0.6943701298781104
0.561284739465241
0.6640821792680245
0.6646862783367699
0.6736883181106947
0.5829545457200414
0.5723495791674453
0.6921881210953312
0.5688419831290846
0.6615450251722277
0.6502286720962973
0.5479378112089047
0.615471448936027
0.5437497629366786
0.5954838483562017
0.6417384573219336
0.6823072636380241
0.6665106933093153
0.5661609007044173
0.6857455777623445
0.602237641012117
0.6588919491959802
0.6586500286467617
0.6084611282711828
0.5740024444537708
0.6600312615303325
0.6565708415022535
0.6639470503391823
0.5356142907243064
0.6120583774257299
0.5972375859233103
0.5404529516796828
0.6516996456775116
0.6143933521158912
0.536013064663904
0.6221760273510905
0.6351520291192589
0.6461880136502299
0.619687719157479
0.5575252081114617
0.557994062074537
0.6062226977752649
0.6402655636162309
0.615909690957852
0.6377180456879209
0.5986175799125814
0.5611734699675548
0.6269521751464375
0.6283655618952864
0.5596271736427687
0.5432172051834638
0.6045391770084511
0.5891152655549263
0.6257542345250791
0.5575337979997529
0.5319114742697219
0.5346060156309802
0.5313197104505489
0.6236039047140696
0.5550014058075808
0.5337147181154185
0.5626214423215569
0.6064196950037405
0.5907444915165427
0.5866796964668125
0.6108820717737645
0.5420088236619374
0.5838592993519397
0.5498554942163524
0.5999224938357371
0.5286879140233769
0.5276835257080145
0.5565011046437525
0.6116933493790303
0.5753260085124879
0.6094816843852073
0.5547747741573272
0.5259341987981545
0.5506658469512166
0.6004682191319232
0.596803871124771
0.5283650378450456
0.523383089320745
0.5837769955261345
0.5229553552995478
0.5893156443567774
0.5884003787821316
0.569916014785763
0.6264449030547743
0.5486346445512479
0.5224236363599151
0.5909337284881233
0.5444758883258028
0.5955044166629622
0.6071668555037114
0.5181529785933726
0.5347717880075179
0.5442903681434044
0.5192770621804589
0.5831025742680189
0.5943339269083253
0.5653842292468795
0.5451138545163683
0.5680742964313116
0.5167260778910058
0.5429026699082923
0.5641506188489304
0.5156117671690967
0.516886856580351
0.5466104326170411
0.573663091342576
0.5868148854746839
0.5147242132380296
0.6121328610458522
0.5135974200505969
0.5134478525107519
0.5428936770934019
0.5103423918586605
0.5587172433181855
0.5098248413686318
0.5634640573900059
0.5071170782443917
0.5660842404811447
0.5522840809281349
0.5047325471326747
0.532890247758325
0.501676998454349
0.5318063856551619
0.5258770999525961
0.5245278846196463
0.49313705429955634
0.4926940247301508
0.4913886169197754
0.491536478052374
0.4819917545890607
0.5678969054350714
0.614394856426301
0.6120415658945001
0.7005139107929895
0.6360099514786799
0.6473457444925099
0.6123937409227506
0.6594710626352385
0.6109567964721421
0.6566697072782652
0.6045740686824193
0.5986173461062871
0.6846162131901501
0.6657893003999603
0.7061350848242314
0.7073152062873969
0.6638860528023454
0.598280056647168
0.630405432140305
0.674711077043316
0.630603396497471
0.6226720885244507
0.6358040187013484
0.6695433129622073
0.5912950100836607
0.6515363066454106
0.6026517235063769
0.69781673384748
0.6105220138853159
0.647650634959738
0.636207545752425
0.6421745211976536
0.5951568793241245
0.6352582524395135
0.6403472889364433
0.626844606543955
0.6268620416588241
0.587990155375722
0.5442379793096326
0.5525983756896129
0.6066503155356757
0.6702494292451423
0.6454724422699382
0.6664489692832466
0.6517697077946009
0.666795420829526
0.6339220549715866
0.6255830671152968
0.6311620588915821
0.6393676079694118
0.6449596082540894
0.6312709979279562
0.5832187978893764
0.545239333827944
0.5939383255896099
0.6247513990142017
0.6692877578183589
0.591629155695242
0.5860868306187025
0.6160429267511406
0.6906563762748341
0.5913278031094439
0.6243150855706064
0.6548411102942906
0.6617685003242806
0.5864217827422958
0.5753681643579438
0.623647742524106
0.5849238341674436
0.6582797217304306
0.6530636170980165
0.6136920743881946
0.6756416004038471
0.6262765271886339
0.5821983340747006
0.5615075197152062
0.5930107894008089
0.5797217199797895
0.5975388736426673
0.6189539323637208
0.5839253150273237
0.5706103230765155
0.5817755537550178
0.5884489845391407
0.6184582043011551
0.6134539587909832
0.583090467203475
0.6276624767967882
0.5772965090097071
0.5608737395661851
0.6207686438538179
0.5346538663206427
0.6214936830223908
0.6060604436069602
0.6114996554702039
0.5391152365561618
0.6132521273949012
0.6147618109582343
0.5414691914936791
0.6258513391184045
0.5731516142252813
0.6458134886258349
0.6026629969451045
0.5727938911886848
0.586001539530119
0.6319073135565623
0.6044003325593257
0.5775686350543652
0.6004449817986218
0.6290956302871399
0.5413659300212494
0.6322008348522654
0.6068628006214791
0.6344884628863516
0.599069815783172
0.5738440080405289
0.5451007467256622
0.6371926855696751
0.5766873424342891
0.5676516480412804
0.5801132411710338
0.5893304197168291
0.6196868619689055
0.6141317137851954
0.5743425048902462
0.5970961324043498
0.5859194762146348
0.578946535878884
0.533286541461359
0.5795437493681045
0.6235788371522784
0.6093343199455795
0.6191201919609933
0.6582190199700919
0.6254314788518038
0.6156317945494763
0.6241403354082597
0.5941712742831836
0.5637447345974858
0.6268956690445999
0.5964727685786627
0.6086883332293603
0.5687876547435892
0.6202448553651126
0.6404181999279719
0.6431431338372227
0.6311200948096547
0.567308553470741
0.5740498584325655
0.5877436036624631
0.6124984980350274
0.6061555058523292
0.5800719754083872
0.5632044773347831
0.5267647537969791
0.562665639094765
0.5270421049287806
0.5259497824818657
0.5634886489198742
0.5655591645673896
0.525192618691858
0.5709471043709734
0.5690893282319899
0.6011421422546678
0.5794132262124884
0.5788641908061961
0.5238816463825269
0.5989104650166864
0.5707630159659393
0.5701437217532749
0.5607654828475925
0.5510288089417067
0.5929075408321376
0.5688447546270622
0.5232995133302274
0.5245906592610216
0.5571971800690384
0.5648104041548199
0.5438337497013224
0.5416071841207101
0.6047118019299988
0.5290288684471536
0.5682114067064385
0.581187165872278
0.6036693789193948
0.5196440417554024
0.5447623488493174
0.5152012474725683
0.5828872009739127
0.5621675661684696
0.5484800706000653
0.5878365385244124
0.5325437754460309
0.5731490023238572
0.5606565653319241
0.5623365901876864
0.5137301581462734
0.5747553330049646
0.5515537372532925
0.5123265445955564
0.5701142432438636
0.5473449138106562
0.558404174723616
0.5680384923736624
0.512384959839204
0.5120776811607514
0.5628024104450206
0.5628024104450206
0.5628024104450206
0.5586366195898508
0.5586366195898508
0.5530326566560229
0.5551867704244942
0.5551867704244942
0.5522484982819674
0.5522484982819674
0.5327436275922249
0.5474357069064884
0.5474357069064884
0.5567887387503812
0.5617899616512176
0.5617899616512176
0.586779332217559
0.5435873326712323
0.554223731965083
0.5513047737041152
0.5487664388278214
0.5419244243441247
0.5105691856241934
0.5059338553119385
0.5396548873211272
0.5056374732220877
0.538531762722598
0.5070880215031676
0.537768364426734
0.5090985715010671
0.533812340517766
0.5027253084918718
0.5033321461739018
0.5324638389293336
0.5014022021667134
0.5037328969728612
0.49818148954681224
0.4972955511611529
0.5000713466975418
0.49421924684215185
0.4847229334773605
0.47965498374692866
0.4795951754245106
0.48355174793513334
0.48355174793513334
0.48355174793513334
0.48355174793513334
0.48355174793513334
0.48355174793513334
0.48355174793513334
0.48355174793513334
0.48355174793513334
0.7212961674020114
0.7246437280426312
0.687688088103582
0.6382288264549485
0.7001406049324166
0.7185785609322248
0.6171260518975914
0.6719576752495574
0.6816808333872917
0.6350755948703076
0.6499035512572318
0.6858440499781013
0.5954945157398007
0.6711601651722567
0.592486300197897
0.5545071511072561
0.623755049169934
0.6135210152511611
0.673641857559314
0.6903834981286975
0.6176493182844911
0.6730161544400484
0.6677400797911934
0.615891658546296
0.6458694632875267
0.6154785008835502
0.6813395676469766
0.628410058052244
0.5809231866820084
0.6226603754079355
0.5920923610979467
0.5734840335602897
0.547417946934501
0.5927486756559572
0.6243283524364984
0.6364598412065905
0.6355158132607461
0.6355158132607461
0.6111262953837459
0.5695757303864345
0.5802430979134402
0.6444326451118001
0.6045966410390027
0.6024760269565597
0.6401305955572137
0.6679200148015797
0.5775328845369381
0.6013160157739874
0.6169443675218497
0.5878045743724661
0.6223464058643174
0.6107015193915692
0.5748005446997606
0.6256154940460918
0.6161748675722263
0.5726160764651157
0.6202339167598437
0.6176923355916981
0.5619006145944075
0.600003174555868
0.5737541008995457
0.6551062692917787
0.5710511912236452
0.5990369926372742
0.5326712418616985
0.5619934238067671
0.5708620130259735
0.6096849791870036
0.6438696376386709
0.6438696376386709
0.5690687123153473
0.6276563874130442
0.610453361669832
0.6075256151574546
0.5721988462645935
0.6049040322875239
0.6227810255692665
0.5725409045794225
0.5287287057788449
0.6038507325143675
0.6356801405151704
0.6245750720553809
0.6003368864129636
0.5795457232474418
0.6022495734409693
0.6328709716072975
0.5858096948682221
0.6064488935079789
0.5649425134320667
0.6038762623742426
0.6020267672972437
0.5922040924239539
0.598991429215174
0.598662567916612
0.5988583410705525
0.6059753681807325
0.5978272416713208
0.6089881857559225
0.5581074932881677
0.5970608245911224
0.595023880104145
0.5621201345766638
0.6026065676102677
0.5662582309036895
0.5966248994844386
0.5617074547624754
0.5675716774223556
0.6103995469544493
0.5600314827573909
0.5615084422318094
0.5841918434668512
0.5638790404518048
0.5780279021084925
0.5606916704417645
0.5231733300764128
0.6188323158956179
0.6163304232111877
0.6001198284309849
0.6082278466797495
0.5907182323499369
0.5223719459676708
0.5974358952117318
0.5230787869129058
0.5818936049406609
0.5466082937056458
0.5949168955032287
0.5760724754121186
0.5975469224728297
0.5542093670939999
0.5531604177398175
0.5745759582157939
0.5831425262659707
0.5588544464305362
0.5821860406412672
0.5808757662063206
0.5114388818540804
0.5141589082311944
0.5578438889366969
0.5113668262225406
0.5379460449070756
0.5070164948966395
0.5302780065660521
0.5553745703951652
0.5454827828229143
0.5790976570293207
0.5281036173626914
0.5263023745484968
0.556171357532801
0.5716576424216339
0.6640165678355499
0.6081128996696812
0.5894055412283089
0.5907980867706346
0.5148826774609611
0.6248951324765707
0.5702067289955437
0.5824787550562643
0.6038164470737927
0.5946332564975116
0.5635714635455771
0.5027269261492536
0.5039984715668504
0.494904396145769
0.572816664874894
0.4922819918981203
0.5450765013366884
0.49083216933494683
0.540269109296956
0.4890874834248938
0.542229647148359
0.4874835010461511
0.4856547169665489
0.48465120853482074
0.4839036866727454
0.4837073098753247
0.4829534770942928
0.5316955638432225
0.482462337459244
0.4771816755839152
0.4771816755839152
0.4771816755839152
0.4771816755839152
0.4771816755839152
0.4771816755839152
0.4771816755839152
0.4771816755839152
0.4771816755839152
0.4771816755839152
0.4771816755839152
0.4771816755839152
0.4771816755839152
0.4771816755839152
0.4771816755839152
0.4771816755839152
0.4771816755839152
0.4771816755839152
0.4771816755839152
0.4771816755839152
0.4771816755839152
0.4771816755839152
0.4771816755839152
0.4771816755839152
0.4771816755839152
0.4771816755839152
0.4771816755839152
0.6661889218080159
0.687290566935138
0.6805116558470261
0.7023071755312545
0.7106456739246413
0.7244484865356837
0.6965662321824186
0.7142535013915122
0.5928445602510134
0.5559412264589847
0.6761317400739467
0.6372168006372941
0.6108992628777942
0.5768003201597249
0.6131272099528873
0.6133544230947223
0.693915423018304
0.6665699724787127
0.6391262890034138
0.6730726974883908
0.6503519274471784
0.6695578060247454
0.6680960566604951
0.5532582555365179
0.6500687951865979
0.5853091954787166
0.6610534891752131
0.6590424094607958
0.6797936947499815
0.6719819006704985
0.6591150813910861
0.5491881611515077
0.5982911943441113
0.6708553538160313
0.6690471942407491
0.5739196917453488
0.5841531321743413
0.6068871262361634
0.6205970953654235
0.6121735980145447
0.5951380045676589
0.6472912879996409
0.6143547216945062
0.6417842236080821
0.5717647482991467
0.5825582705685834
0.5389893958066865
0.566326103368577
0.5485918860283772
0.6661376202894542
0.6661376202894542
0.547917437284003
0.6361922302081146
0.6586761100075323
0.6586761100075323
0.6586761100075323
0.6586761100075323
0.6526262581860061
0.6526262581860061
0.6526262581860061
0.6526262581860061
0.546455868215777
0.5685296516215596
0.542101858416027
0.5653213029599302
0.5989149044286295
0.6359751555263939
0.5416133440128126
0.577775544289839
0.5614724961809351
0.539453245158736
0.6385314572693785
0.5366528716901692
0.6423176454828824
0.5857547455917769
0.5632980839009166
0.5414856629682001
0.5436869904431898
0.6379519254043631
0.5614815702743128
0.6258708240785336
0.5868529717417108
0.625741234365512
0.5358872057465661
0.5338564812753972
0.5558805784460409
0.6030560582353595
0.5931603890452852
0.5884838846542929
0.5969622339988209
0.548946422472029
0.585755470047314
0.5532321886825831
0.6009059056474904
0.527182215766155
0.5698071170725334
0.5292278368368367
0.5303808047399822
0.5278430985693194
0.5732753339955868
0.5284027129365347
0.5288279032178713
0.5963181241689391
0.6112465575845217
0.6042025771426573
0.5667906894218918
0.5582631974247779
0.632338092784722
0.5819229506680775
0.5737750712878918
0.5621437511869607
0.5561630199128089
0.5784741507319947
0.545475525343574
0.5317196645467266
0.5406982284996139
0.5367514015517831
0.5830933702313871
0.5426272778844871
0.5442114992482692
0.5825218618772421
0.5435859212223627
0.555792307114208
0.555792307114208
0.5350893684776834
0.5453783622745372
0.5723837814128522
0.5541803257214283
0.538133485387433
0.5502890827486555
0.591834909958708
0.5392631337721805
0.5303085269157924
0.5288343174705431
0.5030970663656607
0.5017735630032587
0.49976887260965236
0.5275322114085231
0.5266255227069908
0.5258245346534063
0.49939192616076156
0.5177115539823456
0.5278529406760897
0.523544939792176
0.523544939792176
0.5195864308745266
0.516999022741615
0.5177979663100867
0.5177979663100867
0.5177979663100867
0.5096239208774257
0.5159331310753976
0.5222973949251671
0.4948704681537474
0.4983516162630667
0.523686933501789
0.4921045137851448
0.5002472040695781
0.49137912195991695
0.4771816755839152
0.4771816755839152
0.4771816755839152
0.4771816755839152
0.7249385370279403
0.7120486987424784
0.6855215271777813
0.611184898304686
0.66172315973538
0.6508290553898967
0.6500382714207076
0.6559310498203743
0.6357705067059407
0.6415175366648234
0.6462261201850384
0.6068163576272827
0.6050539757874827
0.6395094447171916
0.62188358399574
0.6387032223113439
0.6345732396668228
0.5914834866383347
0.6424791991313875
0.6399452802759495
0.6287497375061027
0.6261087360171832
0.6408901854338627
0.6377186176165586
0.6390080880443872
0.6278664769012569
0.5769500398357814
0.6208704833485311
0.5702270570136483
0.6274082890860694
0.6291924788777847
0.6298946003848178
0.6171500891915328
0.6245061195318203
0.6355304344589295
0.6103922825704653
0.5566826360588288
0.6282471627372749
0.6404449799395179
0.6493817896162682
0.6286936470231065
0.6209832817348687
0.6087379816464225
0.6135431390856537
0.5751982699336144
0.6153728656845673
0.619095341729865
0.6094107293294259
0.6334768211514312
0.6346390908590713
0.5361364202687211
0.5801869956442361
0.5715412957122932
0.5831675474698927
0.5762403753460835
0.6283302187855668
0.587906599555317
0.5711025089684698
0.6176597439651315
0.5645724560704534
0.5602338492151983
0.5620739167825954
0.5844974859973042
0.5765512920100914
0.5610906512944619
0.6078643186977817
0.566390534605505
0.6129412566821786
0.5716558935746738
0.5892969328138561
0.5858854946954611
0.6028147159148636
0.570312722651798
0.602889139698425
0.6348591129356982
0.553550460591274
0.5266045479036905
0.6182288580213863
0.5812985824812814
0.5757577873842618
0.5800091214281999
0.5586393468517531
0.5974007341936778
0.5632094228961485
0.5955175514502876
0.6181985531613841
0.5237626602452389
0.6238012871311722
0.5831339009726182
0.5565290497948967
0.5718994493451605
0.5837271521849825
0.5651349998588655
0.5290426739983234
0.5950725298919203
0.5841663809760903
0.5222086646480399
0.5150568094423097
0.6164668170748585
0.5787572366488868
0.5787572366488868
0.5271366016232109
0.5766977422281202
0.574395645451917
0.5608599081438357
0.5707492364246812
0.5647265798719002
0.5666657506610143
0.5676227137178512
0.5570039399163367
0.5648908955568002
0.5914658804917334
0.5208798325084082
0.5494158963642166
0.5899036350188919
0.5193416799821847
0.5618142551745453
0.568474431201809
0.5154974803245005
0.5146404048373999
0.5166812334240733
0.5156376940446354
0.5634431311623382
0.5542087699301403
0.5627055929010398
0.547859645479909
0.5132687820342815
0.5453566254316077
0.5124505406712045
0.5495369790856066
0.5691791026229913
0.5124835891479803
0.5116890577220317
0.5138601324440574
0.5118025513240856
0.5782784625282699
0.5073913764250559
0.5060383619397919
0.5258179024825951
0.5028271191481313
0.5002676990696888
0.49614104966524325
0.4771816755839152
0.4771816755839152
0.4771816755839152
0.4771816755839152
0.4771816755839152
0.4771816755839152
0.4771816755839152
0.4771816755839152
0.4771816755839152
0.4771816755839152
0.6969494252148178
0.6450938957330109
0.7124215673606895
0.6769813316544517
0.5724087049407297
0.6505830711615288
0.7070352089993361
0.6562270173595954
0.6375823516923363
0.6742259760599412
0.603045640001554
0.6563014391038645
0.5630795366564255
0.6461362801367613
0.640986741543296
0.5625610485096924
0.599043814364212
0.5938592098667754
0.5551447618853442
0.6546088261159111
0.5929727120712268
0.6092725777017394
0.5581742969556704
0.5904411666905031
0.5486722723083197
0.6879495550264366
0.710678671874131
0.5858101577450416
0.6483147177712755
0.6294507238500489
0.5838911866780377
0.644338768321456
0.6365477075839764
0.6350289269233017
0.6545721117694011
0.6827933016400898
0.6150017550348147
0.6255302024691384
0.5542441901188583
0.5907915429805296
0.6205677358263175
0.5495420339081262
0.6186672748107179
0.5878541388190553
0.6194111285562962
0.6553112855658252
0.5665196495750282
0.6173019940162283
0.6254392955647983
0.6424502553469383
0.5648344335806204
0.5393114725594472
0.6305358741619398
0.6141706544567638
0.5853560693623989
0.6730542507612959
0.5427964938270181
0.6097368420523888
0.6233615714460239
0.6226629137701886
0.5969504045691124
0.5909020691879716
0.6274817230933617
0.597034784592635
0.535703718213916
0.5340198069054158
0.532085576494418
0.5341262214252314
0.5321615216229423
0.5345624733188769
0.5978727142504043
0.5302951375404367
0.5319031287328811
0.5722948161723354
0.5338628332570774
0.5282571483573649
0.5889827831320432
0.5795679904603622
0.6352035543655377
0.5785594583536898
0.526738112107428
0.5878075956614007
0.6202154854241515
0.5793697113588527
0.5313706921521075
0.5541169140117493
0.5318514604520519
0.5260920696918276
0.5283641462536794
0.6232554291183806
0.5296434670660655
0.623747711900323
0.6155155392284246
0.5827239152356888
0.5267636067720536
0.6266410642227368
0.6074748642878209
0.5726991969210199
0.6153325329721302
0.5982282150411857
0.5216816624029291
0.5221970152605151
0.6203426329615351
0.5751166380117395
0.56617449910692
0.5226876077571321
0.5224127049116767
0.5243232151518256
0.5648982537288442
0.5763582174910756
0.5709725541595941
0.5446191291576887
0.5182195146348715
0.5174152575065494
0.538009413895637
0.5154813154061704
0.5141992554096326
0.5137222147309811
0.5129756936452262
0.5124538861908804
0.5115815951970223
0.5622907255113602
0.5665921070855103
0.510063861885366
0.5584464863780534
0.5286359030937091
0.5390195417404565
0.5095520391783918
0.5437454224117088
0.5047645905062843
0.5078762950699581
0.5011147850067588
0.5023029025708869
0.5009268094311304
0.5256535847340336
0.4960853573955418
0.4956078218002138
0.4949240210218793
0.49217033815814515
0.4936799822607023
0.5044258170690701
0.4878625777061349
0.4771816755839152
0.4771816755839152
0.4771816755839152
0.4771816755839152
0.4771816755839152
0.4771816755839152
0.7378462452666534
0.6528818431485036
0.6817487365131942
0.5658228154624398
0.5887890099009273
0.6280533074407474
0.557477129854144
0.5922787102277045
0.6032118997489245
0.597506592937028
0.6129168876511002
0.5753260759101513
0.5700543468116152
0.5454690607313081
0.5548554488082121
0.6020108889496993
0.5466389844985742
0.5908490606170892
0.5535651312148808
0.5626643830351084
0.6107526812310922
0.6362364130241105
0.6201617593652716
0.6076703764281374
0.5895788181910684
0.60078591390725
0.6370791031177528
0.5962655843226157
0.5979458443142817
0.5552155927874273
0.6254236443711255
0.5875228850107317
0.5906381614202952
0.5874202712130253
0.5953039936158875
0.5812917649916769
0.5912868594780519
0.5867353156243307
0.5939691131244933
0.5817599262965996
0.588327779306878
0.5832674767930682
0.6019708625026937
0.5884891845446792
0.6013974396419869
0.5583991090161298
0.5936247109743787
0.5917924944549637
0.5871503159147757
0.5889906623853501
0.5866879366447756
0.6077332944061351
0.5723763992460417
0.5338329323136776
0.5646658416425318
0.5698704096115934
0.576304179999413
0.5880105665420899
0.5974775679643123
0.5752479393180466
0.58324157882104
0.5810052915487173
0.5916292062159588
0.5669956922769022
0.6009418560046399
0.5801923061367147
0.5715347907550373
0.5722913529271527
0.5872300147837387
0.5898430970761939
0.608699763160121
0.5702472894765938
0.5911426780561169
0.5666030259718036
0.576976105317698
0.5904990647632873
0.5913655256255284
0.5913655256255284
0.5913655256255284
0.5913655256255284
0.585182239395997
0.5800333978101466
0.5800333978101466
0.588559931100435
0.525159047003972
0.5865738134507258
0.573310071215603
0.5283330679506765
0.5760332040372135
0.5760332040372135
0.5242756294460692
0.5936225184275573
0.5680636332636128
0.5761026195751668
0.5684344195496908
0.5928834848611773
0.5940545903554724
0.56724600913292
0.5826818189406602
0.5688493510468285
0.5726999252329522
0.5699211899605164
0.554318959686506
0.5241744363099927
0.5622962658809638
0.5564428344850464
0.5773635970520236
0.5285868119628409
0.5709122755569123
0.5740295357803534
0.5938684179328015
0.5660188457023223
0.5264796677907352
0.5691682993553291
0.5216381558727615
0.5785874912157788
0.5221701877228643
0.5226765339421537
0.563654359767936
0.5745438798345431
0.5775215090106374
0.5591832015391291
0.558583764832743
0.5174538029386972
0.5171879670022045
0.5522020899126471
0.5160737063770976
0.5395250816924989
0.537780848232158
0.5173467632927747
0.5721090322631747
0.5152191654361162
0.5140959570965802
0.5138619210548602
0.51302051613629
0.55437356527028
0.5497600740520318
0.5580415217703182
0.5093790937670243
0.5079322271008643
0.506606238358627
0.5046781128209126
0.5231009114097319
0.5305311151756549
0.5233566233844098
0.5279750460185423
0.49249116657039066
0.509622677863328
0.4904894684776862
0.48479789979474963
0.4771816755839152
0.4771816755839152
0.4771816755839152
0.6846019918517576
0.6146049024575309
0.6924346659728687
0.6343108161616138
0.5690391145250159
0.7067322208220587
0.6669367846747024
0.6017439311044106
0.67897258567482
0.6722743350086148
0.7137047666618335
0.5525075129653777
0.63920563517655
0.6714193002333384
0.6316790257846121
0.6826172264557354
0.553915188210094
0.6143710798102877
0.647773664846214
0.6175526823644637
0.5786970164404172
0.5968853470738003
0.6489692624378373
0.6147308965380279
0.548283663024125
0.5452396371778716
0.5520716279000407
0.6203221686250397
0.5735457678481489
0.5869010409573332
0.6409358267434354
0.6105059526447817
0.6939884979245016
0.5457703336269252
0.5507499100175755
0.6017707688879911
0.6076906696391516
0.5789636355569732
0.6351774024165161
0.6489514535825021
0.6290604567769777
0.5487402081064652
0.6249564487154092
0.5918507122426238
0.6105069919611344
0.6316636555534199
0.5948417795535383
0.5440761342514281
0.5641443373124606
0.6643899100894151
0.5407635999387984
0.6441907040599487
0.6441907040599487
0.5386841282372103
0.5826500354517313
0.597756014751298
0.5416793479041954
0.5747296103974073
0.6025394675756287
0.6381353688767607
0.5423969744979315
0.5654700321176419
0.6058776388688026
0.6114088722661124
0.6206884172473561
0.535523031528535
0.6173263961516944
0.5372146565651823
0.5344398297630303
0.617484205696054
0.6094692120803816
0.528975041680189
0.5587368376112565
0.5695336795584289
0.6075544176539716
0.5568827961577106
0.5311610230030296
0.5312504039777577
0.527217174490234
0.5333976236503879
0.5759081880454154
0.5765615027362265
0.5572593415590937
0.5446114642355265
0.5594520484409934
0.5901401072525477
0.6045398095176397
0.5993892463547136
0.5715741355226772
0.5954024331247728
0.5256103341742736
0.5275747269157974
0.5877354512511707
0.5562117571576362
0.5659147751985673
0.5207007732351289
0.5232903636241818
0.563154763019228
0.5236304164995882
0.5513912522669705
0.5211382713992337
0.5789716375858148
0.5641666393734494
0.518717496369298
0.5404381868840777
0.5172435992611198
0.5744290944740299
0.5165254298954582
0.6036288327983216
0.5151790368866169
0.5602829748778363
0.5150786954987825
0.5180048620535859
0.5131212100244759
0.5613608885490257
0.5128458700218441
0.5373359594658116
0.555707739313806
0.5120461749049355
0.512373535300938
0.5031689088265152
0.5011864320868333
0.5006702173047691
0.4962741648274521
0.49642365391253523
0.4951682009292962
0.49268500785476005
0.4899676541950793
0.4771816755839152
0.4771816755839152
0.4771816755839152
0.4771816755839152
0.4771816755839152
0.4771816755839152
0.4771816755839152
0.4771816755839152
0.5712238887479397
0.682869555330501
0.6702499441540279
0.631997828663713
0.6357283914578723
0.6396092635105914
0.6722982803453318
0.652148346080102
0.5250713247203913
0.647449691711491
0.6499321217466109
0.6169885598370379
0.6583541988411633
0.6466539473496992
0.6283343759788796
0.6513724680565703
0.6272131333924208
0.611547697533703
0.6412350392395656
0.681464969063973
0.6422595014255957
0.630899327100683
0.6201301357135665
0.6509281882233068
0.6471835025547232
0.6632004960849753
0.610252148909797
0.5206584774683838
0.5205497375247163
0.5211673165450913
0.520348729186013
0.6564389673577361
0.5186632360823168
0.5179182330410739
0.6188715147859696
0.6247651962460954
0.6238906014067099
0.520586152782951
0.6171085295601285
0.5937355480542718
0.6103205398563297
0.6307368139542275
0.6027569010832938
0.6563602451593112
0.5181876102565082
0.5155223072307632
0.514910341809114
0.5201682937695596
0.6210749368138017
0.5767815362481034
0.5949933493528267
0.5948421270008529
0.6111115022788649
0.6465424911356644
0.6062988859682997
0.608769756166412
0.6343771691531471
0.6099396297371005
0.6081706604138086
0.6219320932056517
0.6341541926670565
0.6190477045432673
0.6111934718427263
0.514295183333932
0.6139395762639653
0.603531932924159
0.6119425929833068
0.5935948791045722
0.6086034348015118
0.5162041819890771
0.6323894741602649
0.5123731399785572
0.6169567398443603
0.5969171037612604
0.6312065900166611
0.5116550373962425
0.5123541680735645
0.510183779327408
0.6374549489360333
0.6087300586452373
0.6035528118610295
0.5890788796044512
0.510808573976392
0.5103812915300547
0.5955991713098039
0.5088408243818522
0.5078564794501041
0.5985601721849366
0.5979945533568468
0.5073161683298463
0.50666477315698
0.5507527974931927
0.5021669887507544
0.5009719746750178
0.5007073137889284
0.5000708593363877
0.5881562254585555
0.4990624657788792
0.49919583839792936
0.5996811567352995
0.4771816755839152
0.4771816755839152
0.4771816755839152
0.4771816755839152
0.4771816755839152
0.4771816755839152
0.4771816755839152
0.4771816755839152
0.4771816755839152
0.4771816755839152
0.4771816755839152
0.4771816755839152
0.4771816755839152
0.4771816755839152
0.4771816755839152
0.4771816755839152
0.4771816755839152
0.4771816755839152
0.4771816755839152
0.4771816755839152
0.4771816755839152
0.4771816755839152
0.4771816755839152
0.4771816755839152
0.4771816755839152
0.4771816755839152
0.4771816755839152
0.4771816755839152
0.4771816755839152
0.681877855342488
0.6875927805848396
0.5530428596058047
0.667388710094041
0.5606093824131132
0.6312034407933306
0.6759785370192748
0.5490800468349962
0.6544424807410046
0.7086585704752224
0.6435945804091099
0.6423406298037817
0.6846435455369494
0.6707210044020134
0.5453103212449086
0.6261900278669464
0.6512516803120442
0.6471629123676703
0.6702761640672078
0.6089475927484398
0.5611637971062675
0.6027622064399745
0.6640830192995099
0.6292508315336746
0.6949000569498367
0.6265834011148238
0.5912194448114219
0.66599798290228
0.6156300692290386
0.5905071655002625
0.6545191376640407
0.5422362281886282
0.6447283842951245
0.5359311199441247
0.5607581307368784
0.6382524827406405
0.5407480030679794
0.5440409531859653
0.5607675892007201
0.6434862009292621
0.5354511855785961
0.5864671703004374
0.6379271955099947
0.5695478471026724
0.5728130583832387
0.5819055277050741
0.5323387216473732
0.5927975514278079
0.5702727912939395
0.6173689229005336
0.6007093422955283
0.618937802818954
0.6504285590191626
0.6245195321915497
0.5268440600573351
0.6205314206297602
0.5985702860639781
0.5275596795833589
0.599917312327606
0.6312374902823951
0.6312374902823951
0.5296373870055943
0.5294399958400278
0.5300728459095627
0.5280702099431954
0.5745787906008337
0.5729726461171629
0.586217481334135
0.522470375904692
0.5901877685078396
0.5845595486522626
0.563653498038187
0.5648724121964351
0.5867692477893662
0.5758137453120198
0.5959254794731855
0.5837225294828657
0.5837225294828657
0.5262545029357248
0.5529487165187555
0.5254541085700957
0.6119721052808377
0.5869460494611288
0.5721010538267227
0.5654513388012364
0.6132676098320323
0.5215654101526807
0.5401824415792318
0.5237716588073335
0.56407106537962
0.5875474267419011
0.566233126523866
0.5270106301298606
0.5216481404265074
0.5596524563548934
0.5195954892601584
0.5541913189913225
0.5838860792073787
0.573680720265159
0.5150101427547179
0.5583296681444544
0.5186581572809355
0.5170589459809359
0.5915380791277275
0.5875025773128955
0.547036082918001
0.5154379278765663
0.5144457295323849
0.550994906091779
0.5141089596868202
0.5552383788451333
0.538585299784493
0.5469880468967382
0.5133307195840849
0.5134162524770862
0.5117834612246172
0.5437904608555296
0.5436047070382378
0.5069891806679637
0.5083017632038525
0.5350566466262655
0.5447546322005389
0.5079097630216397
0.5325547611400852
0.5492651776144457
0.5517348606648363
0.5448394996226297
0.5273416513137267
0.5483179370389732
0.5332074583731607
0.5255875927389203
0.5336328381026642
0.5415330018375349
0.5454363794463505
0.5439502794176992
0.5405755610337096
0.5331886984598834
0.5022469247642555
0.5259389110527265
0.5023914849827947
0.5372201797335615
0.4971548708257257
0.4956268264614542
0.4954522559856183
0.4962545220581812
0.522437927588804
0.49395108564282436
0.49402368486853093
0.49404637142127295
0.4930932456804747
0.4921253033243403
0.5113283865181502
0.4900813746736958
0.5121905047406157
0.4908655663551032
0.4905955814706634
0.49029612104893705
0.4771816755839152
0.7382401373028525
0.6536072306722065
0.5669803350921756
0.5655343116221753
0.6447282670739262
0.5491766478812172
0.5587921876785412
0.5512306631118756
0.5551755488345123
0.6349222878008347
0.5566633273395052
0.6158289447817042
0.6936030558603581
0.5560769822359642
0.5544337253082285
0.5959689890759912
0.6885689132326525
0.545768437771568
0.5997636954239915
0.614314774460368
0.5349790497684638
0.5355201525561466
0.6007851833324293
0.5889407179336024
0.6819142763879852
0.5996456078526469
0.5894306601851927
0.5268202993667992
0.5997917879183768
0.5926448557519937
0.5276403896787215
0.5733561732558873
0.5231625228482616
0.5252212140081682
0.5232738208181255
0.5351102902732515
0.5239750671932736
0.6220623728260136
0.6287180726248435
0.569484166739522
0.5832570007079173
0.5836086378402721
0.518531369690769
0.5725751706778431
0.5585506876649602
0.5804474754198664
0.592623580040705
0.5216679469444486
0.5820636630824255
0.5151693656846091
0.5776341736530063
0.5941426935349967
0.5974381489686587
0.5789136876945231
0.5840829342109561
0.5761916967809981
0.5822832045726198
0.569702506661334
0.5855689958238102
0.5147241917477231
0.5504090181492325
0.5181194003340915
0.5162932133714628
0.5978463198301587
0.5849807719703403
0.5161541856310906
0.5170113425300195
0.5662237406602827
0.5728193755476272
0.5702900503206308
0.5797309084859356
0.5148023723996652
0.5144774349197817
0.5746000257118071
0.5882178351623664
0.5651423417758763
0.5182272288737106
0.5659724754937165
0.5166236066255024
0.5157573902402376
0.5137330578163993
0.5173915099470133
0.5162199533672303
0.5144506173423266
0.5158913281628633
0.5655053167566699
0.5867780165499099
0.6035887548537265
0.5142219674992783
0.5544889712077802
0.5613847311759299
0.5124055278194277
0.5150085109368764
0.5622679739468691
0.5149201053848284
0.5131465369512968
0.5116089875610206
0.5908699361867498
0.5597421220844838
0.5597421220844838
0.5708116494092611
0.5135102437718166
0.5631716130817428
0.5134369507600364
0.5148356877878674
0.5121008546622741
0.5116395018688117
0.5134043925260272
0.5111154871643077
0.5552101418039634
0.5130544095844729
0.5097689859153007
0.5640829698427274
0.5080037425770743
0.5713990662371451
0.5597804496773511
0.5100285398652833
0.5539346836842555
0.509507032813459
0.5149006590550183
0.5535807857977286
0.5068724265770657
0.5084001987377388
0.5051414482559238
0.5043230904337995
0.5065092177212047
0.5078577409203555
0.5095731017520636
0.5054612912533508
0.5051879680815184
0.5044744336548195
0.5032194032999082
0.5024805278542513
0.501536753849691
0.5020525727875745
0.5016388398846646
0.5079367823593472
0.5007345569745318
0.4992225554752301
0.49925419582078445
0.4998569578191875
0.5614121181022678
0.4982626164742612
0.5031676369533417
0.49836242334246633
0.5016515861002232
0.4989018005663819
0.562943844156462
0.49899445892000216
0.49793464839657303
0.49555464042664593
0.49681440269072386
0.4946399441697897
0.4923314122383909
0.4926204714183917
0.493318151759888
0.5373259401867838
0.4918287494326681
0.4908912202469376
0.49021662708625896
0.4906230767889022
0.4890096036259447
0.5463825500580437
0.4885412081841075
0.4884546277237498
0.4848104897923706
0.5340413629374173
0.4771816755839152
0.4771816755839152
0.4771816755839152
0.4771816755839152
0.4771816755839152
0.4771816755839152
0.4771816755839152
0.4771816755839152
0.4771816755839152
0.4771816755839152
0.4771816755839152
0.4771816755839152
0.4771816755839152
0.4771816755839152
0.4771816755839152
0.4771816755839152
0.4771816755839152
0.4771816755839152
0.4771816755839152
0.4771816755839152
0.4771816755839152
0.4771816755839152
0.4771816755839152
0.4771816755839152
0.4771816755839152
0.4771816755839152
0.4771816755839152
0.4771816755839152
0.4771816755839152
0.4771816755839152
0.4771816755839152
0.4771816755839152
0.4771816755839152
0.4771816755839152
