0.1179456938787674
0.044796810049253205
0.04208235028355072
0.030536845435854047
0.03377945827630659
0.08086071628921976
0.0385648567827108
0.051194907949926954
0.07417017502244562
0.06834841131387899
0.07024863578456765
0.07343832284600163
0.048130529602058235
0.0491461305359068
0.04036999425850809
0.05053055158505837
0.04356583807695036
0.04888027524420371
0.038429396098169186
0.07163976667371268
0.03305538973538205
0.03798819281936933
0.04924830640433356
0.07049054481089115
0.058580294560330606
0.03587883822464694
0.050160084955083825
0.05519805774403115
0.03823157152471443
0.05337728567887098
0.06513668154521535
0.05272091221762821
0.07558368075483789
0.05571858458919451
0.045498411478474735
0.07328021284891292
0.02964337751812612
0.029331569529604168
0.061169858071176954
0.07641350135440007
0.025164054204554608
0.018822964882904972
0.031953051688033154
0.032601070757373236
0.060783495781943205
0.03277485754127459
0.020547172949300148
0.02043427758171068
0.01865743220182291
0.02292314300662838
0.03274900800121638
0.021034453680816415
0.04507072453193056
0.018585958345405138
0.018304512876008327
0.02042428096678729
0.01912951363735677
0.06276724894957927
0.016175013696580816
0.03333142340920555
0.017150661950193657
0.08279349316299582
0.02427522271638736
0.031355874727790556
0.030737579060563198
0.03430561145612349
0.031860598205433535
0.0308315334833848
0.0328572184064736
0.027545623833624026
0.02952897092948357
0.02952897092948357
0.02952897092948357
0.02952897092948357
0.02952897092948357
0.02952897092948357
0.02952897092948357
0.02952897092948357
0.02952897092948357
0.02952897092948357
0.02952897092948357
0.02952897092948357
0.02952897092948357
0.02952897092948357
0.02952897092948357
0.02952897092948357
0.02952897092948357
0.02952897092948357
0.02952897092948357
0.02952897092948357
0.02952897092948357
0.02952897092948357
0.02952897092948357
0.02952897092948357
0.02952897092948357
0.02952897092948357
0.02952897092948357
0.02952897092948357
0.02952897092948357
0.02952897092948357
0.02952897092948357
0.07550179584262272
0.10572959582321345
0.06697172636631876
0.06156693894105653
0.06962123511591926
0.0916482970615228
0.05688987368019298
0.06873372089583427
0.08257044295780361
0.08007913197934007
0.0641124741639942
0.11621136376944681
0.06251838043952981
0.11182025756376485
0.11182025756376485
0.07710511050807933
0.05834004857887824
0.06190317945865293
0.06438410680430631
0.08304700708327194
0.08304700708327194
0.07748004445767341
0.0474944105775406
0.08280541521807512
0.06772765929810703
0.05580558601611604
0.059631410144890346
0.05644454190662752
0.05971127341656635
0.05089570527120183
0.05076624913296352
0.03833324098028243
0.056977271356930335
0.0721495849872008
0.043334050419895596
0.06106583919686576
0.04854058198165148
0.06275955280289054
0.06145182938314974
0.059954020973915854
0.047376331943863384
0.04703132110182196
0.05419136378758897
0.07148178353905678
0.07049235110947241
0.0741808424036329
0.04791259775403887
0.05767324449804922
0.04723482680041343
0.056713691717013716
0.04990442388691008
0.05697361740594109
0.05661380517917375
0.047128048910138505
0.05874191105365753
0.0603817301724727
0.05167119317532828
0.049050829739620286
0.05882057998795062
0.051406919330668946
0.05169628009044876
0.057393271479134755
0.051109474391366046
0.06570952680738022
0.050228733752543726
0.05112577259230117
0.05958745169453323
0.05286377639897789
0.0461799559990565
0.053943226899330815
0.04735591940193747
0.03599178325074415
0.06052652402470509
0.057726353475203114
0.04924547461715217
0.052370204355102035
0.056108637780416755
0.041794529096999516
0.04763482730835676
0.04163271503173746
0.050461010954653225
0.05661114178597927
0.047779067194399734
0.05486802587440858
0.04975579942887028
0.040421003138568876
0.05512996635011708
0.04836588356721525
0.055400530191448825
0.05540500676259399
0.0459162035669821
0.04598312595471119
0.04640633646786834
0.05021923317108303
0.0524601487768814
0.029695057444429646
0.05521395253250375
0.051921386392011
0.04990115173626691
0.04768122822628357
0.04805466760531999
0.03600863249351581
0.05076484950104108
0.04939435027074069
0.04573134638912355
0.041968776119562484
0.0342283058577838
0.032702082687367996
0.038458640743047
0.0477020757800589
0.06690103952772915
0.03024089107910792
0.026713544249068945
0.02704966435596968
0.05515714085660875
0.029354820361089273
0.040288593215712654
0.037026771140129616
0.0202373681931446
0.03567266579950228
0.041710553721835214
0.03864599540363997
0.017003839090660524
0.040312761057478684
0.042434159168042246
0.0411104035951818
0.03842914683045819
0.04504304754004503
0.0422897662439694
0.03774215422648316
0.015396304718451574
0.04107837944213922
0.04543821273759628
0.04074147495363529
0.0400681668597584
0.03984321748294557
0.039635226551909
0.03988594111132746
0.04665949454841514
0.04283606803044677
0.0401929501692454
0.04799712198398386
0.0430498766930153
0.04090161856962368
0.04406514458746339
0.03870375118373583
0.037538262545131144
0.04166727667829643
0.0446575168822892
0.04381227818705762
0.04351412528272097
0.04306125631245474
0.03738456612064814
0.06190917537237207
0.04627943156985566
0.017127302834026827
0.04150462361828734
0.051557577378116545
0.04034407370180512
0.03902807779998208
0.04336462308652699
0.045392234430182726
0.08018680610228329
0.04272793904955809
0.04545917495464285
0.04845402998616919
0.03934793101623654
0.06603339727191876
0.04593446749805783
0.03852738976944238
0.04688344019775589
0.06299040253584584
0.06299040253584584
0.021019665005927283
0.05634605023389061
0.05634605023389061
0.05634605023389061
0.046215024332826336
0.03843999344777937
0.04397402681255092
0.03533172531441475
0.037326253029362606
0.049707573948738475
0.050532259753284355
0.01731933782750275
0.04511053529568017
0.04368912882326792
0.04368912882326792
0.03649908531728822
0.040643506382281584
0.037545561550650745
0.021398798362351954
0.016725639375896814
0.04873422616704678
0.04999097543302924
0.040346949187417824
0.03752009061165154
0.042766647134752325
0.027513211951591076
0.033600222928604734
0.047811940086539835
0.03316244004216666
0.03280906109294544
0.02241399378826221
0.02591443738124023
0.021793692734402913
0.023402782819466665
0.021259549733561773
0.016600749226248202
0.02102951048873365
0.0217328555668549
0.01715719837831178
0.016195326321564306
0.035161517245384556
0.016815221018041483
0.01806029389825805
0.016920336019441796
0.01885464880421447
0.034443611352859685
0.034387165394146
0.017255178639316
0.03539297872921452
0.041803492956872405
0.017178813191712834
0.0457445134940402
0.017158040613673316
0.04117258934808585
0.03715726260988352
0.018159751703302997
0.017892752749030478
0.041114064040981856
0.017686789562964503
0.02233994082470114
0.017421851978676083
0.03648709672231538
0.016186574774910697
0.015952429907823293
0.016252776204103914
0.03705858832128191
0.046057169610091174
0.027506467065541072
0.02768777381667557
0.02952897092948357
0.02952897092948357
0.02952897092948357
0.02952897092948357
0.02952897092948357
0.02952897092948357
0.02952897092948357
0.02952897092948357
0.02952897092948357
0.02952897092948357
0.02952897092948357
0.02952897092948357
0.02952897092948357
0.02952897092948357
0.02952897092948357
0.02952897092948357
0.02952897092948357
0.02952897092948357
0.02952897092948357
0.02952897092948357
0.02952897092948357
0.02952897092948357
0.02952897092948357
0.02952897092948357
0.02952897092948357
0.02952897092948357
0.02952897092948357
0.02952897092948357
0.02952897092948357
0.02952897092948357
0.02952897092948357
0.02952897092948357
0.02952897092948357
0.02952897092948357
0.02952897092948357
0.02952897092948357
0.02952897092948357
0.02952897092948357
0.02952897092948357
0.02952897092948357
0.02952897092948357
0.02952897092948357
0.02952897092948357
0.02952897092948357
0.02952897092948357
0.02952897092948357
0.02952897092948357
0.02952897092948357
0.02952897092948357
0.02952897092948357
0.02952897092948357
0.02952897092948357
0.02952897092948357
0.12024921603811284
0.09375742929056287
0.12658894912650187
0.13099715342279525
0.09239704264017443
0.06122813138179481
0.05956856870713333
0.04510676366277039
0.07602570078413312
0.030902849024472136
0.059925226646009834
0.05074002200815206
0.0492449409312879
0.06838729291145379
0.051803783959088225
0.05348287100593249
0.03551031188263248
0.044685709119463964
0.06332884592236951
0.0473150284603859
0.04765891167024772
0.04827470827692499
0.04908174586094295
0.04658441230033835
0.06537868150820335
0.040371657831128685
0.04445599804321925
0.04947602888103574
0.044762892694755765
0.043190496529762944
0.04779764284845442
0.05368131004118671
0.054275488023801395
0.046488801452020806
0.043247115072639036
0.04604933631295959
0.04705643740327408
0.0631219448785608
0.04701158913395678
0.04662594733138879
0.05457546233199537
0.0524604622569556
0.04776210080444192
0.0479541812860407
0.04397302633694684
0.050740469510977465
0.049445183338442195
0.05251200361953427
0.04825348728025953
0.050365464861970397
0.04851139112220456
0.04811558329267427
0.04751307536382228
0.05640376948596289
0.05289049148870011
0.050461002738835914
0.06631520809916158
0.04611741861638923
0.056040993189283954
0.04610519380463908
0.0478949912575384
0.04520518665357182
0.04420575520411755
0.049749998387026914
0.046560357491252945
0.05154651686859628
0.051118571295713386
0.042919143915642055
0.04340578300257524
0.05669019639259204
0.05974896866052101
0.05132010615120331
0.04880039889831096
0.03695715372140209
0.04842213754231731
0.0376538459591878
0.034992032834949595
0.039461860429146324
0.04208258660277352
0.03798776729983122
0.04223149209904174
0.055176787557429635
0.029413624540514622
0.0431982573705803
0.046452750797228264
0.04722293320732812
0.0520957427060542
0.02660386896614606
0.03336445480119437
0.035015935277139455
0.03850358473913123
0.035407146898214704
0.040599850851188723
0.05239306673873216
0.04833551577835654
0.0360711567926531
0.042092984509654346
0.02145437127755334
0.04369556320307311
0.03243433002304907
0.040814849752932786
0.04440086449186007
0.04652962313809743
0.03361852911456178
0.0676719044703835
0.02712581105103406
0.03447034702442276
0.017192306657865024
0.0383604425114269
0.041881935731119785
0.023624096798788134
0.03411570608965121
0.049556772786503035
0.029082540523959324
0.028683577718911692
0.045839950520700466
0.019261575805333754
0.06412607324076816
0.02354703543979364
0.017316361759246016
0.035458639210555705
0.02704092549625784
0.02239181471755728
0.019373244893504307
0.02301578720973339
0.03068818355173183
0.02447076649676698
0.034636835685620704
0.052658152270208425
0.036791061780725914
0.05418169733757774
0.035964343967692304
0.025684499172881868
0.03850098764407448
0.03363056965560342
0.09044615807477385
0.09421390755412479
0.12494393419163922
0.1130445182013015
0.08068372232839466
0.1075812260620296
0.07579669890925288
0.08218260848196224
0.08995879790124794
0.07835607960354536
0.07884686869258682
0.06666711643338204
0.05249466645841797
0.07241986123224099
0.08752297838645366
0.053698019531245034
0.08314309163950384
0.0639584660405914
0.055498210462586336
0.06639006602733086
0.05215043659787625
0.0637789955145369
0.06440291424437115
0.0814778098044917
0.06957086816119651
0.06849485056785246
0.05367165968908618
0.054536893751549846
0.06299242162145674
0.05069361614567849
0.06526085002503047
0.057973368880338966
0.06613856825589513
0.04959507861058228
0.06470793524524197
0.040897116500806685
0.09354249029420317
0.0640943244852436
0.04767151729553007
0.09372320505479971
0.0475892256363295
0.09600881961795191
0.044150296568404884
0.04825115646468475
0.05631683133658953
0.03407293325212474
0.05296678189033022
0.07870182902396967
0.07434065819562723
0.054131342522256695
0.08732119515382995
0.05744443704063694
0.057294129032331206
0.05424324815006306
0.07512653861194848
0.06445194250515973
0.04179908598617961
0.05873979607170137
0.06383252326243867
0.08966218423719208
0.07969360383848349
0.05292140832170844
0.08222501467447728
0.07915662825573236
0.04697396598445872
0.09767677166654418
0.053774201417109
0.05684243106011612
0.04553118106443435
0.06371758631120125
0.06038017474929802
0.043698280057869854
0.06982504557662954
0.040460730280416704
0.042472389903850855
0.04468902773805894
0.05558474820262442
0.04113998206332326
0.060408700946718456
0.04093623060500249
0.060843958612531425
0.055149799952050674
0.04248251293203793
0.053870736814569685
0.04950471840177973
0.04102443726345276
0.03489067206275649
0.052203895294417935
0.08318395916372538
0.0681383158142368
0.042614308192084234
0.06888727192456523
0.08115938656963408
0.04923042346374132
0.07567135443833346
0.052296178450536294
0.0646206753111134
0.06392173234683772
0.04598186703398824
0.06379747619153932
0.04780513886129484
0.029333445435234657
0.06433155897073448
0.03869229319059135
0.04650701821160813
0.07770604740595445
0.047916828573991856
0.050226415193174036
0.03926482503690446
0.045299809630184124
0.06844776597494881
0.06599529210633288
0.05750107169151306
0.024376138197646165
0.047589679710411774
0.04645105235666658
0.04205083162232768
0.040814215530796595
0.02415580923242184
0.02589697254161971
0.049925084793164085
0.0629900186136365
0.045580383605944616
0.05423031776833038
0.06639170061176022
0.02171892543788999
0.04193102437381943
0.01994361600993822
0.03679289795458317
0.08048962427613636
0.07744056785789628
0.05153608743101359
0.043874390468311805
0.05640221877334019
0.019091779893885056
0.039383994690918675
0.01828075266055142
0.024976593705359845
0.018949082829834273
0.025192076653862992
0.07334028742586574
0.054172029142888885
0.05106027220996718
0.020308398409591366
0.030543356931690746
0.018166685833130032
0.04068833546247333
0.018657407084635147
0.056051041572354736
0.044304551538079974
0.04476511294022203
0.02849995480927949
0.06173555023832402
0.030052348527436455
0.03302784618611137
0.04391264311426009
0.03913111874911313
0.0384110705430309
0.039118727993530535
0.03694849906178812
0.04148929774722395
0.022259395542593364
0.04208514977091302
0.049445802301634104
0.03165782197417381
0.051557405579951594
0.02112706540521079
0.027751218394842
0.03611873667803593
0.03642863824303883
0.016902397913315024
0.04242165628937073
0.05321933528544226
0.017587940041945936
0.028960639602737502
0.024603778703991944
0.020398577712088202
0.026269918722100556
0.03265753054933157
0.03293287676079975
0.027946287965169177
0.05280344158042378
0.02852482630929444
0.05468828136819259
0.052660144233183624
0.031114949052571318
0.030504429813978884
0.013852395934518426
0.02952897092948357
0.02952897092948357
0.02952897092948357
0.02952897092948357
0.02952897092948357
0.02952897092948357
0.02952897092948357
0.02952897092948357
0.02952897092948357
0.02952897092948357
0.0957617684531336
0.0943943502039959
0.09684608596377074
0.08200557286851108
0.10975703774020076
0.12010801660517852
0.08947171223970751
0.08689437381923198
0.11950712554467222
0.08859145730733871
0.08600652223142485
0.08584610344531636
0.07235525605734437
0.0903236335205535
0.07004276385220388
0.07598289534294357
0.08515952346536021
0.08783355130814016
0.10864618894954522
0.07365826563288769
0.08977025849123796
0.06820971651623646
0.061961798584088686
0.09202841060080875
0.07976607885056486
0.08277572236799946
0.0929328121803701
0.10529534372501076
0.07243365872340898
0.06759423034576079
0.07461467512883246
0.06977431126326944
0.04025110036600381
0.05033287705620751
0.09222653766473134
0.06231141738283137
0.0630585837449568
0.04104691153547416
0.05971742095580945
0.06414202343362073
0.07273705188184977
0.0463167974690441
0.06481938488626232
0.057915234918085236
0.043929978978509705
0.05692409664392471
0.061771157410306234
0.07812583392175536
0.058564126746108135
0.04472530604728187
0.057256563634922104
0.09324307303099583
0.054404320783602696
0.05838573801408832
0.048438256049606325
0.04167910862675247
0.042660532740410415
0.043282211960759015
0.06075232649610068
0.052291791738631827
0.04588234899643188
0.04320115513633937
0.053485122569836674
0.06663066134167214
0.058271976044246304
0.04557145735714584
0.05208658989596491
0.04799765669818347
0.06322255864428977
0.04672714624243478
0.042258272405015306
0.04244241956776629
0.04232838851244499
0.044715725892844296
0.0420382025030752
0.04675027624005452
0.05014813354859749
0.0417852233389082
0.08459986769283812
0.040062029918966194
0.061511744200251996
0.061511744200251996
0.061511744200251996
0.0421411906555295
0.04386747021402698
0.060170660604101915
0.060170660604101915
0.060170660604101915
0.04157782642170787
0.058111791643314065
0.03971661353250965
0.04438198249942313
0.042426723272074016
0.055106658038372794
0.045766715085483155
0.030166946835815906
0.030774841797538102
0.033337870157168555
0.03160762279682482
0.025604849274968727
0.0639137768233195
0.04826111108219872
0.03479799552277352
0.01963598869663353
0.06785725004738197
0.03164962535064357
0.032148924112164724
0.02859105392980079
0.037119976056274026
0.050212118763010946
0.039004463545667625
0.02073817561302955
0.03020872239023447
0.025755798232275993
0.039907886358754086
0.020497195622495686
0.06349433752320086
0.020525593389368928
0.023604655381059273
0.046779305875922245
0.040833833560658
0.05216399979932854
0.022736715361243113
0.027577833107983073
0.019800734649567553
0.01968375312319646
0.06946658111022165
0.018837179950205608
0.019165608512315278
0.03191213771468029
0.039369775951490736
0.030150576188849906
0.0634366293810308
0.0634366293810308
0.0540166660627195
0.0540166660627195
0.02999849823342326
0.034992547882332775
0.037267349291360004
0.03608556974349388
0.03219022742472589
0.0315764961449895
0.029947110366386673
0.02952897092948357
0.02952897092948357
0.02952897092948357
0.02952897092948357
0.08388271559340259
0.06255117734195664
0.058719799232203516
0.06422747119329869
0.06565557787427678
0.06011562360373015
0.057685969974069544
0.053201567926444114
0.10464875711748997
0.05962356433582803
0.10841475522145629
0.07029734971777847
0.07639449080762764
0.06037503339505444
0.07588089770404621
0.07588089770404621
0.062201479574820646
0.05598619897151366
0.05598619897151366
0.05598619897151366
0.05598619897151366
0.05598619897151366
0.05598619897151366
0.0622524692164734
0.060436961501060676
0.05546186732593924
0.05546186732593924
0.05546186732593924
0.05546186732593924
0.05546186732593924
0.05546186732593924
0.05546186732593924
0.05546186732593924
0.05546186732593924
0.05546186732593924
0.05853346063910673
0.05853346063910673
0.05853346063910673
0.05853346063910673
0.06878056628940006
0.05476429549123471
0.05476429549123471
0.05476429549123471
0.05476429549123471
0.05476429549123471
0.05476429549123471
0.05476429549123471
0.06836179559119046
0.09700189660924176
0.06640686531395962
0.054307744815014304
0.05468356816330924
0.05468356816330924
0.055850911591357244
0.05459213951447358
0.05459213951447358
0.05459213951447358
0.05459213951447358
0.055574113342445344
0.06655813600867987
0.055951016154916336
0.0547910232655704
0.05399049885881444
0.05226129385875538
0.06467105064541101
0.05632949519824858
0.06802526824797193
0.06985091987376411
0.054889702240470795
0.057428568521669755
0.05864203230477869
0.05524172521739577
0.04914429086027667
0.06091445136504869
0.04425826803315431
0.053452251721949624
0.05617754955931256
0.05488828224440416
0.05389935088266308
0.06381610641566415
0.0520328092846709
0.06312753817376991
0.051902774891350416
0.060560565598619484
0.04885020164074376
0.049560867010926206
0.049560867010926206
0.049413681913477676
0.046163446145753066
0.054550609840080144
0.04520890664774924
0.04398751294783627
0.05412057475652546
0.04362933055730536
0.050302208427650236
0.042180529658993084
0.04542198143899441
0.04706766128074378
0.05502079781300078
0.045961429278055826
0.041997261645738033
0.047787598659051585
0.0514247563361035
0.04768540691390323
0.04730077779580218
0.04098062199715059
0.03850780978255595
0.03335471968651594
0.049560211790182315
0.04623030002384136
0.02952897092948357
0.02952897092948357
0.02952897092948357
0.02952897092948357
0.02952897092948357
0.02952897092948357
0.02952897092948357
0.02952897092948357
0.02952897092948357
0.02952897092948357
0.02952897092948357
0.02952897092948357
0.02952897092948357
0.02952897092948357
0.02952897092948357
0.02952897092948357
0.02952897092948357
0.02952897092948357
0.02952897092948357
0.02952897092948357
0.02952897092948357
0.13001527599369486
0.12827461841205756
0.09231327442452311
0.1278614176126818
0.10734572555404157
0.11687376415046553
0.11687376415046553
0.09689726477799317
0.08822043661028146
0.08774250199863066
0.07675277311510097
0.08139431756455451
0.0714238501371195
0.10315713001415133
0.055852577924185125
0.050495385536924
0.06357011159571509
0.055941675392289954
0.05302208745386452
0.08420664088334888
0.06435526708140969
0.09092305667232722
0.05923688571046417
0.062226072671667985
0.06072879316673303
0.06279392468743027
0.05705455147428438
0.06557821808150038
0.06394477241672575
0.06816973670075337
0.04381378513760865
0.04741351526385794
0.07721164367472132
0.06344405124740055
0.07453298105547826
0.06939341165746252
0.059612322952598336
0.07163963176154842
0.06630103098849456
0.06891642453304181
0.05856675447896123
0.07093308943246181
0.03976479583264639
0.06896530628670007
0.07629134975528966
0.07354333117138595
0.03857134960979844
0.06821424509088199
0.07168832756268481
0.04745538749266416
0.04002803817158565
0.07939601871340225
0.06973178069417675
0.033892171246310075
0.06547620785733065
0.03496055414279302
0.03220765660710943
0.033131255673555036
0.03345370132320871
0.033553748660100004
0.05891139142758523
0.02248050654772669
0.02183542085578665
0.062014546655894565
0.06060396595702817
0.013952575346532587
0.02952897092948357
0.02952897092948357
0.02952897092948357
0.02952897092948357
0.02952897092948357
0.02952897092948357
0.02952897092948357
0.09547509349261721
0.10185330892292162
0.08315626966767013
0.09175697181684275
0.09703500075576206
0.0828423222588996
0.0992965371410052
0.04455642820801586
0.08593876218423248
0.09235681219647328
0.06559814727399499
0.05009654329779247
0.09752909528712432
0.11121993410090605
0.06594310600155344
0.07366012148869534
0.10760821744489173
0.06675391071010381
0.08423215176910162
0.05035684377420693
0.05572627857327461
0.06270790486906966
0.05987856619680921
0.053515761213687556
0.05763788878452033
0.06119860850119342
0.0867442321156462
0.056381331389614694
0.05559551492022971
0.09753715618979186
0.05228590688745802
0.06880056007765234
0.06880056007765234
0.06158052340925982
0.06491857215606918
0.07206205939097951
0.0565098385590439
0.057741352698455255
0.05289737168777113
0.04183842540097733
0.04620103804627433
0.04697596115836253
0.06981365908170119
0.044091520071184886
0.037526913518086076
0.038621358801610765
0.04455402264216294
0.04403943483174468
0.046024809098647285
0.06915973231972505
0.07586043193936348
0.0455668819292138
0.04012945594266057
0.04197498199219505
0.03595526835221487
0.04827964633470401
0.04817938956432045
0.04445684145204723
0.04600615104893222
0.047182720735048256
0.043218338289298115
0.04510012183105573
0.03787961591112738
0.035164224127462756
0.04355895770015195
0.046106442590244115
0.04482362853906428
0.042972266402406
0.03708053963724524
0.05094668325580036
0.03592439947572226
0.03741689776768908
0.04084640353219584
0.0476589167638061
0.04698033310783406
0.04090241165443634
0.03614108373100559
0.03174384580498251
0.036398866966677206
0.045625304519198835
0.03877944548381493
0.03337215398283055
0.03248360888877263
0.03680112949494893
0.030627369821692507
0.03187696922725687
0.01846178323185692
0.04399740345698471
0.06133025532665973
0.021009141028625892
0.01862725138431415
0.03337812988669611
0.021450542790116742
0.037364838911065214
0.03987486858541767
0.030136600179442516
0.017096621689852327
0.01575857916031964
0.06393892815181365
0.06071561748161912
0.020686127842248728
0.018872408830405522
0.017845830752048642
0.028917803556347887
0.0264579035291293
0.030228423059064275
0.03845662284642458
0.024447631027239066
0.019476902080544582
0.0170177867426537
0.014797009107035896
0.015398039135228221
0.023715794576564805
0.015174622200041388
0.014633793256555994
0.04061168949546603
0.017055248859105632
0.01406687226262875
0.015335985439984748
0.022486749392313262
0.014529475814197213
0.03409156571840868
0.021973695455817507
0.030300072942627595
0.02485379912541248
0.02453316444492278
0.029349982230147967
0.021271755266546583
0.024047365239239296
0.024614186942150507
0.02631475046509877
0.02390040583598117
0.021181139413189765
0.02226915045796583
0.04082050354181168
0.023367855801285864
0.02362658727914095
0.024634800815644363
0.029504539595218374
0.04404647659005908
0.023318657275328104
0.02217274374658397
0.022977405368389252
0.02917771262989845
0.027399404683189157
0.017623801302785676
0.02952897092948357
0.02952897092948357
0.07420768010818089
0.13058219838266572
0.07586439656093717
0.04284891232692947
0.06470172803848982
0.09908980423895021
0.061623050707081954
0.07006746165920048
0.0940821307959656
0.07446895185392349
0.06920040343112002
0.06198762840901812
0.0652867884747684
0.04627815342663477
0.03401137638060997
0.0862735346223538
0.06531948952702805
0.05021503237696985
0.05039487271414449
0.07987259536981582
0.07987259536981582
0.04875840809661895
0.057294143554754554
0.047040926739573476
0.04926186977885663
0.07420303894439712
0.07420303894439712
0.06657530347195764
0.05078745398980876
0.04935557802673429
0.05701586467291539
0.06992962249321863
0.04021649836484964
0.045780523900563516
0.039146342773456126
0.05288891479528199
0.04751409644649054
0.07138637494140615
0.055696240277029574
0.056226692771694314
0.04358826086623594
0.057216547939460724
0.047121554974777005
0.04642666998086497
0.05595168423994134
0.05395063388588217
0.044566653699148445
0.0580563518187652
0.048923600963316854
0.046371025529224424
0.04818571923223014
0.05018734908585126
0.061076506553217766
0.048204600197883946
0.05372823163246115
0.051458266337867827
0.0456923411351939
0.05655692637199536
0.05122307543720429
0.03286425180966034
0.037473960382242995
0.048492493454832586
0.04459504664177075
0.04861780090257525
0.0446797581234326
0.0391412902615654
0.033726294722097615
0.03233452727707724
0.0322016596289662
0.03165428483237823
0.02802874949838345
0.026225306358537637
0.028069056864478626
0.04191926543368027
0.03155326052646463
0.031877036169947436
0.034114388312834004
0.03676795376619945
0.040389369984623044
0.031441075134401524
0.0322301362361759
0.03162965720985085
0.02954146970975368
0.03224761227378622
0.035162420133128765
0.02473952740295014
0.022389284511251994
0.034826861110826335
0.022284712351392955
0.023070195571829877
0.03459016055023918
0.03971136611808712
0.024906538361295437
0.05060802523434783
0.0238349959042777
0.023979141023592093
0.022953945710517776
0.018910047185296815
0.05070896255550906
0.04485744821916645
0.01689747233215409
0.03649534616813374
0.023309739621084492
0.01851081879925914
0.019857586391929846
0.02615376441855915
0.021135911633997844
0.03208852662549665
0.027138546104930963
0.026321777000363606
0.03426455772404249
0.020354127824151268
0.04893834070690597
0.016167981578425195
0.02952897092948357
0.02952897092948357
0.02952897092948357
0.02952897092948357
0.02952897092948357
0.02952897092948357
0.02952897092948357
0.02952897092948357
0.02952897092948357
0.02952897092948357
0.02952897092948357
0.02952897092948357
0.02952897092948357
0.02952897092948357
0.02952897092948357
0.0868075552644829
0.1171480727661401
0.06639790640057375
0.08732026842733225
0.07627439718072614
0.08494314896563689
0.09328477840715399
0.06782499114672343
0.056441394213276604
0.06392997093964368
0.09632149774425973
0.054628066918812695
0.06522399061049024
0.06948893324472011
0.05974191666891177
0.062388888757365445
0.08296640124482413
0.08619818177850296
0.06222995176600913
0.06701713557975987
0.065036231217285
0.051786854600844284
0.06197754444709669
0.05449769651827713
0.05163743197452277
0.05173973853389422
0.04145515259200086
0.05600757742067799
0.07162473698922743
0.08642195443467547
0.03488269936370974
0.09155825852726897
0.07886246178454409
0.0620049794173489
0.06596209994827708
0.05935153908251474
0.04810810607625172
0.07792847337977339
0.02967844140327846
0.08471557980868966
0.07266657409258187
0.05601905363611877
0.05826547083289673
0.06029578203645845
0.059276344867733616
0.06136130877537653
0.07572878683917224
0.07399296606269976
0.06064585431323697
0.06064585431323697
0.06235885121005898
0.05535773734096438
0.02903554602138077
0.048040128957169755
0.07404457917436957
0.06427200987158964
0.054383278259386617
0.04905768163657437
0.053531413138844075
0.07136279749373595
0.054590858680506546
0.05589425871924807
0.06508066011282305
0.07102971182980886
0.06644534260500222
0.05890183562723299
0.057328566449383896
0.04788788969628513
0.059151060402703785
0.047810458728345114
0.02973083471491312
0.057659617538253466
0.05262052859955778
0.058315709123853594
0.05653849838922421
0.03675866530354445
0.05647566912540545
0.0666173382056877
0.05246183689994117
0.08243387854968508
0.042233766972397765
0.039359307225483156
0.04843430889304727
0.0818300806886206
0.07082957852166145
0.07734653482524058
0.06792168352985754
0.04071924060272674
0.06489542757316182
0.05400901424388091
0.05734329571016133
0.0567709486784103
0.04388763175268347
0.06843257027600581
0.03996157450291018
0.046576047375953444
0.07921262902673334
0.040377319436520336
0.07371069690833489
0.07316115777008235
0.04453414344228804
0.05974596474474917
0.05346588137792423
0.06169428132241592
0.04708566359477118
0.034851537635549906
0.04959539341973141
0.0451267747899207
0.08239148756489158
0.05049145700021957
0.04913446535278732
0.052565265737163525
0.07180041264121731
0.056769387803506106
0.051080735260620715
0.03577708328880059
0.056195320590243986
0.04919362174191823
0.05170369802314478
0.04196370530485486
0.051796664248686286
0.04434467659642299
0.04920684554614127
0.04284838064806536
0.058238586047664284
0.03971128756025185
0.05157445956331988
0.04327672928959752
0.04711074733563388
0.04637150809479256
0.04422812733488778
0.04216660687389473
0.04058071677184974
0.03540273262032618
0.0511827628298973
0.03416038244768667
0.05940220917885502
0.04127655999890218
0.05013617800160622
0.0440707454981748
0.07656427423780163
0.05016005082443977
0.03534147837703737
0.03859267066388081
0.062256139734915145
0.0425202212180011
0.056892767432921876
0.03598940277588554
0.04166994401020929
0.03637020393429945
0.03467673844502618
0.028276869871964056
0.032294201323141654
0.026963671503278115
0.05583696113123248
0.06890897558070719
0.03386315190854172
0.02604960183147341
0.026625262222175174
0.02527879525752117
0.05586056652866925
0.02878983682797601
0.05333621886791661
0.06923929747582103
0.03351498201838694
0.024528426197745527
0.025188311365394234
0.04143360671587289
0.029976200824021363
0.03711986735346727
0.022111478831696636
0.026133900630520658
0.020096817771360898
0.02952897092948357
0.09125740923763563
0.09473521951586009
0.07581091811570029
0.06819462897100796
0.06522622873540967
0.04575191427798321
0.059255156273332735
0.06292425077874214
0.06654559502378106
0.10856973749275009
0.08857687390719851
0.06273387425734352
0.09676466284940641
0.036574618068213265
0.08611548009173324
0.03522820027079433
0.04766329519916326
0.0628090024413541
0.07322550152428448
0.0585019552121715
0.04950667813265075
0.05024348771044364
0.04328788614133373
0.04338452413445339
0.06760083174177756
0.03523767140305911
0.05669268847753604
0.030503063811144482
0.04352089707623236
0.05671815002181878
0.08779317369374136
0.047340358115422226
0.04208170716029902
0.09687254975549876
0.04568609011437123
0.07528631732178231
0.041930006335799894
0.050088678166115036
0.059022828095670166
0.05825286732210467
0.05511792413967972
0.070632122370104
0.030267260381175828
0.05558583467112233
0.045708240436700485
0.047327804861900705
0.05196117688513671
0.04235282646647344
0.03077193687359492
0.04921936613662789
0.055452568107284606
0.04283894191185633
0.04707550220812361
0.04070742224575952
0.03607074959824483
0.05221512687314923
0.06253932712444414
0.07547493131210406
0.05567686094514405
0.06497026167654743
0.034906361462005105
0.046290508607247226
0.047298436344911654
0.035800276164663955
0.04420182210781301
0.036274077584967014
0.05513749661544959
0.04843764377525076
0.03556870639324188
0.0432695505892237
0.04593696334321673
0.039923076338600365
0.06515891153054933
0.039740730919099104
0.04540755670750514
0.04456678100318338
0.044532815132600566
0.03706786843404795
0.03991940142353997
0.04070420507884895
0.03540455388526122
0.04098862703811998
0.04194620067331319
0.04886040918994695
0.035862721876862146
0.03773529070895165
0.03979047181783244
0.056858563820521034
0.04891372380234922
0.041204025839300204
0.0405148784785221
0.033096551809770364
0.0398920600678927
0.07268557780887931
0.04717913114776214
0.036920711528509856
0.035171872547362
0.04618222486227751
0.03250122106944521
0.04420411551992098
0.06303420236334205
0.04117934520666798
0.0670651966962032
0.037465864872404685
0.03362436991359573
0.042166264957437916
0.03256193489340755
0.04382356237852946
0.09576373699121177
0.02345989060976232
0.026635104330877464
0.03225348177559984
0.02446569399209693
0.060779900536096346
0.0716386882138128
0.05492503152849774
0.03135102449916303
0.05105156343585501
0.02194493813595424
0.032044598845144115
0.053903479613363746
0.027504507003662488
0.02191208840891098
0.0529102924419567
0.04364301350278159
0.053230080948366475
0.02569142900252094
0.055813511688417444
0.02258075779536739
0.029716248855305216
0.053858192386105654
0.022440348302867886
0.04513093496750419
0.01897245250448274
0.03700407234253362
0.028725352467348177
0.07640321179137875
0.04624583855814611
0.03837476816804459
0.04643118208778712
0.030098828016780318
0.06483989209848612
0.06801903272493898
0.06873022653104272
0.03735882091006109
0.037383249055710624
0.036857144410993595
0.0314164876047289
0.02561512150685303
0.07183366198558361
0.07465965430562695
0.09020003093717
0.10305551775110265
0.09442756430556377
0.10126235499978066
0.07318098158420373
0.0831435915082693
0.07027362139662728
0.0786275291396305
0.08062603736296296
0.06488997858638565
0.08445209672364096
0.07427780635887757
0.12865485942612093
0.13143355317413807
0.07945210545789451
0.05704878224991262
0.07429167743151387
0.08845108095401277
0.07437562917203953
0.0837286624033004
0.0828859080793336
0.08263734127705295
0.06051979734562338
0.08601938303560018
0.06457996845400582
0.12015309677769741
0.055279288118084274
0.08130652129494896
0.07326956125364328
0.08075218869683644
0.062449685380173224
0.07837749476389338
0.07204671020386741
0.07535153749243667
0.07535153749243667
0.0496182163991034
0.04937467106229936
0.03226879391353577
0.057889816459889214
0.07004471243203927
0.06827247023892899
0.08528934162342922
0.0618507831543684
0.07662508449827632
0.0685796689777635
0.06626819351998468
0.07142196133422354
0.06529443784306446
0.07786838957496608
0.07069311993507048
0.049994882120129966
0.035262834864358106
0.05456024585136523
0.06638827757754674
0.09926092153259863
0.05695009797268236
0.046418871297501024
0.06277069326179723
0.11100019035084795
0.05589547703197847
0.06480994545544187
0.09541149901847044
0.07491006590658798
0.049419816612886885
0.051101759254621966
0.06580154762292902
0.04866010041014912
0.08947940939571708
0.0702438349237976
0.057460970864631235
0.1074988905293867
0.06214263659358645
0.0446133612395109
0.05388981222718333
0.055407513446795446
0.04532738520647399
0.05931998930250605
0.06977811418008059
0.048247326257405805
0.0566077317413874
0.04326280908853126
0.05734014379869526
0.0688891877924713
0.057493235879422476
0.0434032158619569
0.06561956231482327
0.05161645970811757
0.05837152296987673
0.0705779075746735
0.04425133368931711
0.06093607561197132
0.04868236983738219
0.06008634987597664
0.04188176658547794
0.04886229215189815
0.06736214434572806
0.04634573478174085
0.06259189625891547
0.054485996184327326
0.07252923693042249
0.04228389816746737
0.04235723914617362
0.05178616253348688
0.0536030912042285
0.0409564147843048
0.041627935686847195
0.06147718542255461
0.05594734383436541
0.047740644426861156
0.058332481764567394
0.06562487480153019
0.06823955989132324
0.06977504457967977
0.03990159673655095
0.045874467787022394
0.06671580656276395
0.048228120580703644
0.04291233950954241
0.05060196616570465
0.042460863972470786
0.05195366100796188
0.05971489402775963
0.03688018318226871
0.04573967109589527
0.03994667903714193
0.039703735920678204
0.05324263421197732
0.04004905639255109
0.07134603513249506
0.061084948352848494
0.06176458789501339
0.07968311559408903
0.06287249297446881
0.04922721463954076
0.0775411349752297
0.036322357292907934
0.052566002168071765
0.06670725117282321
0.057007318193403385
0.06975883311436822
0.03677006302207398
0.06412801663080851
0.09810719972631583
0.07021107143101593
0.08250693295927097
0.03899926097947173
0.04633354958767692
0.05249490031739697
0.0768092487504085
0.05101128790061921
0.042098636646211766
0.04895845289186885
0.04445685937845459
0.05038491610088386
0.051137787654685476
0.05225999454036355
0.039479593528279414
0.04447561433267159
0.04337619492551312
0.057591263183858245
0.041378707845772925
0.07941030332663407
0.05303902331041172
0.04522349039868762
0.03782502232119441
0.05209222663814823
0.03993881261674687
0.04751528762203331
0.041047978709296634
0.039454793732535715
0.07252594222625097
0.03866955271999662
0.03934164577086146
0.03793549911507095
0.04107578077741588
0.046004192132192354
0.04325591920913818
0.04439729283175742
0.06698856569050501
0.04570875077760623
0.05670112076525887
0.04976307665463537
0.05193917197175324
0.026527056102640927
0.05001953015938246
0.020515087191015483
0.05814518188048775
0.034791918091941626
0.054509579588775524
0.06047168889548629
0.021835126069684824
0.04718199072793747
0.05106391109758988
0.049888810695459446
0.019630718793875228
0.08820721734315157
0.035722947152486695
0.023963273286353795
0.04285640852836271
0.03978254385835801
0.04322504653440167
0.08901730503576498
0.027527507013486077
0.027651072381219517
0.08095612851902842
0.08095612851902842
0.08095612851902842
0.07451747545584415
0.07451747545584415
0.06092139600853746
0.07128417587140574
0.07128417587140574
0.06997951477533207
0.06997951477533207
0.061822336060771095
0.06911525502490501
0.06911525502490501
0.07854336346499621
0.08022026022896171
0.08022026022896171
0.06750071249591807
0.06929163722942273
0.07184453941493606
0.07018866106324519
0.06920451809341709
0.06940558723174035
0.016127885861011843
0.024453918285823117
0.06701816089684144
0.022541077037652332
0.03781715253562046
0.0199531229340937
0.048851081025010595
0.017756617941195145
0.018816330237702156
0.018681015889548385
0.033245918254057566
0.04100166769581847
0.027857739747851155
0.014169518707785756
0.03208518349119307
0.022503665596595966
0.030447220016115654
0.027252502143771076
0.018809798249664406
0.024438328146158407
0.02471709285241862
0.014115796022039528
0.014115796022039528
0.014115796022039528
0.014115796022039528
0.014115796022039528
0.014115796022039528
0.014115796022039528
0.014115796022039528
0.014115796022039528
0.10509749445132911
0.10577139832700293
0.08179286902304739
0.10245685133151711
0.09217824664122115
0.10372803583741189
0.08243666850806525
0.07751718279983227
0.1067936391926681
0.07177662189429004
0.06726755225254843
0.06884253637321915
0.05464538556717646
0.08359102979069576
0.05795912775405062
0.034386025884499155
0.06530650084527831
0.044815524372582634
0.09250262525320674
0.10074369951461752
0.054169562987517565
0.05875679733309274
0.07303098965669051
0.0583051775675267
0.07168283753485108
0.050873119353006285
0.1014997467553864
0.06057821656422069
0.05267646040806236
0.05660190794616938
0.057117742559251686
0.05322634387179278
0.04013247735487918
0.062105231119785456
0.0574558940056401
0.05906946345930919
0.06392381183803081
0.06392381183803081
0.05174081955415507
0.05174509360338561
0.04978770348127
0.04742188640947764
0.046362681516135734
0.051156690750891964
0.04522506737460693
0.07863558509387075
0.053576533703211075
0.046257896094272534
0.05207550743672376
0.04567215106333606
0.05479768811337029
0.03994839067726086
0.053332238079747185
0.044559615428249044
0.051173623332288115
0.05309061762915614
0.045348234768025575
0.05688523313729092
0.055818929567467424
0.059229040316616494
0.051285503798862916
0.05252527685447907
0.0513801989351244
0.03051634451452022
0.050817693127319215
0.046727037981230145
0.051999146850236384
0.07385178445838392
0.06958599866290266
0.06958599866290266
0.0530909711017739
0.0668041643477045
0.04227820051833987
0.06163025217441221
0.04199313241639174
0.043007678748108444
0.05730140192744632
0.054118188341769076
0.04231253390278046
0.04469346198563774
0.05784173795487732
0.05659204075733821
0.04866101139845947
0.044445176616621514
0.042947539634381734
0.050476461263994375
0.03482625496340916
0.04457444819311301
0.04550022951172044
0.03702889065491036
0.05344660990561048
0.031146579782944172
0.04256909697627028
0.035198181313462557
0.0381781614664942
0.049563676151446995
0.03909091195402046
0.046283875470981
0.0499655676066565
0.04493819768851002
0.03966987637182077
0.04864157462880636
0.0417603812351202
0.046267402653271957
0.04479018964804709
0.04626860745406399
0.04462944431540867
0.04637145650961126
0.04746173365119224
0.046606634331401435
0.031183001344713072
0.05300686123392855
0.04190911531137923
0.04360292832910394
0.055451763593591746
0.05090277065600579
0.08003480315363655
0.04419717755634338
0.06654578750797858
0.050659183762036264
0.03276567555537137
0.04555422852747142
0.04729536815856894
0.03154543038768073
0.051758880297032496
0.06083738947597643
0.03950463572051376
0.03939853565456967
0.04462842756183818
0.04825988793047145
0.041836545032759506
0.04746598379376034
0.04349365310976282
0.04217382653150707
0.047342115053907036
0.03330546450374337
0.028628520455677063
0.06131622223028292
0.02757299779371048
0.04271069781660723
0.024249172620475292
0.030772874505103878
0.03515878060716204
0.04503458536501664
0.05797973386322459
0.03737447327041688
0.07275323182150412
0.08877487733028828
0.04068225987410794
0.06718637555682411
0.05467946902615949
0.04264608126676952
0.044960531004859756
0.03806536914897151
0.07612662837840617
0.052182071337786816
0.044678593974094835
0.05504837464618807
0.05206323743797839
0.046297040153294805
0.028823548182457064
0.029368018308499208
0.03065992072185812
0.05218844003044069
0.028477047095075248
0.04695451910685127
0.027131420768952617
0.04716296494860823
0.023761072602355854
0.04876447060145438
0.02269516577750134
0.023785996647008385
0.023047094371868297
0.022328009098224962
0.022283629693168525
0.022730698781476044
0.04773405198085432
0.023441168934417268
0.02952897092948357
0.02952897092948357
0.02952897092948357
0.02952897092948357
0.02952897092948357
0.02952897092948357
0.02952897092948357
0.02952897092948357
0.02952897092948357
0.02952897092948357
0.02952897092948357
0.02952897092948357
0.02952897092948357
0.02952897092948357
0.02952897092948357
0.02952897092948357
0.02952897092948357
0.02952897092948357
0.02952897092948357
0.02952897092948357
0.02952897092948357
0.02952897092948357
0.02952897092948357
0.02952897092948357
0.02952897092948357
0.02952897092948357
0.02952897092948357
0.08589648297987879
0.07610213273515304
0.06955891229212284
0.0880113709717989
0.11206033510776857
0.11362713419211408
0.059800036791712044
0.12939510928466916
0.06645128512444595
0.04911514403919379
0.06314392449955146
0.07607079999210933
0.06612912009858216
0.05101001255524655
0.07328817108801255
0.07178462098818272
0.07295221857416133
0.07889807555824518
0.04604372679721564
0.05297873813658953
0.05649443690509846
0.06719725509329388
0.07200824979692698
0.04196205528297772
0.06239125341642648
0.05890312553849071
0.05246855701319873
0.047768533239141105
0.08295516755742331
0.05702465452253819
0.0601497656161276
0.03351044484957432
0.05034995467402041
0.07452351797992984
0.053807272240519524
0.04365159397323926
0.06027481508130828
0.053026104787519825
0.06498954129017269
0.05061074026627466
0.06901947893823186
0.051717431895279636
0.047492941244660566
0.048829947361567365
0.04304638898776223
0.05187107906715634
0.03814243439973022
0.046849264012028775
0.03812748868949711
0.0880364569912975
0.0880364569912975
0.04473048524465412
0.06307337900701289
0.07887419823557139
0.07887419823557139
0.07887419823557139
0.07887419823557139
0.06424914757721126
0.06424914757721126
0.06424914757721126
0.06424914757721126
0.046452242528709276
0.04362652951308216
0.04859128898087268
0.04888064584850023
0.050309775731681536
0.058556647940228385
0.04985741260383899
0.0638140093201461
0.04756978882631908
0.04031967085786164
0.04374393462979545
0.03867511730718737
0.05165851744512717
0.040402106433951604
0.03299821346998215
0.03712907138668622
0.044799141716212035
0.051683293180540206
0.04675514224683866
0.05681561013838897
0.04652686251016955
0.05290402565772335
0.03817798390363653
0.03995215569157153
0.032267244188503054
0.04618625927483663
0.04494028746848926
0.03675134578331684
0.04179759332599739
0.03201120900067811
0.03906888966370995
0.03327384438598528
0.04415305336549257
0.03359467804296097
0.03943615316335733
0.030225691124020765
0.031012512628609934
0.030242344027695555
0.037263527089574686
0.023865505740977823
0.03067121252572785
0.04362692102479438
0.06221721797871093
0.04352529395604506
0.04471915417583659
0.04678001770322832
0.05481715022120625
0.034464264669610806
0.03210765456004689
0.03339361523666109
0.04703007569148516
0.03535264301657056
0.030515079610049723
0.021931870457871507
0.023180082651476065
0.02250528864058045
0.038163785714811334
0.021864025210573648
0.030953892526061583
0.040714665164705365
0.027900830685781936
0.06405018470094849
0.06405018470094849
0.029058639255041877
0.0350682212113558
0.03485202663500483
0.03017853918019682
0.0306281547609251
0.035936364490771665
0.05073793776022891
0.031827715839802595
0.04728440293304933
0.03447281202844654
0.025558330127969386
0.018844970633120586
0.02453359873810162
0.028489416172960774
0.037107230922750506
0.03387402977057112
0.022033859688866262
0.02766773852170445
0.06134469835805551
0.05121260042709764
0.05121260042709764
0.03573293514976588
0.02596908648769992
0.03970847260342756
0.03970847260342756
0.03970847260342756
0.02971813547871231
0.035654088646600336
0.04646904376607078
0.023081982718625417
0.03498128991147193
0.03299436531844549
0.03177024608866001
0.0240023876777074
0.033005378380184996
0.02952897092948357
0.02952897092948357
0.02952897092948357
0.02952897092948357
0.11910328908823431
0.12004025155678391
0.06788228320578735
0.053147996167341865
0.054073860780335964
0.06450077123319109
0.06824354390924176
0.07061991206525514
0.0626442060006472
0.06544480417078982
0.052600721245010695
0.05539088992091517
0.05518790311878547
0.06636080346303061
0.053268047146654375
0.06320644211101656
0.05839634877008697
0.04494957888692928
0.06221503026550636
0.06434392883752783
0.056217804084687184
0.05184312678175047
0.06468039302310596
0.06217468789545819
0.0730300573259592
0.07069024161746104
0.047362441023578866
0.05037636301325013
0.05087097587801206
0.07033948471924911
0.07399078067857773
0.06983866491975883
0.05633982826024294
0.05419502720003948
0.07166484250066181
0.049009566786698995
0.054888681820981826
0.06968198421255996
0.069354632095589
0.07422128928126767
0.0690359174258386
0.05659312847148006
0.05340380588546395
0.05826101417032381
0.04197608627534161
0.05246547627185161
0.0652291019493714
0.047681091181002555
0.06829641907087837
0.06593996923572074
0.03215325717659046
0.052174932595808056
0.04167225791335416
0.05012486312150334
0.052428815295764555
0.06525651355972513
0.04239296145814781
0.05397026185877621
0.06058514661155641
0.04366950880386867
0.04523424965989155
0.05028555355267599
0.04157000280218199
0.050683184535397836
0.04366899549029767
0.046187190723915895
0.04902358303622653
0.05650209817259262
0.034352178159169855
0.03820539401533703
0.04040337717548634
0.0462341244565323
0.037734747435121486
0.04096213567613934
0.07435160961312552
0.056750908818406366
0.04595694211777299
0.06509413453905533
0.03372394883306697
0.03336024395267789
0.038273717910051346
0.04685936955812697
0.04824791042134166
0.04363832941511646
0.052313359739103664
0.06225478415066997
0.05355146622207636
0.06911548910584922
0.039064831116702406
0.04908908320746074
0.03973327425230915
0.04761211634768794
0.035628988561220466
0.04447834324402114
0.05252235538947086
0.06497273746412248
0.050717892084891594
0.0531800141884014
0.07568428003384421
0.06383484282375623
0.06383484282375623
0.04504832966408382
0.03974295364692807
0.06643442032858729
0.037501936162201065
0.05516049637459219
0.03809332359892627
0.05458402201222877
0.05459604203080137
0.047766579190889995
0.05261374892977377
0.041424560418042045
0.036030979889328595
0.0428341849342299
0.049185221741596855
0.02164079861269177
0.037462563810792444
0.03920869516558014
0.021308327572769487
0.02830607635900378
0.023822529863294525
0.02362574105558451
0.08409026484237984
0.078252770351246
0.040769135143685464
0.0611260799310791
0.023548728374298663
0.04104675370578965
0.021301843375743677
0.047695649876259266
0.06694810498661051
0.018917866551782937
0.02073054017343869
0.02499163873648892
0.02360426204938752
0.052176235302273805
0.019483132457826288
0.01719209114652282
0.056306290023494514
0.01743457547854632
0.01768832715538641
0.029862896923829492
0.02952897092948357
0.02952897092948357
0.02952897092948357
0.02952897092948357
0.02952897092948357
0.02952897092948357
0.02952897092948357
0.02952897092948357
0.02952897092948357
0.02952897092948357
0.09219400762269894
0.07885340043576435
0.10066377943381667
0.06473615633323788
0.04584412263861547
0.08379308737659207
0.10918849277930955
0.06737768365846326
0.05565954491961747
0.05490542469701419
0.061267390789774556
0.06512480773963034
0.038480410251456
0.052444029849333065
0.05587341902622332
0.04182873599076023
0.049373590093261255
0.051870909493882206
0.03261391529425358
0.04739944163709879
0.04977500003258077
0.05915896867634728
0.034637266374969236
0.05089703887584619
0.032424677705857906
0.058341215907906495
0.08654151809712252
0.04756258701090701
0.06470864514354617
0.05218211356162404
0.0531149941845797
0.0670753518360046
0.057810285253605494
0.05196843877434731
0.0648510122563069
0.059407116719521584
0.05504925597847129
0.048705016422706346
0.030399919889556867
0.04530791391463329
0.049678192348219456
0.03076463254634291
0.04829209931893274
0.04882955232441115
0.05010900898138061
0.056384411328472196
0.0416707515080149
0.07116428531007842
0.049586723896985256
0.0681244314275682
0.04037233252932007
0.04195997242971013
0.05908563709196945
0.04395190560879807
0.04197499982197769
0.07495143978235622
0.03941936366570493
0.036669313911503805
0.05433895975506554
0.048621940477751195
0.055629420443437994
0.04662205797154456
0.05115853337260584
0.038771013910882175
0.046204148065298795
0.04309892912395299
0.040020196446372815
0.03532305562015002
0.0468031008169055
0.03410157441549624
0.029703883901238442
0.04326052325622489
0.030044833505526183
0.03921535140679528
0.04411160031023125
0.04926109926154216
0.05091619949011753
0.04306517401244491
0.04713385544406871
0.03782098034629598
0.051210768108139744
0.05453447193295385
0.047956969275449714
0.04721776227389152
0.03405387738952413
0.03605833125378315
0.03348291156832905
0.04733009712246712
0.051784883060220936
0.059208404668606815
0.039013453451140476
0.07189381003457432
0.06339008565604067
0.03275222271370391
0.027245261129185867
0.06918469673333069
0.060855691115527105
0.04487737332082664
0.0535142844558383
0.04550723553868011
0.03281277668507149
0.025754890134558082
0.07687284680005783
0.05308610390871763
0.06679845449126635
0.023727382912766187
0.028604337449651213
0.025896947410268087
0.05584114104586964
0.06535589442666
0.05871831513708457
0.035787000622755534
0.028779967695785065
0.03400924896860185
0.025867072122637183
0.028229770344138767
0.025554248944778615
0.030757350077619774
0.03267231928378654
0.03123845633934252
0.028011937514335537
0.08328561925484489
0.08494743478794893
0.03163889176561497
0.04575838680107457
0.03054428789842253
0.050807360716474556
0.028937081771049027
0.0525254161512324
0.03407472358473266
0.03815345139165099
0.03372545026397954
0.03171701992512681
0.03216669317567721
0.05152281872326663
0.035753933817225816
0.034099643875379115
0.036499696337074665
0.037182463656645265
0.034885509545371556
0.049088979338606197
0.02388513440421472
0.02952897092948357
0.02952897092948357
0.02952897092948357
0.02952897092948357
0.02952897092948357
0.02952897092948357
0.10657411396813889
0.10825462696452935
0.08421576152245204
0.062035578629001976
0.06437356695067137
0.06554063476466884
0.051853324899760384
0.061596523065430425
0.047938473095806934
0.04836274646377812
0.05712355273930977
0.049500675746239724
0.061832916194883486
0.03475513578703006
0.039881936366048955
0.06069129460724071
0.034456542970923085
0.04654938426955293
0.041448174421675504
0.057642518031255655
0.06337533538074543
0.06791323383726801
0.05908026650392761
0.056945104811651014
0.047454733649113526
0.04339392249006778
0.06673132875390972
0.05130048954393715
0.049519219555271166
0.03414400576846674
0.07429710994319369
0.04192073025740683
0.04028120181833705
0.05562895295210182
0.051113059803222616
0.05396205907532325
0.05594383563225468
0.03867445489469295
0.046242854862163466
0.041566412905231116
0.04209175853834798
0.04002889825807263
0.05068925893089424
0.04215634488345434
0.052600867838288344
0.046811324392911045
0.048129216800443825
0.043620681969138486
0.05571334958386918
0.041130794167208176
0.040338538222325346
0.05180655091302469
0.05553575099135439
0.034657297843756776
0.04972145205906903
0.050288401248399166
0.04380993426156541
0.04775786953357359
0.03748005769293134
0.04893358152670165
0.04498267294683804
0.04119235360994935
0.04856771999193976
0.06553705622054015
0.058906982249269886
0.040528229298070075
0.044667314713199936
0.04383399691898376
0.04886863574696084
0.047824662026638785
0.06462458454382916
0.039871507757343355
0.05342347232469668
0.051940141870485
0.04581204836412023
0.05832800099160522
0.07564484710805118
0.07564484710805118
0.07564484710805118
0.07564484710805118
0.05794181841115157
0.06590229775756598
0.06590229775756598
0.062091377852484586
0.03207555123527224
0.05215292703981201
0.04553394202142954
0.040571776855892194
0.062160386365527905
0.062160386365527905
0.04508098020315326
0.06257666530708472
0.04027863235445693
0.038307786722046634
0.04707459371071309
0.06261783358563358
0.0676378239155747
0.061522167118576665
0.061040696510269
0.03955527761252597
0.04259013322570051
0.04222692861221731
0.045028142927524946
0.03016907221870497
0.053377816581632945
0.06205022267686824
0.057489209290749084
0.033262635531524816
0.047779490099443746
0.05075800265961637
0.056266161953099074
0.047355804691712064
0.02938426916797956
0.03704874099309867
0.02587893230142072
0.061947719304977604
0.024953324225886416
0.024623951794734845
0.0448239285661839
0.06085193627048284
0.06716297262270625
0.041166851637729755
0.04461173494113609
0.018746205174053707
0.021626909951058527
0.03690944832439224
0.019532949082010115
0.04006199609255418
0.0346181306685321
0.024238566564551246
0.06320935261746248
0.03148753387543062
0.032150796139612796
0.019807281690494467
0.025989730737249677
0.04417406611377373
0.04402983181683036
0.043444044648204
0.028627583733759822
0.0230131262356493
0.022551066066177253
0.017335784626193344
0.028203346381584803
0.030919495266862215
0.025394715250780187
0.05209826802213987
0.022380878946666294
0.036035829540342096
0.019601497237260145
0.02458097706587675
0.02952897092948357
0.02952897092948357
0.02952897092948357
0.06225928575266153
0.07960897454138224
0.07752835282279799
0.06461282632158448
0.07238674300257117
0.08036545714984338
0.04853017787449062
0.05856254249733562
0.053236053585230064
0.05693287522066384
0.07391543637340267
0.036376302462692064
0.05759444923993821
0.04080580858513713
0.043170688552005836
0.050235960839005805
0.03923946400017788
0.04536928299348801
0.050592504583764825
0.04890475128389274
0.058093247373277944
0.07051981152268126
0.04258061690721661
0.06564350278970475
0.031084313825704157
0.03578698323806748
0.02962991700740531
0.050184672117078055
0.05249943804151068
0.06398776458886762
0.03923085154305833
0.05463276175238813
0.06290368842581907
0.039241871535778045
0.04372780205061038
0.05209946618881076
0.03142679464071989
0.05164579988302042
0.04285581352422014
0.03545748197628806
0.03563392291000734
0.041390818011326096
0.04133085449381421
0.047227135988262794
0.039304057359695437
0.050205434549910326
0.034929081950491915
0.04410562887787819
0.06131763194842885
0.043267544323268035
0.03591828511096537
0.05304249374351154
0.05304249374351154
0.04585743926543122
0.04597371968751152
0.04775897294282913
0.03937734810557837
0.0628324494526411
0.03674857758916914
0.04696612026464815
0.0340359559096396
0.045830139549216255
0.04620219688862562
0.03639129748024667
0.036711077860866984
0.036043542289019875
0.03611515656501676
0.03369076859671623
0.037725531248530994
0.04677258119375134
0.03593347153548772
0.04074290238631268
0.04499045462153541
0.06154776177213838
0.03767730085877702
0.044145118820791446
0.0354801908073326
0.041391053225379434
0.038914006394334136
0.032074057989909005
0.03802344547351822
0.03759479205279301
0.04164481713669375
0.043909316402083884
0.0407307427652025
0.05191334494079153
0.05981451438739896
0.0430217706070592
0.03570401672894756
0.05915741756868859
0.02863216517182688
0.03805593146244064
0.03314656222704798
0.037391905925857526
0.04325245158591618
0.03397722149733454
0.030320431970370314
0.04222656531880299
0.024833181933499874
0.04074976656197881
0.03025813737185672
0.052056059963069855
0.04147720713478824
0.025426815301179885
0.03498838989529759
0.023263098647197087
0.0534051717328839
0.025865690082622073
0.0719606276943038
0.02743212575209327
0.043465609456567716
0.025132215841828533
0.036299610345934825
0.039494335945540415
0.039846257296934105
0.04615907780670871
0.03371978703575829
0.06322361286263913
0.023704925898152093
0.03301799237184847
0.03268504076676133
0.03389746264379937
0.036621533507326
0.04029547881567851
0.025688216361838084
0.03404630876728334
0.037121593685199815
0.02431717865013828
0.02952897092948357
0.02952897092948357
0.02952897092948357
0.02952897092948357
0.02952897092948357
0.02952897092948357
0.02952897092948357
0.02952897092948357
0.09005848856642842
0.09472907181984434
0.054813952824721734
0.04718033922991405
0.05202016189151133
0.049699401961018644
0.06821891970466823
0.056516616417405505
0.06004777728579938
0.05670008350008478
0.04798770347222065
0.051526926018608116
0.04242996090867867
0.04138134380336851
0.047188545279204845
0.05476062071199218
0.04986626278764258
0.040812006208579985
0.05050220932268227
0.08438839805700506
0.04446560711755107
0.04883094545919448
0.04985690664034337
0.05452400542640438
0.04999095575883985
0.06798542056232691
0.04405803995051732
0.05924963807919994
0.05764139991796886
0.058389944976661355
0.059823631547236196
0.07599745226480688
0.06512057645712048
0.06558662640396505
0.04961969494043539
0.05567020449399327
0.05126529760658741
0.06294161775770286
0.05840503978465373
0.03516444347721214
0.056128105837463714
0.05183704552007839
0.051329355712126316
0.07263515121303499
0.062765218821199
0.06416227938374504
0.06372322236265367
0.055517918136126054
0.05250091766860957
0.03763128197325083
0.044132571927427006
0.04396249381437277
0.04676974183569352
0.0634151978433753
0.04410564721639579
0.045860938493472836
0.053776071934650345
0.04708018343895674
0.04686677622764061
0.05764153280450652
0.05585179151268676
0.05362284200421224
0.050046660949786506
0.05879092039307579
0.055105317845009265
0.047198077673868584
0.053797745930496604
0.046103066366631536
0.050886804185186825
0.04486687486603235
0.057475878388310475
0.05488573319511488
0.05662879098439589
0.04687476565362886
0.05894434797267119
0.05077555088481556
0.04318771768050889
0.04534973812056706
0.06505568354623392
0.06504520087308871
0.06003956511655512
0.058407091552314036
0.03571164374860625
0.0350639196128274
0.06156048985935437
0.029774609374192854
0.027784300066220263
0.06963071969221346
0.06998134918394498
0.031252249338431286
0.03014866161936273
0.03809447484634196
0.0306759684800636
0.030100094850252692
0.030275523566718525
0.03207461762280824
0.053979232453663525
0.033695191766213
0.03323874482147706
0.05127182717900723
0.02952897092948357
0.02952897092948357
0.02952897092948357
0.02952897092948357
0.02952897092948357
0.02952897092948357
0.02952897092948357
0.02952897092948357
0.02952897092948357
0.02952897092948357
0.02952897092948357
0.02952897092948357
0.02952897092948357
0.02952897092948357
0.02952897092948357
0.02952897092948357
0.02952897092948357
0.02952897092948357
0.02952897092948357
0.02952897092948357
0.02952897092948357
0.02952897092948357
0.02952897092948357
0.02952897092948357
0.02952897092948357
0.02952897092948357
0.02952897092948357
0.02952897092948357
0.02952897092948357
0.07302960476527612
0.07931574901333079
0.04968467506580055
0.06993567453076442
0.040964399371296166
0.05865004214458167
0.07489647882369657
0.03808974226781477
0.07201879352563992
0.10931647411858042
0.05123753738589585
0.04902811110485345
0.08357467891958853
0.06800711215473712
0.034095296522136775
0.04688198498915881
0.049567436814152946
0.06031745622943466
0.0794150925714833
0.04344513241744911
0.039998267271245516
0.04474063305417076
0.07070335997578998
0.06203740825643763
0.09618953213095666
0.05631834711724271
0.048477495303377506
0.062453850860086584
0.04747731976288681
0.046000233080703765
0.04203581414495905
0.04605797857395373
0.07358207276362615
0.042012616890715435
0.05589179138381344
0.044704018181267506
0.04711901745370899
0.04362924851089095
0.05037636677734554
0.05247874560571897
0.028818821118135628
0.036852803457683575
0.03908476473259119
0.04917730780201964
0.053903875027317555
0.046635041014136125
0.038380215450112394
0.033158244488295165
0.04583025788577894
0.08374824356598158
0.043462759840767834
0.03634713421886166
0.06981214068674793
0.05506567612212772
0.04130586725077592
0.05911297038818399
0.031621584203094244
0.039354533606868546
0.03144845566401879
0.07246841521312793
0.07246841521312793
0.042686700772804516
0.03665340312717793
0.0362099532255282
0.03784361051667171
0.05203727591317147
0.05033429091330618
0.02886407275761788
0.0317099908401724
0.04080986415579294
0.029609026371035727
0.04550005700516825
0.04632160675401489
0.04165906589245424
0.04323631061939523
0.03319052389434849
0.040718000507137427
0.040718000507137427
0.026890175314620138
0.04322743204655126
0.026177055339794607
0.06979112888375918
0.03375957587811475
0.0433741948621658
0.04554385164985433
0.05605563485374054
0.02034715173145135
0.03266562950952599
0.020887121742125602
0.04394826977668951
0.035563574010351054
0.05494716541841626
0.031084460192359983
0.01944538325847437
0.04217850799982747
0.01701848258574804
0.050149041103043905
0.038241553537081925
0.04169909997843206
0.021160416510150146
0.044410055673215536
0.01817625657344858
0.017585645872168244
0.054039248819462954
0.04320639374704721
0.05006025658687577
0.017159317854481437
0.017145953009215495
0.03736921409377828
0.021170111554674804
0.03637127251597121
0.03126451793204372
0.03570570127495254
0.017132501278538256
0.016425373679182183
0.01713255362585187
0.03855307027775173
0.03875087220144147
0.01858993025108551
0.01503225244426479
0.03342349601715493
0.03686334888838853
0.018088821498677136
0.05046309793212762
0.03436320475108611
0.04714452710157881
0.03505199215258472
0.045431548900281386
0.04740480950567871
0.03166104860603809
0.043172627595098066
0.03182892583621045
0.03859914194016407
0.031141294128028674
0.03167518991433705
0.03245702975972866
0.050384081290879595
0.01591364348481875
0.03129774175312681
0.0161680712273422
0.037742194646659
0.025661761722294615
0.026697179925395175
0.028036302692101646
0.024966181203878175
0.05642876902827993
0.03102992188107843
0.030596963653806597
0.02749640368662464
0.030310920927052697
0.02713677333512654
0.041841979570842035
0.02498059716230879
0.042976857190951706
0.0265590879569451
0.0265320105291903
0.02510217614316692
0.02952897092948357
0.09109455457578103
0.055155550971006356
0.047717983668359616
0.04253746682933221
0.05613905402210852
0.055297757821778454
0.038726691184565426
0.039620552176299194
0.040197690070296326
0.053173319731528564
0.046347333343389134
0.05768061698569606
0.05891607591727128
0.04379012674326077
0.03784251289907843
0.03529544157286485
0.07867786124659082
0.04211418119103958
0.05129617190919816
0.05702677732643982
0.03795212416987245
0.035352764384976275
0.039705201891095686
0.03384769280673936
0.05900231118702019
0.03689199390510718
0.03577984374559795
0.04256853128007303
0.04032007542594025
0.03969535540478925
0.04296984042506665
0.03505654174368829
0.03439394925100108
0.03998929284668217
0.031605929365226375
0.05073407158954069
0.02966034167756637
0.047071732012555004
0.06282130287649731
0.040464344087522475
0.04178979763140281
0.03545862499158829
0.022984153710616132
0.0304974006752794
0.03096709298280378
0.03426550259037564
0.04235797918168828
0.03988852591020987
0.03505192023391525
0.045608354571741075
0.03322303640889004
0.04168457820545882
0.04224829458476355
0.03222252861751864
0.03347096933828046
0.03446038374910131
0.0329631302272901
0.025960402694375564
0.039270562324672936
0.040451063800913595
0.03979535414914911
0.04042101508937776
0.03795058003781984
0.03940159106937548
0.04513215378392488
0.03743585100940739
0.03696846349164844
0.03753653074614704
0.034989041523852696
0.02859237608422215
0.037091042959752185
0.03826037536297614
0.03877606954658404
0.03226127318572253
0.04291340026228378
0.02708988989237696
0.023059139059235654
0.026842251470467697
0.031332656583593535
0.03147206623495246
0.03820794018451124
0.02965987500191356
0.02310215266654268
0.03710068135367085
0.03066851945826784
0.028861946997155125
0.03890777411249777
0.08699241806985811
0.032110015105766554
0.033061010296223686
0.028817362330155447
0.0384861861805742
0.03053971066372469
0.030183232218647996
0.02920180491326998
0.03138834497736146
0.034630766884268575
0.04878005520906299
0.046215872316776464
0.046215872316776464
0.03719381421493987
0.029110454209924985
0.02838317080711325
0.02892109091936921
0.021339615462347864
0.029450252240058036
0.02845264700008556
0.030629971214414884
0.02877464538750549
0.029086839519053078
0.02097608718633031
0.026099008375313135
0.03893497059587389
0.027716650176638116
0.04070175192784518
0.027225871199043468
0.018502021526995427
0.02753431369511721
0.02782244175711336
0.03219125057299001
0.0270567579959364
0.024498130732681603
0.03193947994072611
0.021333993781978887
0.02097042459140842
0.022825194524678714
0.017555653670957932
0.027587276115470256
0.022061169635271653
0.01979983950732276
0.020457820646697655
0.023528194963000716
0.022462600803313155
0.023501745697188502
0.029937289397542675
0.023094670086478194
0.026125607533225167
0.023136799831409007
0.023732689648556213
0.024084438992431387
0.026507187580379347
0.044344683796322594
0.03275190367324588
0.02460989422785739
0.029045717035963512
0.03242863895681997
0.025590960706661767
0.04441284802043811
0.028589126239530742
0.02489364428174061
0.032354067401999295
0.02449212448729668
0.02648612575023435
0.030082289137450667
0.029695715239892402
0.027986204869036253
0.0523714029280624
0.02665742297268783
0.028687043094735902
0.02807892363615489
0.025394692337722517
0.02380748312784514
0.0516203613501663
0.024085847355308942
0.02389709360994554
0.01637992601764078
0.05815185980754904
0.02952897092948357
0.02952897092948357
0.02952897092948357
0.02952897092948357
0.02952897092948357
0.02952897092948357
0.02952897092948357
0.02952897092948357
0.02952897092948357
0.02952897092948357
0.02952897092948357
0.02952897092948357
0.02952897092948357
0.02952897092948357
0.02952897092948357
0.02952897092948357
0.02952897092948357
0.02952897092948357
0.02952897092948357
0.02952897092948357
0.02952897092948357
0.02952897092948357
0.02952897092948357
0.02952897092948357
0.02952897092948357
0.02952897092948357
0.02952897092948357
0.02952897092948357
0.02952897092948357
0.02952897092948357
0.02952897092948357
0.02952897092948357
0.02952897092948357
0.02952897092948357
